,stationid_o,stationid_d,Eudistance
0,1,1,0.0
1,1,2,15549.01804571
2,1,3,14167.41809503
3,1,4,7177.77529794
4,1,5,12860.8240572
5,1,6,8462.92364923
6,1,7,7679.00779815
7,1,8,12098.26821071
8,1,9,13257.7477129
9,1,10,2434.68293473
10,1,11,1131.11830745
11,1,12,1199.34437694
12,1,13,3811.5583675
13,1,14,14401.75935537
14,1,15,11335.4056126
15,1,16,4913.0711601
16,1,17,16698.7608763
17,1,18,9281.6939394
18,1,19,3543.99521724
19,1,20,2416.38914788
20,1,21,10082.09069084
21,1,22,18518.13423274
22,1,23,10203.46364356
23,1,24,6238.36543554
24,1,25,10419.31880235
25,1,26,9264.38982499
26,1,27,9637.6310283
27,1,28,9300.29829233
28,1,29,10095.72387746
29,1,30,9807.798981
30,1,31,10175.24587383
31,1,32,11434.01544582
32,1,33,9324.0299707
33,1,34,10029.38784579
34,1,35,13849.81898243
35,1,36,10036.54691107
36,1,37,12645.80865066
37,1,38,9568.86284713
38,1,39,7002.91026637
39,1,40,7156.84202084
40,1,41,5897.67251056
41,1,42,14971.66569548
42,1,43,17343.14284977
43,1,44,18925.28601648
44,1,45,16902.4762203
45,1,46,16557.88408834
46,1,47,16902.31354274
47,1,48,17313.12208426
48,1,49,21214.34985773
49,1,50,2644.23996969
50,1,51,19835.92943668
51,1,52,25710.76411569
52,1,53,5022.30826998
53,1,54,9384.50944945
54,1,55,11359.35143862
55,1,56,28375.13842022
56,1,57,3860.84635172
57,1,58,37606.57375808
58,1,59,14651.60243332
59,1,60,8122.66726513
60,1,61,28954.60224399
61,1,62,24232.17697828
62,1,63,33766.8793996
63,1,64,41763.55351569
64,1,65,43934.80183505
65,1,66,18410.30416827
66,1,67,20021.27850499
67,1,68,24222.48532791
68,1,69,41548.48225356
69,1,70,46474.01320206
70,1,71,45309.8979158
71,1,72,54037.8836049
72,1,73,56066.18929517
73,1,74,55400.52982787
74,1,75,26270.84503383
75,1,76,33988.54674062
76,1,77,49922.18620865
77,1,78,52319.29300865
78,2,1,15549.01804571
79,2,2,0.0
80,2,3,2227.10577492
81,2,4,8768.25206026
82,2,5,4644.2446069
83,2,6,8171.0716838
84,2,7,8601.6484423
85,2,8,5243.88616811
86,2,9,3581.70210253
87,2,10,17634.61962355
88,2,11,16609.35734844
89,2,12,14410.55179415
90,2,13,18882.347018
91,2,14,1323.5572032
92,2,15,5634.91137297
93,2,16,10754.3966853
94,2,17,1190.19342965
95,2,18,7316.08400321
96,2,19,12024.35583296
97,2,20,13156.78865636
98,2,21,6646.16080716
99,2,22,3108.67581789
100,2,23,9217.69441972
101,2,24,9914.12874418
102,2,25,12795.60047446
103,2,26,6502.73070123
104,2,27,7542.60501802
105,2,28,6796.10284193
106,2,29,11296.68267206
107,2,30,6085.59468294
108,2,31,8213.71727515
109,2,32,13800.42787773
110,2,33,6225.58606691
111,2,34,10731.91492978
112,2,35,15549.62001984
113,2,36,10131.77732355
114,2,37,14706.92745904
115,2,38,6073.05172043
116,2,39,11764.00896189
117,2,40,8963.15514955
118,2,41,10590.33156383
119,2,42,16436.67890392
120,2,43,30096.40706708
121,2,44,33708.085659
122,2,45,31452.29954411
123,2,46,30588.9750948
124,2,47,30416.13068738
125,2,48,29370.4835967
126,2,49,36065.06466628
127,2,50,16559.41830911
128,2,51,31632.27305566
129,2,52,36519.19251383
130,2,53,19389.81870415
131,2,54,10432.78370255
132,2,55,24115.40963007
133,2,56,39273.10208471
134,2,57,12674.25336724
135,2,58,47624.28835659
136,2,59,27182.15573549
137,2,60,9146.44253342
138,2,61,17459.11028722
139,2,62,11917.05476914
140,2,63,24616.06854749
141,2,64,31836.81451211
142,2,65,34506.33104308
143,2,66,3885.94256961
144,2,67,7554.88266448
145,2,68,39130.28560253
146,2,69,56832.78091775
147,2,70,61670.22797324
148,2,71,60603.26703662
149,2,72,68973.08460548
150,2,73,71225.74691365
151,2,74,70377.85238329
152,2,75,41373.88235063
153,2,76,49241.63932739
154,2,77,65025.78019121
155,2,78,67264.72586996
156,3,1,14167.41809503
157,3,2,2227.10577492
158,3,3,0.0
159,3,4,7110.96233855
160,3,5,2417.87164504
161,3,6,6272.67711922
162,3,7,6818.55018446
163,3,8,3047.75077889
164,3,9,1365.01588231
165,3,10,16107.49670666
166,3,11,15176.83622351
167,3,12,12991.59803816
168,3,13,17296.70573532
169,3,14,1077.5637041
170,3,15,3518.84427559
171,3,16,9270.02757667
172,3,17,3291.11536703
173,3,18,5384.67029515
174,3,19,10625.00889532
175,3,20,11751.25117685
176,3,21,4645.22249777
177,3,22,5164.74963228
178,3,23,7029.2248587
179,3,24,9036.89865789
180,3,25,10586.49752437
181,3,26,5715.06976329
182,3,27,5497.0091788
183,3,28,6229.92012003
184,3,29,9096.16835666
185,3,30,4392.9837927
186,3,31,6053.05187477
187,3,32,11576.93751911
188,3,33,5051.45825606
189,3,34,8535.97834766
190,3,35,13330.62798434
191,3,36,7939.94144737
192,3,37,12480.18432436
193,3,38,4612.6795613
194,3,39,11335.4044788
195,3,40,8157.75740521
196,3,41,9769.71686663
197,3,42,14230.85467219
198,3,43,28062.30888339
199,3,44,31909.134564
200,3,45,29620.37899735
201,3,46,28683.75449791
202,3,47,28450.78027058
203,3,48,27290.08996968
204,3,49,34270.9817025
205,3,50,14911.93632589
206,3,51,29522.38384194
207,3,52,34343.76184262
208,3,53,17679.40990058
209,3,54,8271.29534727
210,3,55,22138.04845756
211,3,56,37094.56340298
212,3,57,11000.32843992
213,3,58,45410.29287283
214,3,59,25152.77905072
215,3,60,7172.74493384
216,3,61,19661.17377432
217,3,62,14124.26717279
218,3,63,26729.62390242
219,3,64,34018.02537779
220,3,65,36671.2613958
221,3,66,6112.76973634
222,3,67,9715.91679691
223,3,68,37338.98607596
224,3,69,55128.11921708
225,3,70,59925.33961957
226,3,71,58898.82996065
227,3,72,67140.88885619
228,3,73,69459.70392553
229,3,74,68555.85529387
230,3,75,39629.15727212
231,3,76,47533.69850573
232,3,77,63245.84750998
233,3,78,65436.6918773
234,4,1,7177.77529794
235,4,2,8768.25206026
236,4,3,7110.96233855
237,4,4,0.0
238,4,5,5686.65246895
239,4,6,1540.39120762
240,4,7,729.98674479
241,4,8,4935.54753708
242,4,9,6104.03774036
243,4,10,9003.71981982
244,4,11,8127.51550652
245,4,12,5981.02770445
246,4,13,10186.14021914
247,4,14,7513.29723631
248,4,15,4169.73692138
249,4,16,2297.5329832
250,4,17,9955.9352988
251,4,18,2175.73832058
252,4,19,3717.49884407
253,4,20,4786.41208311
254,4,21,2942.38279055
255,4,22,11858.38644116
256,4,23,4293.36883483
257,4,24,4034.78659994
258,4,25,6826.7672281
259,4,26,3765.60694158
260,4,27,2712.36987673
261,4,28,4358.35258825
262,4,29,5565.44303521
263,4,30,2722.64684921
264,4,31,3684.97613111
265,4,32,8138.17125556
266,4,33,2987.49791284
267,4,34,5124.52798847
268,4,35,10671.38313724
269,4,36,4724.05114837
270,4,37,9446.4138273
271,4,38,2736.56489981
272,4,39,7066.77033187
273,4,40,3872.42059994
274,4,41,4682.1572874
275,4,42,11843.8802354
276,4,43,21674.34362253
277,4,44,24945.67992238
278,4,45,22704.24977679
279,4,46,21904.52837377
280,4,47,21824.6110335
281,4,48,21120.94769483
282,4,49,27300.88006608
283,4,50,7813.98005248
284,4,51,23500.76465482
285,4,52,28795.81801334
286,4,53,10623.44325401
287,4,54,4372.89952125
288,4,55,15582.2819499
289,4,56,31556.59286398
290,4,57,3910.66474975
291,4,58,40335.79536921
292,4,59,18765.61947107
293,4,60,2005.02775546
294,4,61,24386.18635649
295,4,62,19139.29104402
296,4,63,30404.47501146
297,4,64,38182.57816625
298,4,65,40621.54014273
299,4,66,12138.94983579
300,4,67,14637.26389826
301,4,68,30365.01555139
302,4,69,48074.68440498
303,4,70,52903.47294683
304,4,71,51845.49248294
305,4,72,60215.77862461
306,4,73,62457.55248921
307,4,74,61617.06069784
308,4,75,32606.3821883
309,4,76,40481.9364094
310,4,77,56257.82779232
311,4,78,58506.09513288
312,5,1,12860.8240572
313,5,2,4644.2446069
314,5,3,2417.87164504
315,5,4,5686.65246895
316,5,5,0.0
317,5,6,4492.53042504
318,5,7,5205.98986263
319,5,8,803.38261911
320,5,9,1075.68344703
321,5,10,14583.06580949
322,5,11,13786.71962333
323,5,12,11662.48561089
324,5,13,15683.83133803
325,5,14,3416.3116214
326,5,15,1534.93491611
327,5,16,7977.25039929
328,5,17,5690.76193501
329,5,18,3615.56821841
330,5,19,9392.75261028
331,5,20,10472.89193797
332,5,21,2806.19891906
333,5,22,7524.73137545
334,5,23,4669.46810826
335,5,24,8565.58494894
336,5,25,8185.66758091
337,5,26,5699.34623525
338,5,27,3473.86399023
339,5,28,6400.84209531
340,5,29,6709.06953022
341,5,30,3272.71641478
342,5,31,3758.77127014
343,5,32,9160.15258604
344,5,33,4644.52303394
345,5,34,6157.1074383
346,5,35,10936.81446816
347,5,36,5569.6538668
348,5,37,10066.8705671
349,5,38,3859.40801958
350,5,39,11271.10876718
351,5,40,7839.34930063
352,5,41,9323.64589872
353,5,42,11862.21623552
354,5,43,25852.15785456
355,5,44,29967.06780941
356,5,45,27644.60760283
357,5,46,26623.78175357
358,5,47,26320.55256249
359,5,48,25026.93018972
360,5,49,32330.11684885
361,5,50,13248.53452208
362,5,51,27223.58832512
363,5,52,31971.26008169
364,5,53,15904.7534636
365,5,54,5949.23388621
366,5,55,20006.56066153
367,5,56,34718.36713078
368,5,57,9375.59048833
369,5,58,42999.72042242
370,5,59,22952.27153226
371,5,60,5204.43261202
372,5,61,22045.40387716
373,5,62,16516.28810357
374,5,63,29018.15837227
375,5,64,36375.26255424
376,5,65,39009.76949882
377,5,66,8530.18530356
378,5,67,12073.30916268
379,5,68,35396.39747877
380,5,69,53264.17825216
381,5,70,58013.62915303
382,5,71,57032.43369926
383,5,72,65129.85588134
384,5,73,67519.94897573
385,5,74,66555.39233846
386,5,75,37736.39175176
387,5,76,45672.87979934
388,5,77,61293.75209713
389,5,78,63430.89788351
390,6,1,8462.92364923
391,6,2,8171.0716838
392,6,3,6272.67711922
393,6,4,1540.39120762
394,6,5,4492.53042504
395,6,6,0.0
396,6,7,840.22775258
397,6,8,3699.25526628
398,6,9,5101.05696209
399,6,10,10095.85262848
400,6,11,9339.96768979
401,6,12,7265.25241826
402,6,13,11191.94843768
403,6,14,6860.93381069
404,6,15,2962.02234678
405,6,16,3722.89592975
406,6,17,9356.20505576
407,6,18,896.05755032
408,6,19,5126.92165593
409,6,20,6132.27632164
410,6,21,1693.02190869
411,6,22,11277.87333165
412,6,23,2889.303824
413,6,24,5482.8780811
414,6,25,5889.12120262
415,6,26,4418.74742247
416,6,27,1202.5686876
417,6,28,5136.00848666
418,6,29,4479.17813414
419,6,30,2211.24118375
420,6,31,2162.53588079
421,6,32,7174.58070073
422,6,33,3326.64216711
423,6,34,3967.0782486
424,6,35,9609.82881879
425,6,36,3475.08017506
426,6,37,8431.46736113
427,6,38,2661.13579685
428,6,39,8513.06526159
429,6,40,5182.26979364
430,6,41,6164.42157296
431,6,42,10755.08352739
432,6,43,21952.88589351
433,6,44,25637.19348481
434,6,45,23348.1888118
435,6,46,22432.39347039
436,6,47,22245.08099549
437,6,48,21284.72583291
438,6,49,27999.30525983
439,6,50,8760.04756498
440,6,51,23601.09333982
441,6,52,28713.1600857
442,6,53,11452.79583602
443,6,54,3280.3383861
444,6,55,15946.28879489
445,6,56,31476.16804489
446,6,57,4884.00526699
447,6,58,40108.81428528
448,6,59,19037.14065511
449,6,60,1075.29594178
450,6,61,24526.21849812
451,6,62,19165.05446569
452,6,63,30828.90126031
453,6,64,38515.32104216
454,6,65,41011.73120512
455,6,66,11786.80957499
456,6,67,14629.72861618
457,6,68,31067.36754427
458,6,69,48875.32656654
459,6,70,53659.751645
460,6,71,52645.52947701
461,6,72,60870.03767396
462,6,73,63189.69034239
463,6,74,62283.96024081
464,6,75,33366.13840201
465,6,76,41281.16546655
466,6,77,56974.3354707
467,6,78,59165.32122711
468,7,1,7679.00779815
469,7,2,8601.6484423
470,7,3,6818.55018446
471,7,4,729.98674479
472,7,5,5205.98986263
473,7,6,840.22775258
474,7,7,0.0
475,7,8,4428.81022544
476,7,9,5723.85700151
477,7,10,9387.72958534
478,7,11,8583.47533734
479,7,12,6479.75620911
480,7,13,10521.60548859
481,7,14,7314.55174134
482,7,15,3672.04371752
483,7,16,2890.34769868
484,7,17,9791.75840399
485,7,18,1602.96829971
486,7,19,4300.8239758
487,7,20,5324.99575546
488,7,21,2407.22045959
489,7,22,11707.98254541
490,7,23,3571.15236517
491,7,24,4752.62561296
492,7,25,6244.19747403
493,7,26,4146.85361403
494,7,27,2039.26588262
495,7,28,4804.06482304
496,7,29,4927.53660148
497,7,30,2519.49811295
498,7,31,2958.90720284
499,7,32,7551.02410654
500,7,33,3202.82287234
501,7,34,4462.96327989
502,7,35,10055.15128528
503,7,36,4035.71595243
504,7,37,8844.31282698
505,7,38,2741.89040956
506,7,39,7786.35578179
507,7,40,4543.0642302
508,7,41,5408.48552057
509,7,42,11219.7408654
510,7,43,21640.9178892
511,7,44,25121.12437568
512,7,45,22854.11471451
513,7,46,21994.69311379
514,7,47,21860.91870853
515,7,48,21032.02431581
516,7,49,27480.71499782
517,7,50,8110.56308546
518,7,51,23383.19291886
519,7,52,28595.61028134
520,7,53,10860.86000282
521,7,54,3725.14948408
522,7,55,15585.64269934
523,7,56,31358.30185098
524,7,57,4204.13838681
525,7,58,40073.20671662
526,7,59,18726.76233959
527,7,60,1342.61962784
528,7,61,24590.430073
529,7,62,19287.71104554
530,7,63,30738.4142165
531,7,64,38477.8474483
532,7,65,40942.64837826
533,7,66,12100.10596642
534,7,67,14765.4907258
535,7,68,30547.74086403
536,7,69,48311.57818688
537,7,70,53117.47719262
538,7,71,52082.38847031
539,7,72,60377.51305646
540,7,73,62659.62102154
541,7,74,61785.37129733
542,7,75,32819.61825888
543,7,76,40717.25639331
544,7,77,56451.37922211
545,7,78,58670.26033593
546,8,1,12098.26821071
547,8,2,5243.88616811
548,8,3,3047.75077889
549,8,4,4935.54753708
550,8,5,803.38261911
551,8,6,3699.25526628
552,8,7,4428.81022544
553,8,8,0.0
554,8,9,1687.56287608
555,8,10,13794.09723026
556,8,11,13012.28338749
557,8,12,10899.15741996
558,8,13,14887.5509605
559,8,14,3961.54543892
560,8,15,766.23987007
561,8,16,7231.93298626
562,8,17,6338.47617996
563,8,18,2830.63992259
564,8,19,8650.71438179
565,8,20,9719.7867964
566,8,21,2022.20423585
567,8,22,8206.14246551
568,8,23,3981.55788758
569,8,24,7993.40110464
570,8,25,7552.27475535
571,8,26,5316.44477119
572,8,27,2670.6505615
573,8,28,6052.85894801
574,8,29,6053.474847
575,8,30,2665.75589673
576,8,31,3018.86829394
577,8,32,8580.10239172
578,8,33,4184.68081464
579,8,34,5490.58004738
580,8,35,10471.59723428
581,8,36,4892.98848214
582,8,37,9546.46997389
583,8,38,3333.28322738
584,8,39,10779.96494574
585,8,40,7317.2117577
586,8,41,8749.80408955
587,8,42,11440.1923643
588,8,43,25093.70121236
589,8,44,29168.24664684
590,8,45,26847.97662416
591,8,46,25835.70837405
592,8,47,25543.51598316
593,8,48,24286.00164742
594,8,49,31531.35997162
595,8,50,12450.27023067
596,8,51,26498.34994906
597,8,52,31296.02775356
598,8,53,15101.75057892
599,8,54,5230.67712176
600,8,55,19228.66654261
601,8,56,34046.84119464
602,8,57,8583.25263033
603,8,58,42381.68989441
604,8,59,22190.68445574
605,8,60,4401.2988688
606,8,61,22538.29724344
607,8,62,17025.95114827
608,8,63,29404.09360166
609,8,64,36826.25927383
610,8,65,39438.95637878
611,8,66,9117.04026885
612,8,67,12546.48737416
613,8,68,34597.90472784
614,8,69,52462.36720269
615,8,70,57213.95015247
616,8,71,56230.75322793
617,8,72,64337.94675644
618,8,73,66722.08847499
619,8,74,65762.45236615
620,8,75,36935.35751142
621,8,76,44870.85623588
622,8,77,60496.64806017
623,8,78,62638.42446447
624,9,1,13257.7477129
625,9,2,3581.70210253
626,9,3,1365.01588231
627,9,4,6104.03774036
628,9,5,1075.68344703
629,9,6,5101.05696209
630,9,7,5723.85700151
631,9,8,1687.56287608
632,9,9,0.0
633,9,10,15096.16000342
634,9,11,14228.71494888
635,9,12,12067.19915566
636,9,13,16245.08104549
637,9,14,2340.76422195
638,9,15,2220.66315725
639,9,16,8345.0411405
640,9,17,4655.34588434
641,9,18,4204.99947153
642,9,19,9737.97639059
643,9,20,10847.02093196
644,9,21,3424.82550311
645,9,22,6518.58003801
646,9,23,5666.95642096
647,9,24,8530.90262639
648,9,25,9221.7084833
649,9,26,5413.35514526
650,9,27,4225.08323186
651,9,28,6046.85848389
652,9,29,7731.34689367
653,9,30,3465.14454924
654,9,31,4702.68530918
655,9,32,10218.85895984
656,9,33,4512.54784822
657,9,34,7171.74515276
658,9,35,12012.49654562
659,9,36,6576.56373413
660,9,37,11138.96904595
661,9,38,3874.54110473
662,9,39,11070.20546176
663,9,40,7725.94426566
664,9,41,9283.54777548
665,9,42,12935.66151641
666,9,43,26752.4423638
667,9,44,30713.99543269
668,9,45,28409.45534675
669,9,46,27435.65281386
670,9,47,27172.96982489
671,9,48,25960.41706852
672,9,49,33076.97766895
673,9,50,13832.4454387
674,9,51,28180.68250864
675,9,52,32981.81356966
676,9,53,16552.57483879
677,9,54,6917.43637732
678,9,55,20857.98993937
679,9,56,35731.9635776
680,9,57,9927.99503134
681,9,58,44046.75161242
682,9,59,23846.11062894
683,9,60,5934.4299494
684,9,61,20969.72671314
685,9,62,15440.81302581
686,9,63,27956.83609796
687,9,64,35301.75057891
688,9,65,37939.03467181
689,9,66,7466.17062761
690,9,67,10998.89503177
691,9,68,36144.85170344
692,9,69,53972.81621812
693,9,70,58748.17834156
694,9,71,57742.72908116
695,9,72,65918.7548109
696,9,73,68270.19526005
697,9,74,67338.56201502
698,9,75,38458.30182515
699,9,76,46378.96761413
700,9,77,62050.28773369
701,9,78,64216.82866388
702,10,1,2434.68293473
703,10,2,17634.61962355
704,10,3,16107.49670666
705,10,4,9003.71981982
706,10,5,14583.06580949
707,10,6,10095.85262848
708,10,7,9387.72958534
709,10,8,13794.09723026
710,10,9,15096.16000342
711,10,10,0.0
712,10,11,1350.52928563
713,10,12,3323.71035351
714,10,13,1378.00746271
715,10,14,16437.5994076
716,10,15,13048.51551766
717,10,16,6880.91177028
718,10,17,18803.60558348
719,10,18,10967.56207771
720,10,19,5655.15633344
721,10,20,4547.45360978
722,10,21,11776.87298187
723,10,22,20658.84304919
724,10,23,11342.81434656
725,10,24,8625.32953158
726,10,25,10776.6950264
727,10,26,11512.30675453
728,10,27,11201.93920917
729,10,28,11611.61033366
730,10,29,10795.70759411
731,10,30,11714.5911696
732,10,31,11524.09523544
733,10,32,11585.79712319
734,10,33,11445.04635936
735,10,34,10857.06506614
736,10,35,13772.8269221
737,10,36,10994.45724308
738,10,37,12660.5425536
739,10,38,11578.84407312
740,10,39,9396.17628748
741,10,40,9519.64297896
742,10,41,8319.54619454
743,10,42,14811.43762641
744,10,43,14996.6936017
745,10,44,16524.80953723
746,10,45,14477.63130078
747,10,46,14125.10372206
748,10,47,14492.1612125
749,10,48,15049.73269234
750,10,49,18827.05865391
751,10,50,1693.09267618
752,10,51,17574.06034214
753,10,52,23509.18111794
754,10,53,2696.53365916
755,10,54,10321.39625795
756,10,55,9110.93237717
757,10,56,26143.08026646
758,10,57,5216.12114019
759,10,58,35417.63289657
760,10,59,12365.16167454
761,10,60,9550.38129435
762,10,61,31386.72137074
763,10,62,26639.42845143
764,10,63,36173.28098638
765,10,64,44174.59782753
766,10,65,46328.71094654
767,10,66,20652.19780038
768,10,67,22396.51809927
769,10,68,21848.68741149
770,10,69,39283.57777871
771,10,70,44181.82196021
772,10,71,43049.8308903
773,10,72,51689.95773251
774,10,73,53766.98671404
775,10,74,53060.60610395
776,10,75,23939.48711154
777,10,76,31708.4745197
778,10,77,47606.82150288
779,10,78,49972.51272234
780,11,1,1131.11830745
781,11,2,16609.35734844
782,11,3,15176.83622351
783,11,4,8127.51550652
784,11,5,13786.71962333
785,11,6,9339.96768979
786,11,7,8583.47533734
787,11,8,13012.28338749
788,11,9,14228.71494888
789,11,10,1350.52928563
790,11,11,0.0
791,11,12,2198.83188197
792,11,13,2710.69705826
793,11,14,15444.78676113
794,11,15,12254.46973708
795,11,16,5906.81268987
796,11,17,17765.90186983
797,11,18,10183.75856947
798,11,19,4585.14078268
799,11,20,3452.58318672
800,11,21,10990.44028675
801,11,22,19597.12483625
802,11,23,10879.91015097
803,11,24,7369.28246201
804,11,25,10750.49958112
805,11,26,10369.19641621
806,11,27,10491.38385041
807,11,28,10420.76689896
808,11,29,10578.60456339
809,11,30,10798.00365405
810,11,31,10941.16086908
811,11,32,11678.08579254
812,11,33,10389.9523016
813,11,34,10568.54333745
814,11,35,14000.71985083
815,11,36,10633.1120742
816,11,37,12833.57754111
817,11,38,10596.62708835
818,11,39,8045.93002048
819,11,40,8285.66522843
820,11,41,7024.84567615
821,11,42,15088.37237717
822,11,43,16339.34764365
823,11,44,17796.08294162
824,11,45,15781.57472069
825,11,46,15464.36212418
826,11,47,15842.31657555
827,11,48,16368.15786669
828,11,49,20083.67111992
829,11,50,2120.67112058
830,11,51,18892.73095149
831,11,52,24808.26133105
832,11,53,4022.20576067
833,11,54,9967.88839331
834,11,55,10420.62098427
835,11,56,27453.34957059
836,11,57,4562.68173617
837,11,58,36713.84789981
838,11,59,13690.16223949
839,11,60,8911.53493499
840,11,61,30070.86635814
841,11,62,25361.6278905
842,11,63,34823.41485593
843,11,64,42825.32868734
844,11,65,44978.18172494
845,11,66,19517.43180821
846,11,67,21152.15497289
847,11,68,23091.36716959
848,11,69,40430.69868147
849,11,70,45351.47239019
850,11,71,44193.18424318
851,11,72,52908.12828555
852,11,73,54942.66934975
853,11,74,54271.53275531
854,11,75,25142.26577871
855,11,76,32867.66151087
856,11,77,48796.13198896
857,11,78,51189.62602513
858,12,1,1199.34437694
859,12,2,14410.55179415
860,12,3,12991.59803816
861,12,4,5981.02770445
862,12,5,11662.48561089
863,12,6,7265.25241826
864,12,7,6479.75620911
865,12,8,10899.15741996
866,12,9,12067.19915566
867,12,10,3323.71035351
868,12,11,2198.83188197
869,12,12,0.0
870,12,13,4675.27118276
871,12,14,13247.49936796
872,12,15,10136.47598194
873,12,16,3726.13592245
874,12,17,15567.61891973
875,12,18,8082.39215273
876,12,19,2386.31798234
877,12,20,1253.90551474
878,12,21,8882.76076125
879,12,22,17401.65978249
880,12,23,9063.72894127
881,12,24,5337.64354771
882,12,25,9491.8986993
883,12,26,8199.21788483
884,12,27,8442.3910504
885,12,28,8287.90220794
886,12,29,9064.09973479
887,12,30,8622.58900077
888,12,31,9000.69414477
889,12,32,10566.84667471
890,12,33,8192.03934278
891,12,34,8962.99092037
892,12,35,13044.14170726
893,12,36,8937.23418496
894,12,37,11816.34886142
895,12,38,8402.75531734
896,12,39,6550.36106439
897,12,40,6209.66398404
898,12,41,5102.40442545
899,12,42,14189.16650445
900,12,43,17877.75609733
901,12,44,19833.49657133
902,12,45,17754.2756483
903,12,46,17305.86862536
904,12,47,17559.43090507
905,12,48,17739.63621014
906,12,49,22143.03676054
907,12,50,2911.20543861
908,12,51,20252.2438972
909,12,52,26046.54756244
910,12,53,5662.102217
911,12,54,8295.16360043
912,12,55,11804.42287817
913,12,56,28739.4379778
914,12,57,2757.0869716
915,12,58,37913.20530636
916,12,59,15116.85235766
917,12,60,6944.06666598
918,12,61,28169.23693383
919,12,62,23353.21081723
920,12,63,33183.06591127
921,12,64,41161.3778464
922,12,65,43379.32944029
923,12,66,17345.60961413
924,12,67,19083.71470956
925,12,68,25169.10619546
926,12,69,42591.06853025
927,12,70,47498.16665515
928,12,71,46355.73561175
929,12,72,55013.51119151
930,12,73,57085.32461517
931,12,74,56384.30862264
932,12,75,27262.44224273
933,12,76,35020.65323948
934,12,77,50928.26111218
935,12,78,53296.12333275
936,13,1,3811.5583675
937,13,2,18882.347018
938,13,3,17296.70573532
939,13,4,10186.14021914
940,13,5,15683.83133803
941,13,6,11191.94843768
942,13,7,10521.60548859
943,13,8,14887.5509605
944,13,9,16245.08104549
945,13,10,1378.00746271
946,13,11,2710.69705826
947,13,12,4675.27118276
948,13,13,0.0
949,13,14,17666.68622417
950,13,15,14153.80672766
951,13,16,8135.74333136
952,13,17,20057.64945838
953,13,18,12076.71573939
954,13,19,6965.41678017
955,13,20,5876.91282619
956,13,21,12883.12240324
957,13,22,21925.90652915
958,13,23,12210.95576533
959,13,24,9995.13688284
960,13,25,11274.91999489
961,13,26,12834.98121817
962,13,27,12258.40244396
963,13,28,12955.94657419
964,13,29,11465.23617116
965,13,30,12907.66972294
966,13,31,12484.12363649
967,13,32,11960.41709334
968,13,33,12721.90840202
969,13,34,11587.07722432
970,13,35,13987.84202625
971,13,36,11783.76882012
972,13,37,12942.550864
973,13,38,12813.07288109
974,13,39,10747.77587139
975,13,40,10882.29724643
976,13,41,9696.80369005
977,13,42,14966.63905967
978,13,43,13706.10248178
979,13,44,15159.28614201
980,13,45,13101.26722182
981,13,46,12753.76891412
982,13,47,13145.76535304
983,13,48,13826.40648654
984,13,49,17467.84789186
985,13,50,2452.56530199
986,13,51,16347.22636665
987,13,52,22319.16085385
988,13,53,1588.86630295
989,13,54,11112.06128203
990,13,55,7923.81286098
991,13,56,24928.78971689
992,13,57,6318.13403449
993,13,58,34227.70982777
994,13,59,11129.92721234
995,13,60,10569.42793783
996,13,61,32764.69969004
997,13,62,28011.83081853
998,13,63,37525.31994729
999,13,64,45529.47523993
1000,13,65,47671.72654289
1001,13,66,21961.95603951
1002,13,67,23758.26229644
1003,13,68,20495.88214994
1004,13,69,37985.41088245
1005,13,70,42868.24897872
1006,13,71,41753.56510153
1007,13,72,50347.0554132
1008,13,73,52448.7350852
1009,13,74,51721.62002065
1010,13,75,22609.0693561
1011,13,76,30403.87232249
1012,13,77,46280.74890853
1013,13,78,48630.28003638
1014,14,1,14401.75935537
1015,14,2,1323.5572032
1016,14,3,1077.5637041
1017,14,4,7513.29723631
1018,14,5,3416.3116214
1019,14,6,6860.93381069
1020,14,7,7314.55174134
1021,14,8,3961.54543892
1022,14,9,2340.76422195
1023,14,10,16437.5994076
1024,14,11,15444.78676113
1025,14,12,13247.49936796
1026,14,13,17666.68622417
1027,14,14,0.0
1028,14,15,4319.22519949
1029,14,16,9559.58321948
1030,14,17,2497.30285013
1031,14,18,5999.93590605
1032,14,19,10863.1187728
1033,14,20,11996.09638988
1034,14,21,5323.38054633
1035,14,22,4418.62317887
1036,14,23,7919.35912956
1037,14,24,8958.22785836
1038,14,25,11510.1861472
1039,14,26,5555.71840056
1040,14,27,6219.04784052
1041,14,28,5958.28637863
1042,14,29,10004.46747542
1043,14,30,4808.22720465
1044,14,31,6904.32705696
1045,14,32,12538.47027921
1046,14,33,5112.36711682
1047,14,34,9436.77098718
1048,14,35,14352.83955769
1049,14,36,8834.47904476
1050,14,37,13476.43393036
1051,14,38,4858.78063429
1052,14,39,11034.79280977
1053,14,40,8033.7323417
1054,14,41,9663.97678969
1055,14,42,15269.92633908
1056,14,43,28775.37327233
1057,14,44,32433.32439569
1058,14,45,30168.5794395
1059,14,46,29288.13570606
1060,14,47,29103.98541521
1061,14,48,28046.96582388
1062,14,49,34791.9707575
1063,14,50,15321.84219509
1064,14,51,30309.3068986
1065,14,52,35208.03000822
1066,14,53,18135.48661866
1067,14,54,9121.5301959
1068,14,55,22800.74192699
1069,14,56,37963.02497315
1070,14,57,11423.9006784
1071,14,58,46338.987781
1072,14,59,25861.41936281
1073,14,60,7827.60655896
1074,14,61,18629.64244803
1075,14,62,13100.0506054
1076,14,63,25660.05327728
1077,14,64,32969.76710629
1078,14,65,35615.18269128
1079,14,66,5157.92772772
1080,14,67,8665.43480521
1081,14,68,37858.34880513
1082,14,69,55587.98078201
1083,14,70,60413.42875303
1084,14,71,59358.78618004
1085,14,72,67692.05944138
1086,14,73,69963.14023993
1087,14,74,69099.57051374
1088,14,75,40115.48368365
1089,14,76,47995.20291608
1090,14,77,63758.91195462
1091,14,78,65984.73512432
1092,15,1,11335.4056126
1093,15,2,5634.91137297
1094,15,3,3518.84427559
1095,15,4,4169.73692138
1096,15,5,1534.93491611
1097,15,6,2962.02234678
1098,15,7,3672.04371752
1099,15,8,766.23987007
1100,15,9,2220.66315725
1101,15,10,13048.51551766
1102,15,11,12254.46973708
1103,15,12,10136.47598194
1104,15,13,14153.80672766
1105,15,14,4319.22519949
1106,15,15,0.0
1107,15,16,6465.8415829
1108,15,17,6773.55937508
1109,15,18,2080.97454069
1110,15,19,7884.52190224
1111,15,20,8954.65345365
1112,15,21,1271.89511803
1113,15,22,8672.42200613
1114,15,23,3635.45507888
1115,15,24,7290.98476563
1116,15,25,7248.44985962
1117,15,26,4766.07448713
1118,15,27,2006.23291808
1119,15,28,5523.01285958
1120,15,29,5728.74048767
1121,15,30,1977.36217307
1122,15,31,2592.21095947
1123,15,32,8345.88287635
1124,15,33,3587.09537083
1125,15,34,5154.7565363
1126,15,35,10373.09600558
1127,15,36,4548.71044448
1128,15,37,9385.06875948
1129,15,38,2696.88008707
1130,15,39,10122.50854315
1131,15,40,6648.14079736
1132,15,41,8044.94536053
1133,15,42,11387.63539616
1134,15,43,24545.39208256
1135,15,44,28509.53773103
1136,15,45,26199.04475578
1137,15,46,25215.96706926
1138,15,47,24953.41657608
1139,15,48,23772.5095606
1140,15,49,30872.70720292
1141,15,50,11721.61601323
1142,15,51,26012.38442077
1143,15,52,30889.34505829
1144,15,53,14395.93894067
1145,15,54,4804.16660126
1146,15,55,18638.6430862
1147,15,56,33644.83516001
1148,15,57,7842.66930837
1149,15,58,42053.83891618
1150,15,59,21636.90976764
1151,15,60,3725.66048906
1152,15,61,22742.41663667
1153,15,62,17256.50516383
1154,15,63,29484.17273205
1155,15,64,36973.92551107
1156,15,65,39561.36413664
1157,15,66,9460.95802413
1158,15,67,12746.37653592
1159,15,68,33940.19664384
1160,15,69,51785.51030759
1161,15,70,56549.54208748
1162,15,71,55554.73042851
1163,15,72,63703.37296549
1164,15,73,66065.80804276
1165,15,74,65124.47240958
1166,15,75,36264.28353942
1167,15,76,44192.64347672
1168,15,77,59843.65761717
1169,15,78,62002.07321312
1170,16,1,4913.0711601
1171,16,2,10754.3966853
1172,16,3,9270.02757667
1173,16,4,2297.5329832
1174,16,5,7977.25039929
1175,16,6,3722.89592975
1176,16,7,2890.34769868
1177,16,8,7231.93298626
1178,16,9,8345.0411405
1179,16,10,6880.91177028
1180,16,11,5906.81268987
1181,16,12,3726.13592245
1182,16,13,8135.74333136
1183,16,14,9559.58321948
1184,16,15,6465.8415829
1185,16,16,0.0
1186,16,17,11925.64749321
1187,16,18,4460.01611809
1188,16,19,1420.1902813
1189,16,20,2503.16525703
1190,16,21,5238.21332136
1191,16,22,13790.18702558
1192,16,23,6068.42290134
1193,16,24,3188.22850403
1194,16,25,7715.96296821
1195,16,26,4858.17409925
1196,16,27,4925.46455201
1197,16,28,5161.59682304
1198,16,29,6772.46838957
1199,16,30,4896.46040173
1200,16,31,5715.00269989
1201,16,32,8988.94648137
1202,16,33,4593.1772066
1203,16,34,6472.01043631
1204,16,35,11587.0022162
1205,16,36,6236.65341624
1206,16,37,10323.38309792
1207,16,38,4701.66521665
1208,16,39,5893.24567712
1209,16,40,3611.54219466
1210,16,41,3534.91946551
1211,16,42,12777.04682238
1212,16,43,20370.24069111
1213,16,44,23131.33177085
1214,16,45,20950.75024184
1215,16,46,20288.9438019
1216,16,47,20339.69221087
1217,16,48,19972.39776147
1218,16,49,25472.08624327
1219,16,50,5878.58138035
1220,16,51,22419.90591247
1221,16,52,27936.70493276
1222,16,53,8764.16383633
1223,16,54,5710.80486733
1224,16,55,14227.19016492
1225,16,56,30682.21894716
1226,16,57,2252.15214409
1227,16,58,39641.76397887
1228,16,59,17495.10190472
1229,16,60,3715.23613202
1230,16,61,25452.47012318
1231,16,62,20386.98884619
1232,16,63,31044.22217302
1233,16,64,38929.65956768
1234,16,65,41278.8331366
1235,16,66,13871.07534077
1236,16,67,15974.01141278
1237,16,68,28524.72332478
1238,16,69,46115.39801011
1239,16,70,50983.34272377
1240,16,71,49884.43404852
1241,16,72,58392.92801325
1242,16,73,60555.84789383
1243,16,74,59780.57973541
1244,16,75,30703.06820304
1245,16,76,38530.09540192
1246,16,77,54374.56355287
1247,16,78,56679.12703463
1248,17,1,16698.7608763
1249,17,2,1190.19342965
1250,17,3,3291.11536703
1251,17,4,9955.9352988
1252,17,5,5690.76193501
1253,17,6,9356.20505576
1254,17,7,9791.75840399
1255,17,8,6338.47617996
1256,17,9,4655.34588434
1257,17,10,18803.60558348
1258,17,11,17765.90186983
1259,17,12,15567.61891973
1260,17,13,20057.64945838
1261,17,14,2497.30285013
1262,17,15,6773.55937508
1263,17,16,11925.64749321
1264,17,17,0.0
1265,17,18,8497.17618289
1266,17,19,13182.39420654
1267,17,20,14313.72553829
1268,17,21,7816.49269354
1269,17,22,1921.7143522
1270,17,23,10320.03064483
1271,17,24,10979.99107085
1272,17,25,13873.48259349
1273,17,26,7582.93786118
1274,17,27,8705.82244396
1275,17,28,7819.93589939
1276,17,29,12386.54121612
1277,17,30,7275.77268701
1278,17,31,9335.76823184
1279,17,32,14844.68728318
1280,17,33,7376.23238792
1281,17,34,11826.99080927
1282,17,35,16511.50189245
1283,17,36,11231.03590386
1284,17,37,15710.15643164
1285,17,38,7254.29281746
1286,17,39,12690.10034133
1287,17,40,10019.26120974
1288,17,41,11637.89857146
1289,17,42,17362.77295332
1290,17,43,31270.31364293
1291,17,44,34897.45743334
1292,17,45,32642.416426
1293,17,46,31777.86387083
1294,17,47,31600.52004718
1295,17,48,30532.66963077
1296,17,49,37254.20672636
1297,17,50,17741.79061683
1298,17,51,32784.33532676
1299,17,52,37633.9114662
1300,17,53,20576.00714377
1301,17,54,11555.5059293
1302,17,55,25297.91439045
1303,17,56,40385.18618781
1304,17,57,13860.29936188
1305,17,58,48690.03104569
1306,17,59,28356.75529196
1307,17,60,10324.63046505
1308,17,61,16593.1029499
1309,17,62,11048.98378639
1310,17,63,23901.7302639
1311,17,64,31004.76773253
1312,17,65,33703.11522198
1313,17,66,2940.42778611
1314,17,67,6828.67814335
1315,17,68,40319.24386355
1316,17,69,58015.47410971
1317,17,70,62856.07179901
1318,17,71,61785.82445591
1319,17,72,70162.98098757
1320,17,73,72412.85490933
1321,17,74,71567.49702332
1322,17,75,42560.29644783
1323,17,76,50424.90221661
1324,17,77,66213.76146805
1325,17,78,68454.53811884
1326,18,1,9281.6939394
1327,18,2,7316.08400321
1328,18,3,5384.67029515
1329,18,4,2175.73832058
1330,18,5,3615.56821841
1331,18,6,896.05755032
1332,18,7,1602.96829971
1333,18,8,2830.63992259
1334,18,9,4204.99947153
1335,18,10,10967.56207771
1336,18,11,10183.75856947
1337,18,12,8082.39215273
1338,18,13,12076.71573939
1339,18,14,5999.93590605
1340,18,15,2080.97454069
1341,18,16,4460.01611809
1342,18,17,8497.17618289
1343,18,18,0.0
1344,18,19,5878.73250264
1345,18,20,6921.05044684
1346,18,21,809.4378479
1347,18,22,10418.54531302
1348,18,23,2958.59127681
1349,18,24,5813.81050737
1350,18,25,6305.28352229
1351,18,26,4180.62948804
1352,18,27,748.03410347
1353,18,28,4939.92322674
1354,18,29,4823.71241235
1355,18,30,1540.34938187
1356,18,31,1992.67565501
1357,18,32,7550.10357703
1358,18,33,2988.8774145
1359,18,34,4270.58995396
1360,18,35,9884.39185387
1361,18,36,3712.4730068
1362,18,37,8753.55470074
1363,18,38,2169.78555464
1364,18,39,8803.73981919
1365,18,40,5372.03532164
1366,18,41,6534.4997594
1367,18,42,10998.73898788
1368,18,43,22786.39182114
1369,18,44,26528.2859733
1370,18,45,24236.00937682
1371,18,46,23308.14075913
1372,18,47,23105.19653904
1373,18,48,22092.31207378
1374,18,49,28890.62857329
1375,18,50,9648.91911565
1376,18,51,24390.43048654
1377,18,52,29443.6545677
1378,18,53,12348.55983428
1379,18,54,3675.07618259
1380,18,55,16800.8283024
1381,18,56,32205.80042485
1382,18,57,5762.82255647
1383,18,58,40781.70186469
1384,18,59,19871.23991647
1385,18,60,1836.06490777
1386,18,61,23861.14186746
1387,18,62,18463.45121581
1388,18,63,30282.16675808
1389,18,64,37921.0937953
1390,18,65,40442.53884875
1391,18,66,10979.59419101
1392,18,67,13925.53190967
1393,18,68,31958.71074049
1394,18,69,49770.69304202
1395,18,70,54553.39819584
1396,18,71,53540.84429894
1397,18,72,61756.23476479
1398,18,73,64081.87392655
1399,18,74,63171.27565436
1400,18,75,34260.42374304
1401,18,76,42176.58323044
1402,18,77,57865.63313718
1403,18,78,60052.02590841
1404,19,1,3543.99521724
1405,19,2,12024.35583296
1406,19,3,10625.00889532
1407,19,4,3717.49884407
1408,19,5,9392.75261028
1409,19,6,5126.92165593
1410,19,7,4300.8239758
1411,19,8,8650.71438179
1412,19,9,9737.97639059
1413,19,10,5655.15633344
1414,19,11,4585.14078268
1415,19,12,2386.31798234
1416,19,13,6965.41678017
1417,19,14,10863.1187728
1418,19,15,7884.52190224
1419,19,16,1420.1902813
1420,19,17,13182.39420654
1421,19,18,5878.73250264
1422,19,19,0.0
1423,19,20,1133.15033113
1424,19,21,6658.38188719
1425,19,22,15020.77877122
1426,19,23,7326.46802091
1427,19,24,3385.35732516
1428,19,25,8557.54848803
1429,19,26,5871.00590085
1430,19,27,6328.34331761
1431,19,28,6030.65064595
1432,19,29,7789.71466811
1433,19,30,6278.06751044
1434,19,31,7061.85370974
1435,19,32,9777.07889233
1436,19,33,5807.9691571
1437,19,34,7557.66075691
1438,19,35,12360.59380264
1439,19,36,7394.56106075
1440,19,37,11097.22163772
1441,19,38,6024.94002869
1442,19,39,5500.76914987
1443,19,40,4109.55929805
1444,19,41,3424.84048713
1445,19,42,13544.35889025
1446,19,43,19683.7908846
1447,19,44,22076.64654859
1448,19,45,19945.22203564
1449,19,46,19384.43720899
1450,19,47,19527.46284681
1451,19,48,19394.5771618
1452,19,49,24402.65156788
1453,19,50,4867.60351339
1454,19,51,21875.97460326
1455,19,52,27519.20711752
1456,19,53,7757.35229394
1457,19,54,6818.0529189
1458,19,55,13546.20761208
1459,19,56,30247.21836792
1460,19,57,2040.07008846
1461,19,58,39305.13579485
1462,19,59,16848.01689234
1463,19,60,5023.93781013
1464,19,61,26163.55838705
1465,19,62,21220.7696554
1466,19,63,31486.86246538
1467,19,64,39421.54033844
1468,19,65,41712.93805585
1469,19,66,14999.35751889
1470,19,67,16880.11313118
1471,19,68,27442.61577866
1472,19,69,44938.21427477
1473,19,70,49831.11173366
1474,19,71,48704.73970057
1475,19,72,57303.75560386
1476,19,73,59413.29043818
1477,19,74,58681.8873509
1478,19,75,29574.15015696
1479,19,76,37361.4933987
1480,19,77,53246.13476015
1481,19,78,55587.7469996
1482,20,1,2416.38914788
1483,20,2,13156.78865636
1484,20,3,11751.25117685
1485,20,4,4786.41208311
1486,20,5,10472.89193797
1487,20,6,6132.27632164
1488,20,7,5324.99575546
1489,20,8,9719.7867964
1490,20,9,10847.02093196
1491,20,10,4547.45360978
1492,20,11,3452.58318672
1493,20,12,1253.90551474
1494,20,13,5876.91282619
1495,20,14,11996.09638988
1496,20,15,8954.65345365
1497,20,16,2503.16525703
1498,20,17,14313.72553829
1499,20,18,6921.05044684
1500,20,19,1133.15033113
1501,20,20,0.0
1502,20,21,7712.94415212
1503,20,22,16148.78618041
1504,20,23,8130.42741363
1505,20,24,4240.57053475
1506,20,25,8961.35229562
1507,20,26,6964.8841306
1508,20,27,7324.74710904
1509,20,28,7082.10285276
1510,20,29,8359.07330376
1511,20,30,7393.20818918
1512,20,31,7969.20739803
1513,20,32,10117.5102949
1514,20,33,6938.25716705
1515,20,34,8192.16427209
1516,20,35,12662.00995941
1517,20,36,8098.48041118
1518,20,37,11410.30410756
1519,20,38,7155.50758236
1520,20,39,5876.15692488
1521,20,40,5061.15841524
1522,20,41,4114.40551746
1523,20,42,13831.40415315
1524,20,43,18829.67932191
1525,20,44,21017.99833631
1526,20,45,18911.01119029
1527,20,46,18402.95671341
1528,20,47,18597.74711678
1529,20,48,18610.47157224
1530,20,49,23336.39819607
1531,20,50,3895.64411056
1532,20,51,21108.80032981
1533,20,52,26827.03827959
1534,20,53,6752.61359594
1535,20,54,7484.05270107
1536,20,55,12713.44842731
1537,20,56,29539.98123367
1538,20,57,2119.71220255
1539,20,58,38656.32604511
1540,20,59,16025.57513328
1541,20,60,5910.63937266
1542,20,61,27091.88220516
1543,20,62,22213.28221735
1544,20,63,32260.29546718
1545,20,64,40218.8658771
1546,20,65,42474.17414913
1547,20,66,16106.24700044
1548,20,67,17908.94207377
1549,20,68,26369.90720056
1550,20,69,43828.86691269
1551,20,70,48729.27215862
1552,20,71,47594.44774501
1553,20,72,56223.92289301
1554,20,73,58314.15162477
1555,20,74,57598.35246705
1556,20,75,28482.61532779
1557,20,76,36255.3365798
1558,20,77,52152.13724313
1559,20,78,54507.18380989
1560,21,1,10082.09069084
1561,21,2,6646.16080716
1562,21,3,4645.22249777
1563,21,4,2942.38279055
1564,21,5,2806.19891906
1565,21,6,1693.02190869
1566,21,7,2407.22045959
1567,21,8,2022.20423585
1568,21,9,3424.82550311
1569,21,10,11776.87298187
1570,21,11,10990.44028675
1571,21,12,8882.76076125
1572,21,13,12883.12240324
1573,21,14,5323.38054633
1574,21,15,1271.89511803
1575,21,16,5238.21332136
1576,21,17,7816.49269354
1577,21,18,809.4378479
1578,21,19,6658.38188719
1579,21,20,7712.94415212
1580,21,21,0.0
1581,21,22,9733.8996394
1582,21,23,3057.56254027
1583,21,24,6361.67415838
1584,21,25,6593.48636226
1585,21,26,4317.74395086
1586,21,27,922.6591214
1587,21,28,5092.32853961
1588,21,29,5077.18290097
1589,21,30,1412.05934006
1590,21,31,1984.24568023
1591,21,32,7785.8933485
1592,21,33,3089.79911882
1593,21,34,4504.78739414
1594,21,35,10007.66481398
1595,21,36,3911.80724722
1596,21,37,8928.99959674
1597,21,38,2181.01932609
1598,21,39,9298.21953733
1599,21,40,5828.45457157
1600,21,41,7100.7884766
1601,21,42,11086.77750785
1602,21,43,23454.01331506
1603,21,44,27291.16687595
1604,21,45,24990.80628682
1605,21,46,24039.04173973
1606,21,47,23810.62806259
1607,21,48,22726.6188314
1608,21,49,29654.01076251
1609,21,50,10452.83839251
1610,21,51,25001.20782523
1611,21,52,29983.3506449
1612,21,53,13140.05574662
1613,21,54,4008.78143377
1614,21,55,17500.10943654
1615,21,56,32743.53350206
1616,21,57,6570.91081344
1617,21,58,41253.63474324
1618,21,59,20540.79139369
1619,21,60,2527.5331139
1620,21,61,23426.27592324
1621,21,62,17990.34321712
1622,21,63,29974.54485992
1623,21,64,37558.62609544
1624,21,65,40106.36402105
1625,21,66,10378.50787638
1626,21,67,13456.38421669
1627,21,68,32721.99088261
1628,21,69,50548.82196738
1629,21,70,55323.54764383
1630,21,71,54318.61561198
1631,21,72,62505.72116131
1632,21,73,64846.93525536
1633,21,74,63923.33274058
1634,21,75,35033.48315779
1635,21,76,42955.13799343
1636,21,77,58628.10388957
1637,21,78,60802.70692301
1638,22,1,18518.13423274
1639,22,2,3108.67581789
1640,22,3,5164.74963228
1641,22,4,11858.38644116
1642,22,5,7524.73137545
1643,22,6,11277.87333165
1644,22,7,11707.98254541
1645,22,8,8206.14246551
1646,22,9,6518.58003801
1647,22,10,20658.84304919
1648,22,11,19597.12483625
1649,22,12,17401.65978249
1650,22,13,21925.90652915
1651,22,14,4418.62317887
1652,22,15,8672.42200613
1653,22,16,13790.18702558
1654,22,17,1921.7143522
1655,22,18,10418.54531302
1656,22,19,15020.77877122
