,stationid_o,stationid_d,Eudistance
0,1,1,0.0
1,1,2,7593.99670458
2,1,3,1048.43941245
3,1,4,4567.91765615
4,1,5,6863.83228877
5,1,6,5975.38642431
6,1,7,4449.59224496
7,1,8,3056.79583285
8,1,9,2203.84537732
9,1,10,4798.65907249
10,1,11,3699.39627571
11,1,12,2286.74949102
12,1,13,1022.10533895
13,1,14,4996.21353371
14,1,15,3985.21674641
15,1,16,8649.14487147
16,1,17,7960.41652122
17,1,18,7080.9667933
18,1,19,2779.33131648
19,1,20,4646.17168382
20,1,21,10541.26770153
21,1,22,12599.12168539
22,1,23,6200.17432438
23,1,24,4960.76161716
24,1,25,2878.56698407
25,1,26,10310.54334252
26,1,27,9372.4109454
27,1,28,5201.83197542
28,1,29,9338.22685092
29,1,30,6285.02500711
30,1,31,3467.90043377
31,1,32,2370.95591913
32,1,33,12262.96609822
33,1,34,3872.48760371
34,1,35,2410.1443546
35,1,36,14707.18900294
36,1,37,15325.13364841
37,1,38,4086.502672
38,1,39,7012.27877035
39,1,40,18021.53400832
40,1,41,10661.80012107
41,1,42,7676.19119024
42,1,43,23129.07492267
43,1,44,10574.50629425
44,1,45,6456.07589814
45,1,46,8818.25939943
46,1,47,28792.97178126
47,1,48,29889.25522278
48,1,49,5619.13265623
49,1,50,25312.88198548
50,1,51,4217.79386082
51,1,52,4747.03209994
52,1,53,6530.36512862
53,1,54,5576.4012566
54,1,55,21108.46124556
55,1,56,7340.59579598
56,1,57,12606.85650643
57,1,58,10460.38107281
58,1,59,6276.65615686
59,1,60,3707.30171441
60,1,61,7680.54775392
61,1,62,15419.65038355
62,1,63,4895.71506459
63,1,64,23549.67268475
64,1,65,4449.23562977
65,1,66,8648.09276024
66,1,67,12709.51974697
67,1,68,11417.3578182
68,1,69,39540.4863337
69,1,70,17184.40980931
70,1,71,49175.87240599
71,1,72,26261.89654887
72,1,73,50776.64807332
73,1,74,41087.21255522
74,1,75,28406.71128961
75,1,76,47138.44365945
76,1,77,51941.50722796
77,1,78,52539.93044335
78,1,79,30692.73146291
79,1,80,45209.79126988
80,1,81,43791.44717883
81,1,82,33229.40122903
82,1,83,11220.38572195
83,1,84,46244.77865193
84,1,85,35616.88309479
85,1,86,10747.99190555
86,1,87,14936.33869776
87,1,88,10619.34814165
88,1,89,12430.9256352
89,1,90,3012.12064307
90,1,91,1093.11814317
91,1,92,6235.24840474
92,1,93,8035.25076124
93,1,94,5423.83332397
94,1,95,2372.56586972
95,1,96,13546.34718936
96,1,97,17804.44443108
97,1,98,16616.24414688
98,1,99,4824.12438112
99,1,100,12006.30282794
100,1,101,1707.4332219
101,1,102,5028.69968296
102,1,103,18925.10893379
103,1,104,9389.14699153
104,1,105,4841.41620151
105,1,106,6921.52408311
106,1,107,1417.85965549
107,1,108,15289.13626626
108,1,109,8088.90463529
109,1,110,16555.02438037
110,1,111,8663.4778693
111,1,112,7053.97150919
112,1,113,17971.35601469
113,1,114,5113.98241607
114,1,115,20734.31663019
115,1,116,1237.81495956
116,1,117,8151.16968808
117,1,118,13475.75526053
118,1,119,22619.39001019
119,1,120,10770.73273831
120,1,121,8816.27586678
121,1,122,14581.41853654
122,1,123,1833.40734048
123,1,124,3286.32200965
124,1,125,2140.90065385
125,1,126,11773.07188292
126,1,127,1290.95368255
127,1,128,9565.29162351
128,1,129,3132.4722641
129,1,130,5726.75258281
130,1,131,18554.81901291
131,1,132,4224.85729634
132,1,133,19311.51088832
133,1,134,22206.17182595
134,1,135,18207.16496698
135,1,136,16068.992393
136,1,137,14757.05209278
137,1,138,16050.74556453
138,1,139,17168.57444214
139,1,140,15102.80128976
140,1,141,15851.53302887
141,1,142,21313.36234471
142,1,143,23058.36875777
143,1,144,19686.0132232
144,1,145,21663.64548057
145,1,146,14897.88963661
146,1,147,4674.4219857
147,1,148,7098.17285545
148,1,149,3900.37837226
149,1,150,12603.50826892
150,1,151,4052.38222719
151,1,152,6652.00888937
152,1,153,4389.12298575
153,1,154,4787.16630779
154,1,155,9300.87446377
155,1,156,7930.99187827
156,1,157,3739.84701342
157,1,158,14117.65849116
158,1,159,8839.01928724
159,1,160,10899.92876293
160,1,161,8225.69501792
161,1,162,7751.49174171
162,1,163,6045.03065456
163,1,164,6126.21403693
164,1,165,4159.00934798
165,1,166,6548.93806462
166,1,167,4931.23180743
167,1,168,29354.22131487
168,1,169,27289.86774975
169,1,170,28080.63403505
170,1,171,30612.05328503
171,1,172,28991.26656456
172,1,173,29693.589643
173,1,174,31083.11791521
174,1,175,30047.03603183
175,1,176,30891.15490764
176,1,177,28937.97662108
177,1,178,22202.03625593
178,1,179,17718.36692884
179,1,180,24296.85824711
180,1,181,29224.54765711
181,1,182,32760.90463572
182,1,183,37279.05204106
183,1,184,26454.84458053
184,1,185,19657.7931575
185,1,186,31766.17308453
186,1,187,35984.65620664
187,1,188,36557.57324949
188,1,189,34770.54742734
189,1,190,34891.66845322
190,1,191,34818.3619709
191,1,192,35060.55677869
192,1,193,34889.87256818
193,1,194,34888.0674396
194,1,195,34695.05111246
195,1,196,36759.49775105
196,1,197,36022.26868919
197,1,198,14142.29420535
198,1,199,17172.59324051
199,1,200,45307.9454413
200,1,201,29995.46774871
201,1,202,54853.31124049
202,1,203,50128.14009567
203,1,204,41788.73873641
204,1,205,34031.05264716
205,1,206,25978.95318884
206,1,207,58422.80426133
207,1,208,20068.83916873
208,1,209,7595.8403849
209,1,210,4356.91526175
210,1,211,11443.73948372
211,1,212,47418.28980192
212,1,213,55003.68503889
213,1,214,37873.3937174
214,1,215,20897.11432059
215,1,216,10666.67174626
216,1,217,15534.22298538
217,1,218,17349.52781372
218,1,219,45532.59883335
219,1,220,49829.52584745
220,1,221,12675.99029346
221,1,222,28198.01721011
222,1,223,7866.69829758
223,1,224,54543.11864525
224,1,225,12529.70918851
225,1,226,33943.43114627
226,1,227,22859.94806779
227,1,228,56673.83452175
228,1,229,40289.76140117
229,1,230,42737.52375299
230,1,231,4070.98752874
231,1,232,4004.74590794
232,1,233,4166.32499873
233,1,234,3958.76027499
234,1,235,3947.70571562
235,1,236,4286.14122145
236,1,237,3958.58434665
237,1,238,25073.51753732
238,1,239,15533.45878536
239,1,240,23410.2143155
240,1,241,6250.37319116
241,1,242,11671.65799191
242,1,243,5860.06246582
243,1,244,19994.22680763
244,1,245,19109.86008559
245,1,246,20941.99319853
246,1,247,16266.80302273
247,1,248,18174.75954316
248,1,249,24169.44624199
249,1,250,24030.19422684
250,1,251,14728.27238742
251,1,252,7594.03386132
252,1,253,6501.72623897
253,1,254,21750.97946446
254,1,255,22486.96960849
255,1,256,23866.91102982
256,1,257,16962.86137167
257,1,258,10037.70553626
258,2,1,7593.99670458
259,2,2,0.0
260,2,3,6881.83644445
261,2,4,4465.09265778
262,2,5,922.99110093
263,2,6,2195.26290423
264,2,7,11598.62195146
265,2,8,5662.61718248
266,2,9,6079.02151877
267,2,10,12337.883129
268,2,11,10797.45373069
269,2,12,9436.74222528
270,2,13,8171.00512846
271,2,14,3527.17810454
272,2,15,5382.83875491
273,2,16,1423.44097663
274,2,17,14100.62196695
275,2,18,13051.72912281
276,2,19,4890.83244425
277,2,20,9247.64350899
278,2,21,16784.92621161
279,2,22,9178.94736878
280,2,23,6397.88891886
281,2,24,4937.80664639
282,2,25,7358.244151
283,2,26,8008.39118025
284,2,27,15541.6957614
285,2,28,10458.26832542
286,2,29,7856.5590173
287,2,30,12037.76797456
288,2,31,4705.30889309
289,2,32,6696.5720366
290,2,33,18472.03541794
291,2,34,7973.46563469
292,2,35,5257.17498501
293,2,36,10497.2936062
294,2,37,10699.78772569
295,2,38,4728.42259083
296,2,39,6879.73371783
297,2,40,24266.56387121
298,2,41,17244.12979821
299,2,42,15162.96086725
300,2,43,29119.49196681
301,2,44,17375.20912564
302,2,45,13963.98731933
303,2,46,16213.15324777
304,2,47,34773.85104298
305,2,48,35884.34159301
306,2,49,13209.16934317
307,2,50,31245.38990379
308,2,51,11624.77530929
309,2,52,11795.72193827
310,2,53,9129.82020754
311,2,54,12586.16090446
312,2,55,19520.4016204
313,2,56,14682.84203512
314,2,57,11380.72431628
315,2,58,10115.29620341
316,2,59,13406.98108348
317,2,60,10122.15027
318,2,61,15262.36655013
319,2,62,13771.31468101
320,2,63,9219.67956431
321,2,64,22321.69208887
322,2,65,9789.92692364
323,2,66,9257.33297871
324,2,67,15828.40220654
325,2,68,14824.78680479
326,2,69,39148.89029728
327,2,70,19573.22734354
328,2,71,48476.28142737
329,2,72,27392.34673808
330,2,73,50222.60250937
331,2,74,40674.9756845
332,2,75,29295.04710038
333,2,76,46390.23598984
334,2,77,51971.58326894
335,2,78,52176.69843829
336,2,79,31315.48120993
337,2,80,44665.92633026
338,2,81,43195.39415154
339,2,82,33117.10979862
340,2,83,17416.60806358
341,2,84,45605.34816358
342,2,85,35384.57126878
343,2,86,16638.24225053
344,2,87,17652.90097337
345,2,88,15718.06646248
346,2,89,18849.9769063
347,2,90,9520.06576968
348,2,91,8452.65002887
349,2,92,12365.76904183
350,2,93,4583.59112104
351,2,94,5227.51272658
352,2,95,9830.81638976
353,2,96,18975.86391981
354,2,97,23318.5593091
355,2,98,22042.18827333
356,2,99,7056.68045407
357,2,100,17634.72020733
358,2,101,8077.39107133
359,2,102,6492.68365982
360,2,103,24370.85433848
361,2,104,15456.40786319
362,2,105,11121.57041278
363,2,106,5355.72683877
364,2,107,9000.748341
365,2,108,20596.31820656
366,2,109,14052.66388211
367,2,110,23843.09009077
368,2,111,16253.30104178
369,2,112,6412.42724351
370,2,113,25084.44391169
371,2,114,12707.01714098
372,2,115,27626.39205041
373,2,116,6366.95842858
374,2,117,8426.54745232
375,2,118,20982.14966582
376,2,119,29389.29011128
377,2,120,18357.12628655
378,2,121,9159.45183996
379,2,122,22007.29780079
380,2,123,5845.99944714
381,2,124,4546.26357778
382,2,125,9730.32333689
383,2,126,19333.3873223
384,2,127,7020.09357667
385,2,128,9959.25960484
386,2,129,10724.81062058
387,2,130,3979.76723544
388,2,131,25500.60244352
389,2,132,3717.75391374
390,2,133,26191.38122103
391,2,134,16100.83996121
392,2,135,12226.37021091
393,2,136,10841.00582959
394,2,137,15353.84065951
395,2,138,17348.1762262
396,2,139,11452.86681476
397,2,140,11769.18412798
398,2,141,13412.96485233
399,2,142,15470.11522237
400,2,143,16641.36060457
401,2,144,13899.57531402
402,2,145,15068.74572739
403,2,146,14286.5414761
404,2,147,2976.0903668
405,2,148,10205.29594959
406,2,149,6376.76944794
407,2,150,15977.89812051
408,2,151,4604.68378751
409,2,152,9394.68258417
410,2,153,3246.435124
411,2,154,3892.28083431
412,2,155,13529.7416464
413,2,156,12942.58741003
414,2,157,5298.41279559
415,2,158,17585.21281574
416,2,159,13899.31422096
417,2,160,14654.74559538
418,2,161,12162.94007424
419,2,162,11385.83089711
420,2,163,10668.05015514
421,2,164,8595.27291657
422,2,165,7967.87100967
423,2,166,11497.03430482
424,2,167,3072.81977586
425,2,168,34364.59544969
426,2,169,32617.11432489
427,2,170,33185.89875338
428,2,171,35500.06909066
429,2,172,33353.64598966
430,2,173,34191.22580369
431,2,174,35700.87965556
432,2,175,33742.94095124
433,2,176,34055.68213781
434,2,177,33066.367144
435,2,178,27158.6321941
436,2,179,22881.34817563
437,2,180,29282.2691888
438,2,181,34814.38443812
439,2,182,38673.50087543
440,2,183,43206.79148045
441,2,184,31749.43681697
442,2,185,24849.74385715
443,2,186,37556.34320594
444,2,187,41933.6104472
445,2,188,44020.85281347
446,2,189,42363.19370389
447,2,190,42330.88469623
448,2,191,42401.68074221
449,2,192,42588.71843679
450,2,193,42457.30416727
451,2,194,42406.49736072
452,2,195,42265.66208742
453,2,196,44117.56356228
454,2,197,43404.74559167
455,2,198,20944.57315304
456,2,199,23904.51116704
457,2,200,52696.22142438
458,2,201,37109.43885176
459,2,202,62327.37620777
460,2,203,57579.83119396
461,2,204,49142.96019981
462,2,205,41373.04253329
463,2,206,32925.24648388
464,2,207,65855.86089745
465,2,208,27019.74589488
466,2,209,11130.87018949
467,2,210,11103.25766742
468,2,211,11857.75282993
469,2,212,46071.25170597
470,2,213,53738.81872436
471,2,214,45213.10940725
472,2,215,27947.83783581
473,2,216,17104.36570396
474,2,217,22522.28651868
475,2,218,24251.77696001
476,2,219,52598.0416161
477,2,220,56826.90352906
478,2,221,19800.28945646
479,2,222,35583.59593904
480,2,223,14257.00379281
481,2,224,61464.90721668
482,2,225,19247.50284149
483,2,226,41343.87569603
484,2,227,30105.31318897
485,2,228,63548.89831484
486,2,229,47526.4140313
487,2,230,49894.23100557
488,2,231,10441.3597668
489,2,232,10596.45357358
490,2,233,10273.06249178
491,2,234,11147.51393114
492,2,235,10800.29113131
493,2,236,10069.87485891
494,2,237,11028.93140399
495,2,238,17482.94750691
496,2,239,8330.48257057
497,2,240,15860.654024
498,2,241,1545.38419232
499,2,242,4331.55143319
500,2,243,4065.40155944
501,2,244,12614.71734615
502,2,245,11670.71518342
503,2,246,13617.36641397
504,2,247,8859.24645703
505,2,248,10727.60589916
506,2,249,16594.22666479
507,2,250,16463.00528337
508,2,251,7799.0697534
509,2,252,1053.89359031
510,2,253,5624.92846258
511,2,254,14362.9819459
512,2,255,15004.04036168
513,2,256,16358.63507678
514,2,257,9465.69850664
515,2,258,2468.89337389
516,3,1,1048.43941245
517,3,2,6881.83644445
518,3,3,0.0
519,3,4,3548.45658776
520,3,5,6094.82487714
521,3,6,5112.00101532
522,3,7,5479.95114734
523,3,8,2010.64208076
524,3,9,1160.39717915
525,3,10,5705.12422154
526,3,11,4740.173864
527,3,12,3334.14113457
528,3,13,2053.95349694
529,3,14,4042.4312794
530,3,15,2937.38098171
531,3,16,8030.74047077
532,3,17,7952.81721242
533,3,18,6999.85686391
534,3,19,2340.78288683
535,3,20,4066.40375523
536,3,21,10604.72392097
537,3,22,12652.87251073
538,3,23,6436.89134764
539,3,24,4962.44237792
540,3,25,2040.2590253
541,3,26,10447.52843694
542,3,27,9397.85201902
543,3,28,4833.87251974
544,3,29,9546.97168895
545,3,30,6112.33358324
546,3,31,3256.17025881
547,3,32,1384.65656153
548,3,33,12333.26596346
549,3,34,3098.29292372
550,3,35,1626.56572566
551,3,36,14691.20435814
552,3,37,15257.41383478
553,3,38,3989.54210331
554,3,39,7272.7123954
555,3,40,18137.80401346
556,3,41,10837.11127297
557,3,42,8282.14572631
558,3,43,23196.31538663
559,3,44,10828.72872429
560,3,45,7082.28239099
561,3,46,9353.99312434
562,3,47,28871.94927901
563,3,48,29973.86824818
564,3,49,6442.97923925
565,3,50,25371.9098678
566,3,51,5199.50811248
567,3,52,5784.7273997
568,3,53,7174.93814782
569,3,54,6612.58031292
570,3,55,21520.42801467
571,3,56,8314.7371863
572,3,57,12955.44094294
573,3,58,10866.70577268
574,3,59,7296.86337619
575,3,60,4736.94048469
576,3,61,8513.99230744
577,3,62,15764.71506524
578,3,63,5705.67326314
579,3,64,24022.1649339
580,3,65,5382.95067956
581,3,66,9115.14823189
582,3,67,13567.48984858
583,3,68,12288.84439995
584,3,69,40162.28694897
585,3,70,18009.85757859
586,3,71,49777.62782072
587,3,72,27009.23637627
588,3,73,51396.47950382
589,3,74,41709.45306625
590,3,75,29136.87921912
591,3,76,47732.16575486
592,3,77,52625.34853256
593,3,78,53182.53927862
594,3,79,31402.56312208
595,3,80,45823.80730092
596,3,81,44397.57963059
597,3,82,33868.21347886
598,3,83,12268.64620874
599,3,84,46849.55583337
600,3,85,36248.27610158
601,3,86,11790.57315392
602,3,87,15776.34747961
603,3,88,11624.04568932
604,3,89,13477.52678928
605,3,90,4036.45568686
606,3,91,1579.77168783
607,3,92,7272.04540023
608,3,93,7006.14193907
609,3,94,4375.50361998
610,3,95,3367.78398528
611,3,96,14578.62535926
612,3,97,18845.380735
613,3,98,17653.32961042
614,3,99,3860.4376561
615,3,100,13042.89575892
616,3,101,1420.69541212
617,3,102,4016.53240021
618,3,103,19965.1150392
619,3,104,10433.97372137
620,3,105,5875.74916197
621,3,106,5873.37705293
622,3,107,2345.60828473
623,3,108,16319.91564866
624,3,109,9127.13823005
625,3,110,17514.01583981
626,3,111,9472.70092563
627,3,112,6016.12592085
628,3,113,18960.84797161
629,3,114,5894.45350676
630,3,115,21747.27805145
631,3,116,1001.85943257
632,3,117,7177.50943994
633,3,118,14363.09987647
634,3,119,23641.2490386
635,3,120,11583.65954325
636,3,121,7863.00131768
637,3,122,15503.73778349
638,3,123,1046.4664966
639,3,124,2405.67571082
640,3,125,2942.53383349
641,3,126,12622.90717099
642,3,127,1841.93244452
643,3,128,8632.02073751
644,3,129,3928.96627487
645,3,130,4712.76429173
646,3,131,19564.65374182
647,3,132,3338.80177562
648,3,133,20327.01363809
649,3,134,21947.83483805
650,3,135,17949.25456303
651,3,136,15918.16381568
652,3,137,15368.46401694
653,3,138,16755.520927
654,3,139,16948.84849132
655,3,140,15217.40466952
656,3,141,16099.21467913
657,3,142,21099.97082251
658,3,143,22740.41571503
659,3,144,19473.27639005
660,3,145,21302.12754186
661,3,146,15366.26028473
662,3,147,4076.98725121
663,3,148,6381.2246325
664,3,149,4232.43316599
665,3,150,12071.77703348
666,3,151,3042.63611143
667,3,152,5861.37230177
668,3,153,3636.08786717
669,3,154,4538.33570423
670,3,155,8852.70759238
671,3,156,8906.61918933
672,3,157,3779.34881984
673,3,158,13621.57315094
674,3,159,9828.20890781
675,3,160,10401.02569564
676,3,161,7691.72878853
677,3,162,7146.92522398
678,3,163,6944.01586793
679,3,164,5272.31768783
680,3,165,4821.20430589
681,3,166,7496.60638852
682,3,167,4475.98062361
683,3,168,29221.05980739
684,3,169,27216.22499358
685,3,170,27963.11622555
686,3,171,30458.07064991
687,3,172,28735.71225809
688,3,173,29464.23094991
689,3,174,30879.29577865
690,3,175,29682.80814853
691,3,176,30448.31768092
692,3,177,28641.61644004
693,3,178,23228.28708453
694,3,179,18747.32111207
695,3,180,25326.21663947
696,3,181,30271.42274385
697,3,182,33809.05242794
698,3,183,38326.8466991
699,3,184,27495.34676575
700,3,185,20690.33314582
701,3,186,32814.59581936
702,3,187,37032.34927557
703,3,188,37155.01506465
704,3,189,35514.15658744
705,3,190,35790.18467305
706,3,191,35617.61816802
707,3,192,35707.57566482
708,3,193,35711.32759475
709,3,194,35748.7231836
710,3,195,35388.9696066
711,3,196,37295.4683897
712,3,197,36939.84307982
713,3,198,14417.6293693
714,3,199,17435.038919
715,3,200,45861.7847964
716,3,201,30418.39106767
717,3,202,55459.61825521
718,3,203,50719.53296585
719,3,204,42323.94364493
720,3,205,34557.89735457
721,3,206,26334.51548873
722,3,207,59003.48174741
723,3,208,20416.62402541
724,3,209,8409.59347827
725,3,210,5405.23673283
726,3,211,11974.87854838
727,3,212,47942.76317563
728,3,213,55546.66705348
729,3,214,38802.55923681
730,3,215,21891.96416225
731,3,216,11714.11293929
732,3,217,16543.54302683
733,3,218,18365.15062956
734,3,219,46512.61418852
735,3,220,50817.61840427
736,3,221,13673.25342851
737,3,222,29118.63719549
738,3,223,8914.90497285
739,3,224,55539.1822195
740,3,225,13565.70817208
741,3,226,34856.16654842
742,3,227,23820.45271724
743,3,228,57674.48834165
744,3,229,41242.17945219
745,3,230,43704.09298427
746,3,231,5102.57078013
747,3,232,5048.01034906
748,3,233,5178.30852777
749,3,234,4988.67121822
750,3,235,4996.09939968
751,3,236,5268.16864425
752,3,237,4999.56849121
753,3,238,24352.51146761
754,3,239,14643.75889903
755,3,240,22606.71333261
756,3,241,5643.21862106
757,3,242,10833.36836719
758,3,243,5702.26148291
759,3,244,19128.20069526
760,3,245,18263.3253722
761,3,246,20060.26242316
762,3,247,15418.68912924
763,3,248,17333.06293371
764,3,249,23387.06500831
765,3,250,23344.78347672
766,3,251,13803.24851819
767,3,252,7000.57569577
768,3,253,6594.31356725
769,3,254,20883.8467833
770,3,255,21650.25660507
771,3,256,23226.69936776
772,3,257,16142.73217039
773,3,258,9284.18272055
774,4,1,4567.91765615
775,4,2,4465.09265778
776,4,3,3548.45658776
777,4,4,0.0
778,4,5,3543.05481617
779,4,6,2277.18093598
780,4,7,9017.50957941
781,4,8,1616.28905455
782,4,9,2403.31455806
783,4,10,9205.25435476
784,4,11,8262.28372376
785,4,12,6836.80123527
786,4,13,5502.31242411
787,4,14,938.96952436
788,4,15,956.58034901
789,4,16,5863.13498001
790,4,17,9692.81572492
791,4,18,8637.33141438
792,4,19,3170.62330296
793,4,20,4795.82969764
794,4,21,12362.29328215
795,4,22,12531.13576686
796,4,23,7473.19328636
797,4,24,5620.30775821
798,4,25,3097.69163742
799,4,26,10737.70587455
800,4,27,11120.28752905
801,4,28,6022.84831664
802,4,29,10140.40034338
803,4,30,7615.80605939
804,4,31,4002.90455526
805,4,32,2675.12112686
806,4,33,14034.56953498
807,4,34,3539.99041778
808,4,35,2463.3219772
809,4,36,14243.43129585
810,4,37,14613.36359017
811,4,38,4695.55002711
812,4,39,8261.18387643
813,4,40,19814.93025759
814,4,41,12876.91556519
815,4,42,11337.6815965
816,4,43,24654.41691892
817,4,44,13064.6657212
818,4,45,10206.78889908
819,4,46,12251.63771346
820,4,47,30309.2460005
821,4,48,31419.70027434
822,4,49,9854.27897968
823,4,50,26780.8557493
824,4,51,8744.95167954
825,4,52,9312.16718325
826,4,53,9293.2358837
827,4,54,10142.27319514
828,4,55,22356.2824397
829,4,56,11853.84670201
830,4,57,13801.14685495
831,4,58,12004.02192284
832,4,59,10842.0206566
833,4,60,8093.81636846
834,4,61,11913.45411476
835,4,62,16497.65164693
836,4,63,8394.30507668
837,4,64,25034.19820493
838,4,65,8422.57196057
839,4,66,10555.83419653
840,4,67,16113.87242451
841,4,68,14908.08297935
842,4,69,41601.01777137
843,4,70,20370.78539738
844,4,71,51109.67772973
845,4,72,28991.61054158
846,4,73,52792.47037872
847,4,74,43143.88368454
848,4,75,31039.86174513
849,4,76,49039.86441638
850,4,77,54263.38136203
851,4,78,54660.82946209
852,4,79,33214.80298958
853,4,80,47213.37227763
854,4,81,45762.1849757
855,4,82,35399.75206754
856,4,83,15705.17555999
857,4,84,48201.29217834
858,4,85,37739.99983789
859,4,86,15154.37793222
860,4,87,18221.26189982
861,4,88,14773.87365882
862,4,89,16963.51014581
863,4,90,7391.89741121
864,4,91,4996.63012842
865,4,92,10624.84717612
866,4,93,3471.4044733
867,4,94,1289.89297669
868,4,95,6916.23920306
869,4,96,17856.4057184
870,4,97,22174.93397108
871,4,98,20954.45633189
872,4,99,2637.79034878
873,4,100,16355.9201882
874,4,101,4234.81362844
875,4,102,2152.35498416
876,4,103,23284.44650011
877,4,104,13823.9372407
878,4,105,9232.75368047
879,4,106,2573.57967869
880,4,107,5887.13207026
881,4,108,19581.41019709
882,4,109,12472.88362035
883,4,110,21035.28207227
884,4,111,12830.69160776
885,4,112,3136.43529132
886,4,113,22503.98270684
887,4,114,9264.97617895
888,4,115,25295.4613107
889,4,116,3694.07878077
890,4,117,4930.96665371
891,4,118,17805.11552951
892,4,119,27186.24822979
893,4,120,14930.48891465
894,4,121,5711.75700546
895,4,122,18987.89880613
896,4,123,2865.72623798
897,4,124,1659.54373854
898,4,125,6414.79348615
899,4,126,16018.53998029
900,4,127,4779.69741818
901,4,128,6560.57795763
902,4,129,7364.70822279
903,4,130,1166.14186307
904,4,131,23113.09615668
905,4,132,1300.5674809
906,4,133,23874.66009409
907,4,134,20505.18513574
908,4,135,16583.30632668
909,4,136,14969.80045634
910,4,137,17014.79247803
911,4,138,18696.9941998
912,4,139,15736.79240659
913,4,140,15191.72182601
914,4,141,16493.52842074
915,4,142,19820.29917609
916,4,143,21089.93225644
917,4,144,18225.90501846
918,4,145,19529.00318667
919,4,146,16526.89545757
920,4,147,3004.75135408
921,4,148,5879.75788514
922,4,149,5976.5155651
923,4,150,11791.88402042
924,4,151,529.45636236
925,4,152,5093.10051681
926,4,153,2115.46870642
927,4,154,4554.60779379
928,4,155,9131.85347253
929,4,156,11972.43161385
930,4,157,4943.78586335
931,4,158,13407.42653557
932,4,159,12931.93836674
933,4,160,10356.55121209
934,4,161,7774.65015501
935,4,162,7019.21973125
936,4,163,9810.66836491
937,4,164,4289.31032029
938,4,165,7234.24502038
939,4,166,10497.15423295
940,4,167,3784.66127194
941,4,168,29986.23870536
942,4,169,28193.59217488
943,4,170,28791.25783753
944,4,171,31143.73106703
945,4,172,29092.39604927
946,4,173,29904.27535474
947,4,174,31394.13243114
948,4,175,29645.62335527
949,4,176,30114.08772564
950,4,177,28856.78900088
951,4,178,26441.69022243
952,4,179,21989.27642796
953,4,180,28556.14683421
954,4,181,33656.58368066
955,4,182,37261.66769598
956,4,183,41787.15393772
957,4,184,30808.40756296
958,4,185,23951.27450862
959,4,186,36243.80789944
960,4,187,40494.86037373
961,4,188,39966.39937205
962,4,189,38659.52533022
963,4,190,39225.11285386
964,4,191,38876.15565646
965,4,192,38638.90217445
966,4,193,39012.49682668
967,4,194,39121.12341282
968,4,195,38427.05227692
969,4,196,39955.82115585
970,4,197,40402.88575002
971,4,198,16600.80201789
972,4,199,19526.1320657
973,4,200,48549.02222291
974,4,201,32814.32138699
975,4,202,58264.84307884
976,4,203,53493.33681994
977,4,204,44970.79152204
978,4,205,37203.15804144
979,4,206,28576.62997905
980,4,207,61741.33366071
981,4,208,22690.1973873
982,4,209,10952.0061262
983,4,210,8869.00688058
984,4,211,13461.81030866
985,4,212,48993.27535415
986,4,213,56645.11331745
987,4,214,42281.3118638
988,4,215,25437.26323566
989,4,216,15192.94646105
990,4,217,20091.98925729
991,4,218,21912.72844436
992,4,219,50047.34687065
993,4,220,54358.06948345
994,4,221,17220.11088986
995,4,222,32589.18104288
996,4,223,12358.54439231
997,4,224,59084.03695422
998,4,225,17093.98148557
999,4,226,38312.95904155
1000,4,227,27340.54967446
1001,4,228,61221.19364397
1002,4,229,44749.92388284
1003,4,230,47226.87308469
1004,4,231,8459.99159181
1005,4,232,8464.45206115
1006,4,233,8460.3145904
1007,4,234,8526.65679161
1008,4,235,8474.70569849
1009,4,236,8451.59845803
1010,4,237,8520.85192383
1011,4,238,21429.16187618
1012,4,239,11313.75421558
1013,4,240,19462.7949214
1014,4,241,3921.97868653
1015,4,242,7699.53554599
1016,4,243,5660.76831839
1017,4,244,15835.95994143
1018,4,245,15025.41180859
1019,4,246,16726.13190434
1020,4,247,12194.94323609
1021,4,248,14113.43170739
1022,4,249,20296.85271699
1023,4,250,20530.60439792
1024,4,251,10390.45690514
1025,4,252,5063.97339964
1026,4,253,7169.6556934
1027,4,254,17582.49979879
1028,4,255,18422.83309927
1029,4,256,20548.13632455
1030,4,257,12991.76563691
1031,4,258,6500.21146171
1032,5,1,6863.83228877
1033,5,2,922.99110093
1034,5,3,6094.82487714
1035,5,4,3543.05481617
1036,5,5,0.0
1037,5,6,1272.52745752
1038,5,7,10994.76768015
1039,5,8,4775.64613465
1040,5,9,5234.67150687
1041,5,10,11643.86233374
1042,5,11,10193.56493878
1043,5,12,8804.68803207
1044,5,13,7506.64428997
1045,5,14,2605.85668255
1046,5,15,4464.92340754
1047,5,16,2337.70258114
1048,5,17,13192.39870287
1049,5,18,12141.8909322
1050,5,19,4245.168973
1051,5,20,8329.37142475
1052,5,21,15874.22022885
1053,5,22,9825.6233262
1054,5,23,6420.58577
1055,5,24,4791.40207433
1056,5,25,6463.92910225
1057,5,26,8483.76385976
1058,5,27,14631.04003531
1059,5,28,9543.54158407
1060,5,29,8216.36199725
1061,5,30,11126.13672746
1062,5,31,4229.23623667
1063,5,32,5824.75118752
1064,5,33,17558.20334726
1065,5,34,7057.93001045
1066,5,35,4483.34155042
1067,5,36,11250.10111782
1068,5,37,11494.73016011
1069,5,38,4397.50674093
1070,5,39,6992.7736046
1071,5,40,23349.43965023
1072,5,41,16344.90868731
1073,5,42,14360.18781579
1074,5,43,28197.38480008
1075,5,44,16487.09460269
1076,5,45,13170.01803727
1077,5,46,15388.12245009
1078,5,47,33851.1975732
1079,5,48,34961.70041499
1080,5,49,12481.69252602
1081,5,50,30322.71635644
1082,5,51,10969.08206924
1083,5,52,11210.97870564
1084,5,53,9020.90672448
1085,5,54,12015.39233564
1086,5,55,20087.56136729
1087,5,56,14055.96994592
1088,5,57,11816.17114237
1089,5,58,10412.27305746
1090,5,59,12820.43249783
1091,5,60,9599.39279794
1092,5,61,14544.37512551
1093,5,62,14293.82813276
1094,5,63,8908.3857068
1095,5,64,22867.48995317
1096,5,65,9384.08750715
1097,5,66,9404.04426949
1098,5,67,15821.97499311
1099,5,68,14768.81312932
1100,5,69,39658.34409912
1101,5,70,19694.77781457
1102,5,71,49029.0843934
1103,5,72,27706.67329904
1104,5,73,50762.85320568
1105,5,74,41189.01951301
1106,5,75,29643.65655584
1107,5,76,46945.49784555
1108,5,77,52454.45128675
1109,5,78,52699.82707528
1110,5,79,31699.91533519
1111,5,80,45198.86797978
1112,5,81,43731.60320211
1113,5,82,33585.34599776
1114,5,83,17014.60109307
1115,5,84,46148.96129929
1116,5,85,35870.50737397
1117,5,86,16276.68173457
1118,5,87,17716.91846627
1119,5,88,15457.89655867
1120,5,89,18420.2221989
1121,5,90,8970.37338602
1122,5,91,7673.4014568
1123,5,92,11922.88826184
1124,5,93,3956.06502929
1125,5,94,4321.66423866
1126,5,95,9151.73776727
1127,5,96,18698.21971978
1128,5,97,23051.64263081
1129,5,98,21782.60228637
1130,5,99,6134.86738016
1131,5,100,17318.93794481
1132,5,101,7240.50555039
1133,5,102,5574.41420362
1134,5,103,24118.42439152
1135,5,104,15058.82373919
1136,5,105,10637.43002245
1137,5,106,4546.42174187
1138,5,107,8279.70195949
1139,5,108,20346.32199903
1140,5,109,13655.39882543
1141,5,110,23248.60461866
1142,5,111,15525.24946769
1143,5,112,5583.72036381
1144,5,113,24536.59072212
1145,5,114,11962.17838593
1146,5,115,27132.14402076
1147,5,116,5655.76318433
1148,5,117,7602.90510432
1149,5,118,20311.17975212
1150,5,119,28923.24065187
1151,5,120,17633.74418027
1152,5,121,8348.83910828
1153,5,122,21368.44929788
1154,5,123,5074.96793452
1155,5,124,3718.23734664
1156,5,125,8985.83791045
1157,5,126,18632.97064171
1158,5,127,6395.97464372
1159,5,128,9161.8252718
1160,5,129,9981.6149777
1161,5,130,3083.49249514
1162,5,131,24991.40656901
1163,5,132,2849.96018589
1164,5,133,25697.43684041
1165,5,134,17014.53141019
1166,5,135,13129.22260314
1167,5,136,11689.04786422
1168,5,137,15642.58633143
1169,5,138,17578.64687856
1170,5,139,12338.66118147
1171,5,140,12447.66568498
1172,5,141,14016.77380155
1173,5,142,16372.59198267
1174,5,143,17562.96051623
1175,5,144,14796.37554066
1176,5,145,15991.66884023
1177,5,146,14699.75627559
1178,5,147,2403.16743562
1179,5,148,9293.45774402
1180,5,149,6066.67516243
1181,5,150,15088.45282082
1182,5,151,3695.18462355
1183,5,152,8484.3499902
1184,5,153,2475.51381011
1185,5,154,3647.50943046
1186,5,155,12611.88905087
1187,5,156,12654.87983561
1188,5,157,4939.66483551
1189,5,158,16698.08569997
1190,5,159,13620.89797531
1191,5,160,13749.27297986
1192,5,161,11245.72080778
1193,5,162,10470.55246283
1194,5,163,10375.33474591
1195,5,164,7683.36981498
1196,5,165,7645.45572109
1197,5,166,11187.3921919
1198,5,167,2715.96061023
1199,5,168,33451.38750633
1200,5,169,31697.66776278
1201,5,170,32270.32200193
1202,5,171,34590.16924646
1203,5,172,32458.34160027
1204,5,173,33291.93958267
1205,5,174,34798.61699989
1206,5,175,32874.56896083
1207,5,176,33213.83384118
1208,5,177,32179.33612911
1209,5,178,26988.10422983
1210,5,179,22664.0017742
1211,5,180,29114.19865146
1212,5,181,34566.84412308
1213,5,182,38378.60393691
1214,5,183,42914.39753389
1215,5,184,31541.72693722
1216,5,185,24636.67965644
1217,5,186,37280.5104528
1218,5,187,41636.25552054
1219,5,188,43192.00596351
1220,5,189,41606.27975972
1221,5,190,41695.41095198
1222,5,191,41681.08285718
1223,5,192,41781.33362579
1224,5,193,41753.13514809
1225,5,194,41734.6640592
1226,5,195,41481.09666865
1227,5,196,43266.17580603
1228,5,197,42790.86959651
1229,5,198,20051.10448068
1230,5,199,23004.36504095
1231,5,200,51848.83587627
1232,5,201,36228.79547536
1233,5,202,61498.91368358
1234,5,203,56745.85295052
1235,5,204,48289.90252119
1236,5,205,40519.57506108
1237,5,206,32032.58161242
1238,5,207,65016.48338286
1239,5,208,26130.44956568
1240,5,209,10982.79468153
1241,5,210,10556.01373395
1242,5,211,12107.75790629
1243,5,212,46683.5131987
1244,5,213,54350.56108387
1245,5,214,44614.34465865
1246,5,215,27418.5467606
1247,5,216,16662.01150393
1248,5,217,21998.29210217
1249,5,218,23749.57090227
1250,5,219,52080.28275829
1251,5,220,56327.55648422
1252,5,221,19239.98767833
1253,5,222,34966.38715641
1254,5,223,13800.25587287
1255,5,224,60985.20976809
1256,5,225,18767.42306566
1257,5,226,40723.03341738
1258,5,227,29528.62860834
1259,5,228,63080.78726981
1260,5,229,46960.33827119
1261,5,230,49351.47943581
1262,5,231,9931.55347608
1263,5,232,10061.49285255
1264,5,233,9791.68066376
1265,5,234,10532.35981248
1266,5,235,10233.27253987
1267,5,236,9621.41294408
1268,5,237,10432.27292496
1269,5,238,18260.00337416
1270,5,239,8814.96134765
1271,5,240,16546.94719755
1272,5,241,1380.50999725
1273,5,242,4857.12046144
1274,5,243,4094.86456365
1275,5,244,13193.45423968
1276,5,245,12279.58620418
1277,5,246,14171.98991633
1278,5,247,9445.36698582
1279,5,248,11339.85349667
1280,5,249,17307.52367034
1281,5,250,17270.73790872
1282,5,251,8170.60292434
1283,5,252,1726.44358074
1284,5,253,5733.78421144
1285,5,254,14948.35454984
1286,5,255,15641.70455919
1287,5,256,17198.88180117
1288,5,257,10108.63610036
1289,5,258,3189.45033645
1290,6,1,5975.38642431
1291,6,2,2195.26290423
1292,6,3,5112.00101532
1293,6,4,2277.18093598
1294,6,5,1272.52745752
1295,6,6,0.0
1296,6,7,10273.70462067
1297,6,8,3599.26763215
1298,6,9,4148.51791994
1299,6,10,10773.0391412
1300,6,11,9479.32013816
1301,6,12,8059.14565486
1302,6,13,6724.37451261
1303,6,14,1345.92349894
1304,6,15,3211.31574061
1305,6,16,3607.83240084
1306,6,17,11952.60461837
1307,6,18,10899.43992854
1308,6,19,3597.42709144
1309,6,20,7071.01202205
1310,6,21,14628.946665
1311,6,22,10807.62584105
1312,6,23,6702.30543072
1313,6,24,4915.6991111
1314,6,25,5260.7381297
1315,6,26,9280.43456188
1316,6,27,13386.169572
1317,6,28,8292.43776487
1318,6,29,8879.89188382
1319,6,30,9880.61795469
1320,6,31,3888.1515324
1321,6,32,4673.23462156
1322,6,33,16306.75002023
1323,6,34,5806.74076537
1324,6,35,3565.74122887
1325,6,36,12345.57848709
1326,6,37,12636.40125684
1327,6,38,4278.22191257
1328,6,39,7375.19604655
1329,6,40,22091.21276766
1330,6,41,15120.34504552
1331,6,42,13301.16519362
1332,6,43,26928.64296956
1333,6,44,15281.93343679
1334,6,45,12128.42547564
1335,6,46,14290.42866757
1336,6,47,32580.91886181
1337,6,48,33691.45624368
1338,6,49,11552.16811278
1339,6,50,29052.3874031
1340,6,51,10164.8337071
1341,6,52,10518.56295009
1342,6,53,9063.87974041
1343,6,54,11338.9919902
1344,6,55,20940.11911102
1345,6,56,13280.31255808
1346,6,57,12535.49729093
1347,6,58,10971.47653653
1348,6,59,12114.1877655
1349,6,60,9020.71182915
1350,6,61,13622.66929412
1351,6,62,15107.10101001
1352,6,63,8662.94129347
1353,6,64,23688.32500615
1354,6,65,8989.30904786
1355,6,66,9783.96743716
1356,6,67,15940.27190496
1357,6,68,14825.31009111
1358,6,69,40416.44133763
1359,6,70,19969.62058952
1360,6,71,49839.68060209
1361,6,72,28219.79662954
1362,6,73,51556.41094947
1363,6,74,41952.27294002
1364,6,75,30199.33885526
1365,6,76,47760.06311484
1366,6,77,53171.88683536
1367,6,78,53470.25670347
1368,6,79,32300.3801342
1369,6,80,45984.94216988
1370,6,81,44522.59249986
1371,6,82,34293.86611581
1372,6,83,16566.06099467
1373,6,84,46948.60595115
1374,6,85,36600.33521163
1375,6,86,15890.7120918
1376,6,87,17921.78065063
1377,6,88,15222.96197232
1378,6,89,17925.47789354
1379,6,90,8356.91057542
1380,6,91,6685.58435062
1381,6,92,11443.89023875
1382,6,93,3288.48563872
1383,6,94,3078.66170687
1384,6,95,8323.99346673
1385,6,96,18423.22636777
1386,6,97,22778.52556231
1387,6,98,21523.28845128
1388,6,99,4862.77493906
1389,6,100,16994.7027748
1390,6,101,6148.68450844
1391,6,102,4306.93869679
1392,6,103,23863.33042815
1393,6,104,14626.18599101
1394,6,105,10107.39363094
1395,6,106,3497.62257274
1396,6,107,7389.18764768
1397,6,108,20105.00069908
1398,6,109,13231.69434746
1399,6,110,22497.30863048
1400,6,111,14584.64029716
1401,6,112,4479.3500173
1402,6,113,23852.58951891
1403,6,114,11006.30579817
1404,6,115,26523.00228141
1405,6,116,4826.8580529
1406,6,117,6489.97188671
1407,6,118,19449.20588375
1408,6,119,28352.71375024
1409,6,120,16695.61984021
1410,6,121,7253.25884054
1411,6,122,20553.56036505
1412,6,123,4144.90307144
1413,6,124,2707.59476726
1414,6,125,8048.08800425
1415,6,126,17728.73274973
1416,6,127,5705.34936974
1417,6,128,8083.43635452
1418,6,129,9038.90909377
1419,6,130,1873.91951615
1420,6,131,24363.70381796
1421,6,132,1774.44653043
1422,6,133,25090.95475836
1423,6,134,18280.252894
1424,6,135,14384.83417107
1425,6,136,12888.21565733
1426,6,137,16154.71806681
1427,6,138,18006.23975873
1428,6,139,13577.18820552
1429,6,140,13454.55970478
1430,6,141,14929.91562759
1431,6,142,17627.21583293
1432,6,143,18835.1867275
1433,6,144,16045.4389904
1434,6,145,17263.98053645
1435,6,146,15375.32832135
1436,6,147,2117.77270505
1437,6,148,8033.78806347
1438,6,149,5894.0836418
1439,6,150,13858.23290514
1440,6,151,2469.92100797
1441,6,152,7227.22381651
1442,6,153,1721.86892634
1443,6,154,3719.9759596
1444,6,155,11343.71280979
1445,6,156,12399.46243499
1446,6,157,4743.59923255
1447,6,158,15470.48785119
1448,6,159,13371.42513204
1449,6,160,12497.09389503
1450,6,161,9978.42966165
1451,6,162,9205.85114266
1452,6,163,10135.91512423
1453,6,164,6424.35096823
1454,6,165,7408.35489263
1455,6,166,10913.82122483
1456,6,167,2744.14254262
1457,6,168,32187.8719939
1458,6,169,30427.37077754
1459,6,170,31004.11368957
1460,6,171,33330.55296337
1461,6,172,31217.16530941
1462,6,173,32045.59475154
1463,6,174,33548.42475294
1464,6,175,31668.9854711
1465,6,176,32044.15436849
1466,6,177,30948.98364263
1467,6,178,26842.49917548
1468,6,179,22462.18305125
1469,6,180,28968.31189078
1470,6,181,34301.9171131
1471,6,182,38043.00011373
1472,6,183,42578.7602228
1473,6,184,31336.61215047
1474,6,185,24436.10345675
1475,6,186,36972.86246234
1476,6,187,41294.53498293
1477,6,188,42074.20580502
1478,6,189,40597.7930716
1479,6,190,40867.03954909
1480,6,191,40726.86160951
1481,6,192,40696.5637943
1482,6,193,40823.31825392
1483,6,194,40852.73231888
1484,6,195,40431.00097946
1485,6,196,42113.65425577
1486,6,197,41993.65067134
1487,6,198,18835.31800384
1488,6,199,21776.46564192
1489,6,200,50701.52308934
1490,6,201,35031.1589284
1491,6,202,60379.54870986
1492,6,203,55618.54328924
1493,6,204,47134.21536754
1494,6,205,39364.20602544
1495,6,206,30815.94755646
1496,6,207,63880.33942793
1497,6,208,24920.24253186
1498,6,209,10943.51484749
1499,6,210,9928.4631384
1500,6,211,12591.83855059
1501,6,212,47572.39689818
1502,6,213,55236.58524826
1503,6,214,43838.37624823
1504,6,215,26757.62552774
1505,6,216,16155.42728296
1506,6,217,21354.43311911
1507,6,218,23134.37823693
1508,6,219,51418.58045789
1509,6,220,55690.80839886
1510,6,221,18548.49523608
1511,6,222,34168.68725545
1512,6,223,13286.80337361
1513,6,224,60375.15352107
1514,6,225,18197.16177434
1515,6,226,39916.60381378
1516,6,227,28795.37597575
1517,6,228,62486.68582898
1518,6,229,46230.89088513
1519,6,230,48654.80435368
1520,6,231,9369.2976754
1521,6,232,9458.30106655
1522,6,233,9275.38536441
1523,6,234,9796.98417572
1524,6,235,9577.59181659
1525,6,236,9158.16193364
1526,6,237,9727.44933836
1527,6,238,19332.26894248
1528,6,239,9558.79018764
1529,6,240,17504.05281877
1530,6,241,2035.13844637
1531,6,242,5722.25882097
1532,6,243,4495.69695643
1533,6,244,14023.29598284
1534,6,245,13151.78720377
1535,6,246,14966.78207445
1536,6,247,10307.15061207
1537,6,248,12221.08572138
1538,6,249,18298.12780729
1539,6,250,18384.190809
1540,6,251,8783.74962755
1541,6,252,2901.9609202
1542,6,253,6149.44564196
1543,6,254,15779.73737705
1544,6,255,16538.26898049
1545,6,256,18354.96759148
1546,6,257,11034.88794491
1547,6,258,4295.01467291
1548,7,1,4449.59224496
1549,7,2,11598.62195146
1550,7,3,5479.95114734
1551,7,4,9017.50957941
1552,7,5,10994.76768015
1553,7,6,10273.70462067
1554,7,7,0.0
1555,7,8,7485.16537057
1556,7,9,6639.83565213
1557,7,10,1746.01985448
1558,7,11,801.59786578
1559,7,12,2216.86873468
1560,7,13,3562.75467367
1561,7,14,9409.5144093
1562,7,15,8401.71144844
1563,7,16,12421.35334661
1564,7,17,8587.18301286
1565,7,18,8152.80429389
1566,7,19,6750.70581356
1567,7,20,7768.80373865
1568,7,21,10519.69015605
1569,7,22,14158.6568404
1570,7,23,7847.38172958
1571,7,24,7610.05959548
1572,7,25,6866.14249279
1573,7,26,11731.35778537
1574,7,27,9649.83443191
1575,7,28,7630.88054164
1576,7,29,10585.92884725
1577,7,30,7850.85038583
1578,7,31,6945.73512819
1579,7,32,6652.49378323
1580,7,33,12049.03711496
1581,7,34,7585.18442192
1582,7,35,6758.4429561
1583,7,36,16414.51366374
1584,7,37,17195.10819637
1585,7,38,7183.03083523
1586,7,39,8407.25639725
1587,7,40,17288.25880051
1588,7,41,10151.64358368
1589,7,42,5590.94408688
1590,7,43,22454.10027385
1591,7,44,9728.83028513
1592,7,45,4576.91918802
1593,7,46,6888.47922514
1594,7,47,27964.21899023
1595,7,48,29021.18266052
1596,7,49,2806.67439317
1597,7,50,24627.04872707
1598,7,51,868.11127981
1599,7,52,371.29777423
1600,7,53,6336.80708797
1601,7,54,1144.14215918
1602,7,55,20802.91031032
1603,7,56,3103.2415379
1604,7,57,12972.10413187
1605,7,58,10757.13048351
1606,7,59,1842.12285194
1607,7,60,1853.71404607
1608,7,61,4282.63283148
1609,7,62,15630.13691977
1610,7,63,4333.73743432
1611,7,64,22898.61764293
1612,7,65,3175.94394582
1613,7,66,8898.66947248
1614,7,67,10296.98023686
1615,7,68,8995.89143196
1616,7,69,37954.42434646
1617,7,70,14791.87056702
1618,7,71,47636.80373771
1619,7,72,24140.98216186
1620,7,73,49140.63442524
1621,7,74,39488.68269332
1622,7,75,26352.85827424
1623,7,76,45648.77375165
1624,7,77,49976.19256661
1625,7,78,50782.57394664
1626,7,79,28723.46075066
1627,7,80,43628.78835036
1628,7,81,42257.63448132
1629,7,82,31608.27118066
1630,7,83,6955.70596406
1631,7,84,44704.60991001
1632,7,85,34012.07579187
1633,7,86,6666.95519139
1634,7,87,12532.57454599
1635,7,88,7078.56420608
1636,7,89,8053.69732561
1637,7,90,2191.77618037
1638,7,91,4262.45011216
1639,7,92,2626.77373557
1640,7,93,12483.78292343
1641,7,94,9827.63406597
1642,7,95,2154.82353294
1643,7,96,9579.22721522
1644,7,97,13670.83386203
1645,7,98,12547.04770642
1646,7,99,8905.07537793
1647,7,100,8005.37350561
1648,7,101,5330.83526848
1649,7,102,9248.91525605
1650,7,103,14799.15220463
1651,7,104,5290.44929642
1652,7,105,1830.67465892
1653,7,106,11324.86514991
1654,7,107,3214.82079601
1655,7,108,11316.22609974
1656,7,109,4211.15226514
1657,7,110,12253.92412203
1658,7,111,5286.77123136
1659,7,112,11348.17458151
1660,7,113,13579.33799431
1661,7,114,2854.77283343
1662,7,115,16295.1533035
1663,7,116,5463.7408581
1664,7,117,12149.99403544
1665,7,118,9477.63449803
1666,7,119,18171.41248665
1667,7,120,7212.23468557
1668,7,121,12720.42566098
1669,7,122,10424.5882973
1670,7,123,6225.57006417
1671,7,124,7665.33424688
1672,7,125,3015.765775
1673,7,126,7988.83218499
1674,7,127,4599.38384929
1675,7,128,13373.30234052
1676,7,129,2582.50700614
1677,7,130,10175.49726368
1678,7,131,14120.83670995
1679,7,132,8585.29982407
1680,7,133,14869.53690732
1681,7,134,24574.6615796
1682,7,135,20653.8073218
1683,7,136,18207.13215601
1684,7,137,13709.68090664
1685,7,138,14426.17683343
1686,7,139,19511.62341066
1687,7,140,16294.89383449
1688,7,141,16464.88412194
1689,7,142,23539.66783116
1690,7,143,25619.72469079
1691,7,144,21943.10971824
1692,7,145,24392.73335395
1693,7,146,14564.92762473
1694,7,147,8628.46215352
1695,7,148,10292.66825214
1696,7,149,5945.08463954
1697,7,150,14775.50937408
1698,7,151,8501.10900228
1699,7,152,10111.02841877
1700,7,153,8589.8305102
1701,7,154,8070.81664551
1702,7,155,11388.92956939
1703,7,156,4964.73259962
1704,7,157,6626.46242041
1705,7,158,16079.14803815
1706,7,159,5606.37612044
1707,7,160,13047.32734937
1708,7,161,10716.92512196
1709,7,162,10525.15119405
1710,7,163,4299.53570065
1711,7,164,9813.85870086
1712,7,165,4824.30207129
1713,7,166,4175.51134014
1714,7,167,8611.54579281
1715,7,168,29417.69632254
1716,7,169,27132.0259334
1717,7,170,28096.46732884
1718,7,171,30747.08926064
1719,7,172,29580.96187088
1720,7,173,30161.94898049
1721,7,174,31424.57533736
1722,7,175,31087.45673465
1723,7,176,32259.99235115
1724,7,177,29702.49268589
1725,7,178,18224.19801871
1726,7,179,13741.7863336
1727,7,180,20276.37651651
1728,7,181,24953.75757674
1729,7,182,28396.85548199
1730,7,183,32903.13432622
1731,7,184,22295.75153559
1732,7,185,15624.7627769
1733,7,186,27432.58108288
1734,7,187,31606.76983028
1735,7,188,33505.2430828
1736,7,189,31161.4476369
1737,7,190,30736.73974321
1738,7,191,31003.73842949
1739,7,192,31821.13545957
1740,7,193,30995.5368926
1741,7,194,30857.69953245
1742,7,195,31275.35518091
1743,7,196,33950.83984328
1744,7,197,31806.64073652
1745,7,198,12906.01794274
1746,7,199,15841.77341655
1747,7,200,42388.35986831
1748,7,201,27703.86253054
1749,7,202,51703.75639835
1750,7,203,47047.28283305
1751,7,204,38957.00574799
1752,7,205,31276.97253875
1753,7,206,24022.68997067
1754,7,207,55363.39267715
1755,7,208,18269.69966748
1756,7,209,6095.48015871
1757,7,210,985.70943752
1758,7,211,11048.61736205
1759,7,212,46265.42388822
1760,7,213,53728.62309602
1761,7,214,33621.4940743
1762,7,215,16489.69231698
1763,7,216,6314.91948134
1764,7,217,11102.79744891
1765,7,218,12907.90315237
1766,7,219,41146.50519054
1767,7,220,45426.22655376
1768,7,221,8275.24608648
1769,7,222,23984.9938712
1770,7,223,3674.95698993
1771,7,224,50124.83687827
1772,7,225,8087.4556189
1773,7,226,29745.29989411
1774,7,227,18537.06110672
1775,7,228,52247.97149588
1776,7,229,35971.75143937
1777,7,230,38382.80901519
1778,7,231,1765.11702453
1779,7,232,1409.88662909
1780,7,233,2158.41674574
1781,7,234,491.28021581
1782,7,235,961.98945886
1783,7,236,2607.59373313
1784,7,237,577.53346741
1785,7,238,28875.96697943
1786,7,239,19792.45394318
1787,7,240,27440.21138686
1788,7,241,10111.60333935
1789,7,242,15851.85575913
1790,7,243,8756.48337411
1791,7,244,24186.57487866
1792,7,245,23261.2795102
1793,7,246,25166.38770083
1794,7,247,20435.09333196
1795,7,248,22319.21651225
1796,7,249,28141.95877864
1797,7,250,27738.27063897
1798,7,251,19056.90881423
1799,7,252,11356.32683887
1800,7,253,8571.54525452
1801,7,254,25940.41169833
1802,7,255,26602.63304407
1803,7,256,27445.70412936
1804,7,257,21064.17530483
1805,7,258,14065.67457832
1806,8,1,3056.79583285
1807,8,2,5662.61718248
1808,8,3,2010.64208076
1809,8,4,1616.28905455
1810,8,5,4775.64613465
1811,8,6,3599.26763215
1812,8,7,7485.16537057
1813,8,8,0.0
1814,8,9,854.11773927
1815,8,10,7599.35850081
1816,8,11,6750.36260232
1817,8,12,5343.54519148
1818,8,13,4042.94691984
1819,8,14,2323.19581696
1820,8,15,932.32206292
1821,8,16,6980.08079994
1822,8,17,8470.97917445
1823,8,18,7432.96790171
1824,8,19,2566.40187325
1825,8,20,3768.73615557
1826,8,21,11163.21971135
1827,8,22,12833.98400207
1828,8,23,7161.56441752
1829,8,24,5402.51241698
1830,8,25,1702.04457858
1831,8,26,10833.61357874
1832,8,27,9921.75045204
1833,8,28,4897.01444992
1834,8,29,10089.620555
1835,8,30,6434.71081788
1836,8,31,3600.13411366
1837,8,32,1086.74138787
1838,8,33,12867.37337203
1839,8,34,2487.59519298
1840,8,35,1523.11008685
1841,8,36,14706.1612486
1842,8,37,15165.2248716
1843,8,38,4388.51206005
1844,8,39,7993.08403822
1845,8,40,18682.50874896
1846,8,41,11586.81161278
1847,8,42,9764.56628234
1848,8,43,23616.25895601
1849,8,44,11713.16358178
1850,8,45,8618.46070375
1851,8,46,10714.49655734
1852,8,47,29288.96376258
1853,8,48,30397.66290312
1854,8,49,8238.06315573
1855,8,50,25765.73108638
1856,8,51,7168.47722303
1857,8,52,7793.63281753
1858,8,53,8529.10615108
1859,8,54,8620.53718933
1860,8,55,22280.68066024
1861,8,56,10265.13854083
1862,8,57,13677.65269873
1863,8,58,11729.4559347
1864,8,59,9293.37364546
1865,8,60,6703.91817311
1866,8,61,10297.29350489
1867,8,62,16444.54406297
1868,8,63,7349.49461856
1869,8,64,24884.2378537
1870,8,65,7206.9333439
1871,8,66,10123.7426827
1872,8,67,15193.54482011
1873,8,68,13946.11338994
1874,8,69,41272.0548831
1875,8,70,19557.04970601
1876,8,71,50838.12929306
1877,8,72,28383.56966453
1878,8,73,52491.04469786
1879,8,74,42818.16249537
1880,8,75,30473.87102197
1881,8,76,48778.83228517
1882,8,77,53844.98683482
1883,8,78,54320.5024976
1884,8,79,32696.1509064
1885,8,80,46911.97562703
1886,8,81,45471.8538931
1887,8,82,35020.33814194
1888,8,83,14270.80595557
1889,8,84,47918.66496808
1890,8,85,37382.16141379
1891,8,86,13772.68649658
1892,8,87,17359.25634325
1893,8,88,13525.4831655
1894,8,89,15487.64043941
1895,8,90,5999.50205441
1896,8,91,3388.50404331
1897,8,92,9244.81890184
1898,8,93,5017.34246375
1899,8,94,2372.78853597
1900,8,95,5356.8371891
1901,8,96,16533.86877126
1902,8,97,20820.56958809
1903,8,98,19618.6899027
1904,8,99,2367.57791115
1905,8,100,15009.26033071
1906,8,101,2628.96244334
1907,8,102,2271.60831325
1908,8,103,21937.47196333
1909,8,104,12423.00668791
1910,8,105,7846.71034345
1911,8,106,3867.49312836
1912,8,107,4312.16415408
1913,8,108,18270.62064542
1914,8,109,11100.53046044
1915,8,110,19431.54143262
1916,8,111,11216.5533272
1917,8,112,4088.05757637
1918,8,113,20916.59824405
1919,8,114,7649.02394517
1920,8,115,23730.38587126
1921,8,116,2412.85781084
1922,8,117,5482.78577688
1923,8,118,16188.9713657
1924,8,119,25633.96489404
1925,8,120,13317.90208326
1926,8,121,6221.99553165
1927,8,122,17374.86782421
1928,8,123,1617.747733
1929,8,124,1361.33931669
1930,8,125,4807.87956087
1931,8,126,14402.93974787
1932,8,127,3524.89590763
1933,8,128,7039.07664555
1934,8,129,5750.98225181
1935,8,130,2772.86170717
1936,8,131,21544.67786609
1937,8,132,1956.13033913
1938,8,133,22313.28020033
1939,8,134,21425.45183455
1940,8,135,17457.51074115
1941,8,136,15656.7646817
1942,8,137,16538.99320032
1943,8,138,18086.2680102
1944,8,139,16541.57074447
1945,8,140,15473.43667191
1946,8,141,16594.5207365
1947,8,142,20670.31363142
1948,8,143,22097.4903366
1949,8,144,19056.7148814
1950,8,145,20582.4923115
1951,8,146,16276.74413976
1952,8,147,3406.46767385
1953,8,148,5476.87422592
1954,8,149,5288.43381065
1955,8,150,11413.53802577
1956,8,151,1182.73445389
1957,8,152,4788.39644847
1958,8,153,2628.33895167
1959,8,154,4564.23870761
1960,8,155,8464.26410067
1961,8,156,10764.00375552
1962,8,157,4447.21333695
1963,8,158,13014.73426874
1964,8,159,11705.62074357
1965,8,160,9852.59919088
1966,8,161,7162.18871586
1967,8,162,6480.16787324
1968,8,163,8694.39139867
1969,8,164,4051.49502318
1970,8,165,6294.67186552
1971,8,166,9316.87809656
1972,8,167,4076.10675303
1973,8,168,29233.6920187
1974,8,169,27351.1898517
1975,8,170,28010.71229731
1976,8,171,30426.05022106
1977,8,172,28510.43358133
1978,8,173,29288.08996129
1979,8,174,30748.60968082
1980,8,175,29236.81755018
1981,8,176,29839.87876151
1982,8,177,28335.5511563
1983,8,178,25165.27402708
1984,8,179,20692.50325014
1985,8,180,27270.00526265
1986,8,181,32264.87134807
1987,8,182,35816.47708279
1988,8,183,40335.39111123
1989,8,184,29467.78640417
1990,8,185,22643.30578988
1991,8,186,34818.07102104
1992,8,187,39041.12382468
1993,8,188,38480.16422845
1994,8,189,37086.40386239
1995,8,190,37608.89567133
1996,8,191,37280.2825752
1997,8,192,37118.76524886
1998,8,193,37409.50748649
1999,8,194,37508.85827221
2000,8,195,36879.16110691
2001,8,196,38514.57448829
2002,8,197,38787.03160266
2003,8,198,15282.25434723
2004,8,199,18247.29028013
2005,8,200,47102.25813845
2006,8,201,31453.16027776
2007,8,202,56784.46617892
2008,8,203,52021.46987369
2009,8,204,43535.47315707
2010,8,205,35765.36730807
2011,8,206,27262.66699544
2012,8,207,60281.67408405
2013,8,208,21357.46161938
2014,8,209,10005.61604403
2015,8,210,7409.27869243
2016,8,211,13039.03670895
2017,8,212,48854.288376
2018,8,213,56487.52119445
2019,8,214,40666.5554138
2020,8,215,23853.21517507
2021,8,216,13723.39512492
2022,8,217,18523.94219888
2023,8,218,20351.98694502
2024,8,219,48449.31001009
2025,8,220,52765.1823328
2026,8,221,15641.50425196
2027,8,222,30973.90495324
2028,8,223,10917.14186642
2029,8,224,57497.36466041
2030,8,225,15572.45660667
2031,8,226,36696.87816084
2032,8,227,25735.55556465
2033,8,228,59638.74884822
2034,8,229,43140.01688939
2035,8,230,45622.02800126
2036,8,231,7071.18896132
2037,8,232,7037.90592724
2038,8,233,7115.95232184
2039,8,234,6994.01264487
2040,8,235,7002.90614331
2041,8,236,7161.4920872
2042,8,237,7009.7745552
2043,8,238,22917.33754921
2044,8,239,12909.489525
2045,8,240,21016.64867532
2046,8,241,4754.67506324
2047,8,242,9232.39177754
2048,8,243,5771.46479066
2049,8,244,17426.00744792
2050,8,245,16601.65992214
2051,8,246,18325.59622301
2052,8,247,13764.78576658
2053,8,248,15684.11595913
2054,8,249,21835.82121511
2055,8,250,21981.67308594
2056,8,251,12001.3226695
2057,8,252,6052.56020222
2058,8,253,7058.26323061
2059,8,254,19175.38148497
2060,8,255,19998.48887928
2061,8,256,21952.11852563
2062,8,257,14541.77941285
2063,8,258,7894.06863075
2064,9,1,2203.84537732
2065,9,2,6079.02151877
2066,9,3,1160.39717915
2067,9,4,2403.31455806
2068,9,5,5234.67150687
2069,9,6,4148.51791994
2070,9,7,6639.83565213
2071,9,8,854.11773927
2072,9,9,0.0
2073,9,10,6808.91335498
2074,9,11,5900.2094527
2075,9,12,4490.43745919
2076,9,13,3189.38581231
2077,9,14,2976.1634099
2078,9,15,1785.63384534
2079,9,16,7323.78205199
2080,9,17,8254.70993325
2081,9,18,7244.19158558
2082,9,19,2204.44236464
2083,9,20,3830.18136092
2084,9,21,10943.85364718
2085,9,22,12657.44265377
2086,9,23,6734.64563247
2087,9,24,5065.48091646
2088,9,25,1625.38072162
2089,9,26,10565.03047633
2090,9,27,9711.5404067
2091,9,28,4829.51792384
2092,9,29,9754.07216177
2093,9,30,6281.93131401
2094,9,31,3252.68871418
2095,9,32,772.8645044
2096,9,33,12664.02006232
2097,9,34,2637.51498049
2098,9,35,1151.18069373
2099,9,36,14604.5224498
2100,9,37,15110.19670652
2101,9,38,4045.6972187
2102,9,39,7574.6320644
2103,9,40,18486.17829019
2104,9,41,11288.34560085
2105,9,42,9152.92942645
2106,9,43,23478.44134124
2107,9,44,11358.34141609
2108,9,45,7980.93956787
2109,9,46,10156.58136292
2110,9,47,29156.3424063
2111,9,48,30262.74317802
2112,9,49,7491.38107414
2113,9,50,25640.75878507
2114,9,51,6343.38249318
2115,9,52,6945.11276014
2116,9,53,7876.66691886
2117,9,54,7772.96073609
2118,9,55,21882.35376478
2119,9,56,9450.55007623
2120,9,57,13282.17341732
2121,9,58,11273.09968333
2122,9,59,8453.99690863
2123,9,60,5854.95596902
2124,9,61,9558.80849922
2125,9,62,16071.58045987
2126,9,63,6594.0074348
2127,9,64,24446.98631792
2128,9,65,6395.65763881
2129,9,66,9605.42764497
2130,9,67,14456.99215171
2131,9,68,13197.56104213
2132,9,69,40742.12329242
2133,9,70,18851.80533718
2134,9,71,50329.41539717
2135,9,72,27747.00094103
2136,9,73,51968.95610991
2137,9,74,42288.95352122
2138,9,75,29852.3112647
2139,9,76,48275.34806627
2140,9,77,53273.44060848
2141,9,78,53781.35939707
2142,9,79,32092.0191303
2143,9,80,46391.6438057
2144,9,81,44956.81843121
2145,9,82,34472.18418396
2146,9,83,13416.7635666
2147,9,84,47406.08756206
2148,9,85,36841.81514157
2149,9,86,12921.75067357
2150,9,87,16639.69387098
2151,9,88,12696.1277361
2152,9,89,14634.69398978
2153,9,90,5150.95862127
2154,9,91,2610.30292732
2155,9,92,8395.38452665
2156,9,93,5849.29576188
2157,9,94,3226.17038712
2158,9,95,4520.65873483
2159,9,96,15689.64253084
2160,9,97,19971.4989533
2161,9,98,18772.01723758
2162,9,99,2967.32113584
2163,9,100,14162.03670113
2164,9,101,2007.07307148
2165,9,102,3001.39525704
2166,9,103,21089.12697274
2167,9,104,11570.6563986
2168,9,105,6997.33538143
2169,9,106,4721.55600897
2170,9,107,3485.06617722
2171,9,108,17427.76887868
2172,9,109,10251.24803116
2173,9,110,18635.19004801
2174,9,111,10496.37432156
2175,9,112,4914.90559681
2176,9,113,20100.9302168
2177,9,114,6918.07044705
2178,9,115,22899.75879092
2179,9,116,1635.80122693
2180,9,117,6211.53380226
2181,9,118,15435.41359637
2182,9,119,24797.55907287
2183,9,120,12604.00475274
2184,9,121,6929.63688498
2185,9,122,16600.55412193
2186,9,123,941.02236201
2187,9,124,1539.08232295
2188,9,125,4022.36250971
2189,9,126,13669.39086888
2190,9,127,2728.87416792
2191,9,128,7728.32493621
2192,9,129,4986.4739064
2193,9,130,3569.45635094
2194,9,131,20715.76844291
2195,9,132,2392.82164285
2196,9,133,21480.75423373
2197,9,134,21565.82874017
2198,9,135,17579.63110378
2199,9,136,15675.46670322
2200,9,137,15972.89322062
2201,9,138,17460.70958438
2202,9,139,16625.26622829
2203,9,140,15272.21340454
2204,9,141,16296.70304082
2205,9,142,20769.3936431
2206,9,143,22291.50162629
2207,9,144,19148.18010026
2208,9,145,20809.03852401
2209,9,146,15811.55396183
2210,9,147,3511.04007544
2211,9,148,5848.11104302
2212,9,149,4715.48667182
2213,9,150,11713.21712241
2214,9,151,1912.61734498
2215,9,152,5228.05794237
2216,9,153,2877.98835976
2217,9,154,4381.93484388
2218,9,155,8634.33138355
2219,9,156,9946.77280481
2220,9,157,4000.28879803
2221,9,158,13297.02201005
2222,9,159,10882.82562051
2223,9,160,10099.15196985
2224,9,161,7383.91711555
2225,9,162,6755.9896319
2226,9,163,7908.26202014
2227,9,164,4549.76431793
2228,9,165,5589.3714272
2229,9,166,8509.78324955
2230,9,167,4071.56201193
2231,9,168,29273.1441853
2232,9,169,27337.5349422
2233,9,170,28034.59036096
2234,9,171,30485.09762631
2235,9,172,28650.18609378
2236,9,173,29407.52334389
2237,9,174,30849.6086351
2238,9,175,29470.05877991
2239,9,176,30141.66573359
2240,9,177,28509.31495937
2241,9,178,24326.77593289
2242,9,179,19851.37043585
2243,9,180,26429.61229522
2244,9,181,31412.05330334
2245,9,182,34962.49074053
2246,9,183,39481.60980655
2247,9,184,28619.60115907
2248,9,185,21800.10054314
2249,9,186,33963.99435804
2250,9,187,38187.40744362
2251,9,188,37957.64402857
2252,9,189,36453.34947673
2253,9,190,36862.13503209
2254,9,191,36606.16323004
2255,9,192,36557.83922839
2256,9,193,36719.09681077
2257,9,194,36789.71812593
2258,9,195,36282.95737084
2259,9,196,38038.79404684
2260,9,197,38026.6851587
2261,9,198,14944.38152807
2262,9,199,17936.31032196
2263,9,200,46618.58943149
2264,9,201,31055.81392244
2265,9,202,56264.51462928
2266,9,203,51511.22340509
2267,9,204,43063.99990671
2268,9,205,35294.04101274
2269,9,206,26909.55504559
2270,9,207,59782.75470861
2271,9,208,20994.78417403
2272,9,209,9273.05011458
2273,9,210,6555.16559643
2274,9,211,12507.99235938
2275,9,212,48405.09005603
2276,9,213,56027.57102858
2277,9,214,39898.14477748
2278,9,215,23034.78425996
2279,9,216,12869.94598615
2280,9,217,17694.69357984
2281,9,218,19519.06686992
2282,9,219,47644.56666153
2283,9,220,51954.7555878
2284,9,221,14818.75769658
2285,9,222,30209.13303819
2286,9,223,10063.07358068
2287,9,224,56681.25104851
2288,9,225,14726.00795841
2289,9,226,35939.52868038
2290,9,227,24941.04893267
2291,9,228,58819.30243393
2292,9,229,42354.99396907
2293,9,230,44826.9211672
2294,9,231,6222.04322597
2295,9,232,6184.96977633
2296,9,233,6273.80074509
2297,9,234,6148.56126367
2298,9,235,6148.98555372
2299,9,236,6330.72622369
2300,9,237,6159.58225109
2301,9,238,23471.76006863
2302,9,239,13603.66064836
2303,9,240,21643.92194037
2304,9,241,4997.34250465
2305,9,242,9854.92042178
2306,9,243,5594.06091729
2307,9,244,18106.53837834
2308,9,245,17261.76721202
2309,9,246,19022.62500953
2310,9,247,14419.24250312
2311,9,248,16337.43579774
2312,9,249,22444.79587007
2313,9,250,22501.87640944
2314,9,251,12729.68406612
2315,9,252,6339.66743535
2316,9,253,6733.60137317
2317,9,254,19859.69774082
2318,9,255,20655.2656626
2319,9,256,22431.14340544
2320,9,257,15170.71563465
2321,9,258,8407.73912465
2322,10,1,4798.65907249
2323,10,2,12337.883129
2324,10,3,5705.12422154
2325,10,4,9205.25435476
2326,10,5,11643.86233374
2327,10,6,10773.0391412
2328,10,7,1746.01985448
2329,10,8,7599.35850081
2330,10,9,6808.91335498
2331,10,10,0.0
2332,10,11,2149.52694572
2333,10,12,3043.94622858
2334,10,13,4179.59219784
2335,10,14,9747.5544782
2336,10,15,8456.84804926
2337,10,16,13298.86850142
2338,10,17,7026.81938523
2339,10,18,6707.67422123
2340,10,19,7451.03806527
2341,10,20,7018.05348051
2342,10,21,8823.84706348
2343,10,22,15714.30088687
2344,10,23,9297.03788643
2345,10,24,8814.42828967
2346,10,25,6613.80934649
2347,10,26,13289.95447141
2348,10,27,8003.42833523
2349,10,28,6625.93737163
2350,10,29,12159.76469462
2351,10,30,6553.45365949
2352,10,31,7861.26498376
2353,10,32,6621.05110965
2354,10,33,10325.35367121
2355,10,34,7120.8264924
2356,10,35,7208.69212975
2357,10,36,17957.63715825
2358,10,37,18711.5331304
2359,10,38,8238.58078659
2360,10,39,9919.3899324
2361,10,40,15543.00291411
2362,10,41,8419.14778857
2363,10,42,3872.28562258
2364,10,43,20709.85946542
2365,10,44,7984.68064295
2366,10,45,2831.08166546
2367,10,46,5172.5295927
2368,10,47,26227.15353771
2369,10,48,27286.40587412
2370,10,49,1108.1785475
2371,10,50,22883.81130839
2372,10,51,991.92539668
2373,10,52,1993.98368541
2374,10,53,8021.29378553
2375,10,54,2255.59769488
2376,10,55,22548.37657745
2377,10,56,2744.77129353
2378,10,57,14672.60699792
2379,10,58,12450.79061161
2380,10,59,2322.4708542
2381,10,60,3438.33286639
2382,10,61,2962.65093017
2383,10,62,17351.06896286
2384,10,63,5991.70663494
2385,10,64,24641.43662076
2386,10,65,4851.80705073
2387,10,66,10579.75674654
2388,10,67,11917.53732419
2389,10,68,10631.14466634
2390,10,69,39614.66701211
2391,10,70,16376.90427272
2392,10,71,49296.57428552
2393,10,72,25739.01858496
2394,10,73,50786.45708757
2395,10,74,41146.02975655
2396,10,75,27957.67568789
2397,10,76,47315.90965811
2398,10,77,51568.77182906
2399,10,78,52409.50745176
2400,10,79,30338.19247083
2401,10,80,45285.45964951
2402,10,81,43921.33918458
2403,10,82,33270.3421274
2404,10,83,7742.49415131
2405,10,84,46365.93213465
2406,10,85,35673.58243034
2407,10,86,7679.72685637
2408,10,87,14132.55272946
2409,10,88,8430.42052239
2410,10,89,8594.41765693
2411,10,90,3543.08046017
2412,10,91,4210.87775285
2413,10,92,4209.76384984
2414,10,93,12595.00269323
2415,10,94,9817.3843149
2416,10,95,2513.94532955
2417,10,96,10603.17298743
2418,10,97,14476.68094103
2419,10,98,13430.78720411
2420,10,99,8582.29195912
2421,10,100,9042.54458043
2422,10,101,5113.30421707
2423,10,102,9024.83006682
2424,10,103,15600.44206945
2425,10,104,6353.00113392
2426,10,105,3576.31070215
2427,10,106,11283.28985131
2428,10,107,3384.02901289
2429,10,108,12301.96708828
2430,10,109,5520.34497003
2431,10,110,11832.32852522
2432,10,111,3980.18495029
2433,10,112,11140.52697804
2434,10,113,13347.79974526
2435,10,114,1123.86935732
2436,10,115,16233.69663475
2437,10,116,5988.18542845
2438,10,117,11660.28758548
2439,10,118,8677.13156814
2440,10,119,18182.64009251
2441,10,120,6049.92015152
2442,10,121,12152.3706134
2443,10,122,9798.61755529
2444,10,123,6628.38229864
2445,10,124,8075.44832268
2446,10,125,2791.47994813
2447,10,126,6995.53068465
2448,10,127,5374.68932727
2449,10,128,12730.15390178
2450,10,129,1892.10016752
2451,10,130,10369.20423628
2452,10,131,14040.98005757
2453,10,132,9015.344264
2454,10,133,14835.48789584
2455,10,134,26007.38937138
2456,10,135,22055.54540365
2457,10,136,19672.50710622
2458,10,137,15448.89748293
2459,10,138,16125.57076819
2460,10,139,20934.94784596
2461,10,140,17919.60403347
2462,10,141,18156.85144271
2463,10,142,25003.50594203
2464,10,143,27005.14698709
2465,10,144,23395.33134254
2466,10,145,25727.93779342
2467,10,146,16307.59589229
2468,10,147,9373.67306162
2469,10,148,9428.52485995
2470,10,149,7224.44041758
2471,10,150,13437.23426832
2472,10,151,8721.5177879
2473,10,152,9374.70798427
2474,10,153,9175.53544993
2475,10,154,9092.92812337
2476,10,155,10094.08183608
2477,10,156,6585.19914597
2478,10,157,7721.66372904
2479,10,158,14667.68527496
2480,10,159,7130.62168597
2481,10,160,11731.31518265
2482,10,161,9569.1766399
2483,10,162,9484.02919933
2484,10,163,6044.83816742
2485,10,164,9206.64691535
2486,10,165,6317.52685187
2487,10,166,5904.9199603
2488,10,167,9490.76062202
2489,10,168,27681.23978931
2490,10,169,25389.14403499
2491,10,170,26358.73509536
2492,10,171,29013.16342215
2493,10,172,27879.41750775
2494,10,173,28449.51455065
2495,10,174,29701.93024178
2496,10,175,29433.92792714
2497,10,176,30652.72415768
2498,10,177,28018.07645794
2499,10,178,19130.23114618
2500,10,179,14690.26048953
2501,10,180,21133.69280296
2502,10,181,25519.27986638
2503,10,182,28793.92117688
2504,10,183,33264.42078864
2505,10,184,23009.61415119
2506,10,185,16505.80604581
2507,10,186,27890.86725897
2508,10,187,31966.20213446
2509,10,188,32186.09045828
2510,10,189,30098.50668087
2511,10,190,30095.5047947
2512,10,191,30069.97641749
2513,10,192,30575.58750092
2514,10,193,30119.43197624
2515,10,194,30093.28620875
2516,10,195,30112.11714814
2517,10,196,32547.43240599
2518,10,197,31236.04037471
2519,10,198,11171.6437601
2520,10,199,14120.95038749
2521,10,200,41028.73672443
2522,10,201,26152.42558887
2523,10,202,50434.06041736
2524,10,203,45748.68893843
2525,10,204,37565.58311903
2526,10,205,29853.36823493
2527,10,206,22398.36844515
2528,10,207,54060.37679401
2529,10,208,16607.2680992
2530,10,209,7841.06694658
2531,10,210,2719.92389746
2532,10,211,12787.15634968
2533,10,212,47968.08123224
2534,10,213,55416.57549447
2535,10,214,33097.46395546
2536,10,215,16291.07451891
2537,10,216,6974.84386544
2538,10,217,11033.3945262
2539,10,218,12884.75922935
2540,10,219,40853.47815376
2541,10,220,45176.05805955
2542,10,221,8118.98094803
2543,10,222,23414.02214569
2544,10,223,4760.41896442
2545,10,224,49919.11767479
2546,10,225,8375.41516076
2547,10,226,29153.85366978
2548,10,227,18136.24522793
2549,10,228,52069.2283012
2550,10,229,35546.11085541
2551,10,230,38022.7344327
2552,10,231,3439.74509816
2553,10,232,3072.19145432
2554,10,233,3839.61674639
2555,10,234,1800.18293212
2556,10,235,2585.26712669
2557,10,236,4289.42716595
2558,10,237,2098.37222318
2559,10,238,29776.53384649
2560,10,239,20329.23483658
2561,10,240,28187.31211793
2562,10,241,10923.8745026
2563,10,242,16467.89553072
2564,10,243,9922.66693082
2565,10,244,24792.84055908
2566,10,245,23906.08313306
2567,10,246,25739.78939328
2568,10,247,21063.76662368
2569,10,248,22970.00840774
2570,10,249,28931.741368
2571,10,250,28691.36830106
2572,10,251,19506.62803664
2573,10,252,12231.07335514
2574,10,253,9950.33260317
2575,10,254,26549.60350753
2576,10,255,27279.96152536
2577,10,256,28465.29135861
2578,10,257,21751.27042716
2579,10,258,14798.48557712
2580,11,1,3699.39627571
2581,11,2,10797.45373069
2582,11,3,4740.173864
2583,11,4,8262.28372376
2584,11,5,10193.56493878
2585,11,6,9479.32013816
2586,11,7,801.59786578
2587,11,8,6750.36260232
2588,11,9,5900.2094527
2589,11,10,2149.52694572
2590,11,11,0.0
2591,11,12,1433.122402
2592,11,13,2781.52271871
2593,11,14,8631.74835655
2594,11,15,7673.4522406
2595,11,16,11626.80777298
2596,11,17,8561.29813831
2597,11,18,8036.55910927
2598,11,19,5949.8905491
2599,11,20,7289.01214255
2600,11,21,10644.43316557
2601,11,22,13573.97037659
2602,11,23,7191.14702024
2603,11,24,6860.35751436
2604,11,25,6226.46854645
2605,11,26,11148.14089061
2606,11,27,9707.42627392
2607,11,28,7264.44741852
2608,11,29,10014.3607902
2609,11,30,7639.13090488
2610,11,31,6149.57655613
2611,11,32,5956.40600997
2612,11,33,12226.01824765
2613,11,34,7002.83342025
2614,11,35,5975.07151063
2615,11,36,15821.34061438
2616,11,37,16584.26589381
2617,11,38,6402.58843817
2618,11,39,7789.00705414
2619,11,40,17591.412102
2620,11,41,10360.03691806
2621,11,42,6007.0750418
2622,11,43,22764.90572789
2623,11,44,9992.4766823
2624,11,45,4909.71801306
2625,11,46,7306.1837855
2626,11,47,28312.4519248
2627,11,48,29377.64859398
2628,11,49,3257.61633253
2629,11,50,24944.90735198
2630,11,51,1158.4971888
2631,11,52,1051.41864569
2632,11,53,5894.09449517
2633,11,54,1881.87615474
2634,11,55,20530.71746181
2635,11,56,3897.06739486
2636,11,57,12549.312672
2637,11,58,10323.70671288
2638,11,59,2635.20026323
2639,11,60,1295.7983182
2640,11,61,4938.23732801
2641,11,62,15249.62170417
2642,11,63,3855.70030028
2643,11,64,22693.60310581
2644,11,65,2735.08592201
2645,11,66,8446.26576827
2646,11,67,10386.57268975
2647,11,68,9073.17428539
2648,11,69,37949.56793419
2649,11,70,14907.90350438
2650,11,71,47629.79983731
2651,11,72,24226.66413223
2652,11,73,49153.49324184
2653,11,74,39487.62808508
2654,11,75,26428.50042823
2655,11,76,45630.92751151
2656,11,77,50055.44949599
2657,11,78,50820.3345155
2658,11,79,28785.25153962
2659,11,80,43627.44555422
2660,11,81,42246.05967659
2661,11,82,31603.43766884
2662,11,83,7587.99397881
2663,11,84,44695.99472998
2664,11,85,34006.92086794
2665,11,86,7218.85005283
2666,11,87,12638.22870916
2667,11,88,7442.59327935
2668,11,89,8746.45687113
2669,11,90,1454.04836937
2670,11,91,3616.01742449
2671,11,92,2909.7130146
2672,11,93,11732.36843636
2673,11,94,9106.32235982
2674,11,95,1513.56740692
2675,11,96,10101.16438839
2676,11,97,14261.35201228
2677,11,98,13112.54919583
2678,11,99,8266.68125462
2679,11,100,8533.07920995
2680,11,101,4705.9489814
2681,11,102,8580.98933689
2682,11,103,15388.25113363
2683,11,104,5841.01451327
2684,11,105,1760.99261374
2685,11,106,10604.91321093
2686,11,107,2546.16976235
2687,11,108,11845.48565591
2688,11,109,4657.11743203
2689,11,110,13055.29159421
2690,11,111,5955.45431378
2691,11,112,10666.17291728
2692,11,113,14373.38214456
2693,11,114,3154.62547981
2694,11,115,17073.06017255
2695,11,116,4677.76732486
2696,11,117,11544.35797861
2697,11,118,10261.13908421
2698,11,119,18939.41460695
2699,11,120,7930.38572943
2700,11,121,12137.9533251
2701,11,122,11221.86993752
2702,11,123,5450.34954317
2703,11,124,6883.52308896
2704,11,125,2499.48095396
2705,11,126,8743.67336207
2706,11,127,3798.66077204
2707,11,128,12814.15396505
2708,11,129,2320.80298321
2709,11,130,9415.87108604
2710,11,131,14902.31123556
2711,11,132,7799.11007862
2712,11,133,15645.52145543
2713,11,134,23919.20861587
2714,11,135,19983.08821267
2715,11,136,17566.72230897
2716,11,137,13537.86869639
2717,11,138,14373.67779149
2718,11,139,18850.43427587
2719,11,140,15770.08642394
2720,11,141,16025.47981545
2721,11,142,22899.74379844
2722,11,143,24943.15945818
2723,11,144,21296.79464116
2724,11,145,23696.14223097
2725,11,146,14268.87351297
2726,11,147,7826.93689531
2727,11,148,9835.50596573
2728,11,149,5212.14619406
2729,11,150,14543.12541502
2730,11,151,7742.45683114
2731,11,152,9603.18463616
2732,11,153,7791.86054607
2733,11,154,7287.25098531
2734,11,155,11144.22164874
2735,11,156,5110.53436282
2736,11,157,5851.1103095
2737,11,158,15893.3209584
2738,11,159,5850.87036528
2739,11,160,12807.32761042
2740,11,161,10391.92940494
2741,11,162,10147.01395465
2742,11,163,4076.82184806
2743,11,164,9260.23925631
2744,11,165,4187.23694041
2745,11,166,4113.1518412
2746,11,167,7814.6976236
2747,11,168,29616.04069908
2748,11,169,27364.71488117
2749,11,170,28300.82734453
2750,11,171,30935.0499839
2751,11,172,29686.75236092
2752,11,173,30290.28844717
2753,11,174,31577.30488007
2754,11,175,31114.30158817
2755,11,176,32228.08658202
2756,11,177,29777.14764995
2757,11,178,18766.67812391
2758,11,179,14277.58372341
2759,11,180,20834.59658453
2760,11,181,25603.36029194
2761,11,182,29088.11691295
2762,11,183,33600.76532567
2763,11,184,22902.35527115
2764,11,185,16182.39267995
2765,11,186,28109.3289993
2766,11,187,32305.33393542
2767,11,188,34197.1655905
2768,11,189,31918.6613838
2769,11,190,31536.72816931
2770,11,191,31781.06914932
2771,11,192,32535.95218517
2772,11,193,31779.67398749
2773,11,194,31651.61559698
2774,11,195,32011.57057938
2775,11,196,34610.61825537
2776,11,197,32608.07334803
2777,11,198,13271.44175657
2778,11,199,16240.57600953
2779,11,200,43066.58826851
2780,11,201,28284.60408431
2781,11,202,52413.32895351
2782,11,203,47747.421342
2783,11,204,39622.32930128
2784,11,205,31927.59816793
2785,11,206,24547.00362707
2786,11,207,56062.5657737
2787,11,208,18755.75304401
2788,11,209,5898.04922795
2789,11,210,901.3537224
2790,11,211,10733.169222
2791,11,212,46183.54579366
2792,11,213,53673.97577953
2793,11,214,34423.06216615
2794,11,215,17280.05486999
2795,11,216,6990.81257101
2796,11,217,11886.38090074
2797,11,218,13684.60412027
2798,11,219,41939.40905622
2799,11,220,46215.71012498
2800,11,221,9069.37871322
2801,11,222,24786.25799454
2802,11,223,4254.95804043
2803,11,224,50910.2302573
2804,11,225,8831.76089441
2805,11,226,30546.42198207
2806,11,227,19337.2444368
2807,11,228,53030.66989968
2808,11,229,36771.50771895
2809,11,230,39179.79867174
2810,11,231,1358.31369996
2811,11,232,1002.24078759
2812,11,233,1748.64111289
2813,11,234,385.73028088
2814,11,235,543.19460354
2815,11,236,2187.09557824
2816,11,237,259.41585858
2817,11,238,28087.36386045
2818,11,239,18992.76567754
2819,11,240,26640.94531421
2820,11,241,9312.16427088
2821,11,242,15050.61019813
2822,11,243,7999.84067728
2823,11,244,23385.10323193
2824,11,245,22459.69283466
2825,11,246,24365.33794623
2826,11,247,19633.53429391
2827,11,248,21517.64195853
2828,11,249,27344.77462609
2829,11,250,26955.29591484
2830,11,251,18261.52278526
2831,11,252,10561.03199482
2832,11,253,7882.38678393
2833,11,254,25138.88784732
2834,11,255,25801.40469243
2835,11,256,26671.75498648
2836,11,257,20262.90963018
2837,11,258,13264.72485328
2838,12,1,2286.74949102
2839,12,2,9436.74222528
2840,12,3,3334.14113457
2841,12,4,6836.80123527
2842,12,5,8804.68803207
2843,12,6,8059.14565486
2844,12,7,2216.86873468
2845,12,8,5343.54519148
2846,12,9,4490.43745919
2847,12,10,3043.94622858
2848,12,11,1433.122402
2849,12,12,0.0
2850,12,13,1348.48555895
2851,12,14,7198.68551699
2852,12,15,6271.51720826
2853,12,16,10322.54785449
2854,12,17,8324.38004693
2855,12,18,7650.03379412
2856,12,19,4560.70743838
2857,12,20,6270.73057638
2858,12,21,10640.3702605
2859,12,22,12904.05237361
2860,12,23,6408.15115115
2861,12,24,5780.47160202
2862,12,25,4953.16482312
2863,12,26,10501.14743649
2864,12,27,9597.55900153
2865,12,28,6447.58789666
2866,12,29,9408.52846366
2867,12,30,7091.11177683
2868,12,31,4853.14797886
2869,12,32,4600.11916631
2870,12,33,12296.82284231
2871,12,34,5813.73943927
2872,12,35,4543.1933411
2873,12,36,15118.64567121
2874,12,37,15835.32901017
2875,12,38,5197.32524372
2876,12,39,7099.00431291
2877,12,40,17855.23287277
2878,12,41,10510.7522895
2879,12,42,6624.4169509
2880,12,43,23023.67058249
2881,12,44,10248.58418515
2882,12,45,5431.77447747
2883,12,46,7890.32800196
2884,12,47,28629.43569018
2885,12,48,29708.52809401
2886,12,49,4078.9677616
2887,12,50,25211.21721451
2888,12,51,2207.37333487
2889,12,52,2484.13582958
2890,12,53,5688.50475969
2891,12,54,3314.19968554
2892,12,55,20488.50093288
2893,12,56,5251.71020642
2894,12,57,12252.43439573
2895,12,58,10029.60264401
2896,12,59,4058.97696305
2897,12,60,1620.590645
2898,12,61,6000.67937447
2899,12,62,15019.4907074
2900,12,63,3703.62582144
2901,12,64,22770.5098632
2902,12,65,2823.718639
2903,12,66,8142.66762138
2904,12,67,11041.58153021
2905,12,68,9726.72286665
2906,12,69,38354.34930848
2907,12,70,15567.05174732
2908,12,71,48022.94472472
2909,12,72,24803.50495962
2910,12,73,49579.55644487
2911,12,74,39897.37081481
2912,12,75,26984.27832679
2913,12,76,46006.84804114
2914,12,77,50592.36948814
2915,12,78,51287.54468208
2916,12,79,29313.97796027
2917,12,80,44033.13418376
2918,12,81,42635.36890325
2919,12,82,32016.08684151
2920,12,83,8941.34787717
2921,12,84,45088.43655908
2922,12,85,34415.71838316
2923,12,86,8500.50032007
2924,12,87,13296.47452999
2925,12,88,8515.02605167
2926,12,89,10144.25872782
2927,12,90,1074.57054937
2928,12,91,2390.90339021
2929,12,92,4030.91337649
2930,12,93,10308.00518214
2931,12,94,7709.23085242
2932,12,95,768.7557199
2933,12,96,11335.88671372
2934,12,97,15558.71079054
2935,12,98,14385.37254885
2936,12,99,6978.81119434
2937,12,100,9781.92563106
2938,12,101,3484.56851217
2939,12,102,7249.92634941
2940,12,103,16682.38582941
2941,12,104,7132.5646323
2942,12,105,2671.19005215
2943,12,106,9207.38036919
2944,12,107,1349.61894892
2945,12,108,13081.76638413
2946,12,109,5866.86206717
2947,12,110,14451.18484332
2948,12,111,7021.02273897
2949,12,112,9311.10638349
2950,12,113,15795.46061115
2951,12,114,3763.09327864
2952,12,115,18505.74324019
2953,12,116,3247.20859201
2954,12,117,10289.32074364
2955,12,118,11558.12273394
2956,12,119,20372.25322876
2957,12,120,9072.67549261
2958,12,121,10914.37318926
2959,12,122,12571.53104205
2960,12,123,4017.35704035
2961,12,124,5451.14160195
2962,12,125,1713.45594544
2963,12,126,9965.59245998
2964,12,127,2416.68297955
2965,12,128,11622.56885903
2966,12,129,2150.7536842
2967,12,130,7987.44725907
2968,12,131,16334.09224445
2969,12,132,6368.89911714
2970,12,133,17078.45841255
2971,12,134,23040.38977624
2972,12,135,19072.4041734
2973,12,136,16740.60006265
2974,12,137,13722.13014877
2975,12,138,14761.09060877
2976,12,139,17967.32950779
2977,12,140,15227.18633561
2978,12,141,15668.07299205
2979,12,142,22061.67154201
2980,12,143,24008.55343331
2981,12,144,20445.93416311
2982,12,145,22709.9521572
2983,12,146,14214.01417027
2984,12,147,6460.77545643
2985,12,148,8822.96398617
2986,12,149,4230.68618205
2987,12,150,13871.74063191
2988,12,151,6315.15034694
2989,12,152,8509.35686367
2990,12,153,6382.20963758
2991,12,154,6058.45714199
2992,12,155,10479.82505193
2993,12,156,5958.69663895
2994,12,157,4677.7179646
2995,12,158,15293.404789
2996,12,159,6804.23088969
2997,12,160,12135.37890268
2998,12,161,9597.36334823
2999,12,162,9264.29377744
3000,12,163,4422.25172403
3001,12,164,8095.61805432
3002,12,165,3580.86884792
3003,12,166,4718.26488037
3004,12,167,6504.37000842
3005,12,168,29649.82439127
3006,12,169,27466.22328493
3007,12,170,28348.15112191
3008,12,171,30947.49905347
3009,12,172,29552.29449231
3010,12,173,30195.37218748
3011,12,174,31524.42179651
3012,12,175,30836.95312888
3013,12,176,31846.2839942
3014,12,177,29586.81032199
3015,12,178,20003.99346844
3016,12,179,15514.77158456
3017,12,180,22087.90080633
3018,12,181,26952.67908446
3019,12,182,30475.26374417
3020,12,183,34992.71637718
3021,12,184,24208.29282786
3022,12,185,17440.79244218
3023,12,186,29483.81709348
3024,12,187,33698.2081964
3025,12,188,35223.44787563
3026,12,189,33116.04757298
3027,12,190,32897.41922536
3028,12,191,33040.99589371
3029,12,192,33619.50609419
3030,12,193,33063.61884559
3031,12,194,32976.02654648
3032,12,195,33150.70093563
3033,12,196,35561.01057989
3034,12,197,33986.2257725
3035,12,198,13678.55755949
3036,12,199,16691.52118891
3037,12,200,44055.75782384
3038,12,201,29066.87651419
3039,12,202,53476.49908614
3040,12,203,48788.16404396
3041,12,204,40582.65607985
3042,12,205,32859.05637206
3043,12,206,25217.97305202
3044,12,207,57098.82880167
3045,12,208,19365.02134836
3046,12,209,6180.33806318
3047,12,210,2082.1546538
3048,12,211,10676.21499234
3049,12,212,46447.60240496
3050,12,213,53981.15583357
3051,12,214,35811.57704989
3052,12,215,18706.55600228
3053,12,216,8380.02154051
3054,12,217,13317.30777703
3055,12,218,15117.43391492
3056,12,219,43362.9310325
3057,12,220,47643.05418288
3058,12,221,10491.50863716
3059,12,222,26161.90565339
3060,12,223,5589.35135767
3061,12,224,52340.50392094
3062,12,225,10258.79816958
3063,12,226,31919.2439142
3064,12,227,20742.2460843
3065,12,228,54462.19618546
3066,12,229,38178.01683001
3067,12,230,40595.78349003
3068,12,231,1945.96197504
3069,12,232,1789.46077721
3070,12,233,2164.56035649
3071,12,234,1737.850126
3072,12,235,1666.0866566
3073,12,236,2443.39994
3074,12,237,1689.13942723
3075,12,238,26801.96390175
3076,12,239,17588.48779352
3077,12,240,25294.98686423
3078,12,241,7975.56779445
3079,12,242,13660.34881529
3080,12,243,6880.56263804
3081,12,244,21997.79388862
3082,12,245,21081.61273065
3083,12,246,22970.96877078
3084,12,247,18249.8439364
3085,12,248,20140.70025727
3086,12,249,26013.95524829
3087,12,250,25694.67868023
3088,12,251,16842.86065225
3089,12,252,9254.0352936
3090,12,253,6989.96515443
3091,12,254,23752.95348538
3092,12,255,24433.57093266
3093,12,256,25446.37574608
3094,12,257,18895.45642249
3095,12,258,11905.61684396
3096,13,1,1022.10533895
3097,13,2,8171.00512846
3098,13,3,2053.95349694
3099,13,4,5502.31242411
3100,13,5,7506.64428997
3101,13,6,6724.37451261
3102,13,7,3562.75467367
3103,13,8,4042.94691984
3104,13,9,3189.38581231
3105,13,10,4179.59219784
3106,13,11,2781.52271871
3107,13,12,1348.48555895
3108,13,13,0.0
3109,13,14,5850.22673707
3110,13,15,4974.97050635
3111,13,16,9120.32370027
3112,13,17,8344.62232749
3113,13,18,7542.34628396
3114,13,19,3280.17963778
3115,13,20,5502.96309538
3116,13,21,10832.14717245
3117,13,22,12372.67542682
3118,13,23,5878.58484543
3119,13,24,4913.98636041
3120,13,25,3872.89341405
3121,13,26,10021.95360615
3122,13,27,9709.47131292
3123,13,28,5917.83486107
3124,13,29,8990.52883525
3125,13,30,6835.6373891
3126,13,31,3712.86474291
3127,13,32,3393.04115134
3128,13,33,12534.45782714
3129,13,34,4833.44037772
3130,13,35,3195.69737483
3131,13,36,14536.17266675
3132,13,37,15201.36799618
3133,13,38,4180.63488127
3134,13,39,6648.8596973
3135,13,40,18223.43529761
3136,13,41,10845.43324219
3137,13,42,7430.3012264
3138,13,43,23365.32268945
3139,13,44,10680.86841238
3140,13,45,6207.71633593
3141,13,46,8640.10920239
3142,13,47,29009.47269251
3143,13,48,30099.08441464
3144,13,49,5116.89242695
3145,13,50,25553.14925106
3146,13,51,3462.44605939
3147,13,52,3832.19777595
3148,13,53,5799.06731895
3149,13,54,4661.88660347
3150,13,55,20519.12803912
3151,13,56,6561.51274433
3152,13,57,12100.98327482
3153,13,58,9914.23915221
3154,13,59,5404.5163852
3155,13,60,2686.25202289
3156,13,61,7130.69879992
3157,13,62,14904.75685614
3158,13,63,4028.66156078
3159,13,64,22903.66665308
3160,13,65,3474.82568946
3161,13,66,8060.65932566
3162,13,67,11767.35554316
3163,13,68,10467.42942386
3164,13,69,38759.76887852
3165,13,70,16260.74190456
3166,13,71,48408.58699792
3167,13,72,25389.48480559
3168,13,73,49994.6932505
3169,13,74,40305.66911279
3170,13,75,27546.16965963
3171,13,76,46378.04617397
3172,13,77,51109.78073878
3173,13,78,51739.80128548
3174,13,79,29846.61751529
3175,13,80,44433.66324873
3176,13,81,43021.96893651
3177,13,82,32437.52477337
3178,13,83,10228.89724237
3179,13,84,45475.75372118
3180,13,85,34829.91952507
3181,13,86,9737.34248064
3182,13,87,14004.36799743
3183,13,88,9598.67260094
3184,13,89,11463.50293589
3185,13,90,1990.02851121
3186,13,91,1614.73712986
3187,13,92,5218.33270685
3188,13,93,8973.35664479
3189,13,94,6415.53572491
3190,13,95,1665.66772455
3191,13,96,12527.02092361
3192,13,97,16791.51507811
3193,13,98,15599.74470902
3194,13,99,5841.46994356
3195,13,100,10989.39396892
3196,13,101,2563.25236265
3197,13,102,6050.66307801
3198,13,103,17911.16417226
3199,13,104,8382.7612009
3200,13,105,3822.69472396
3201,13,106,7910.0625877
3202,13,107,1108.43722618
3203,13,108,14269.23215079
3204,13,109,7073.23797871
3205,13,110,15774.7566263
3206,13,111,8138.59761008
3207,13,112,8069.43231415
3208,13,113,17137.38482242
3209,13,114,4690.53913852
3210,13,115,19854.18737404
3211,13,116,1902.35425789
3212,13,117,9168.55531311
3213,13,118,12812.54201321
3214,13,119,21719.9706741
3215,13,120,10225.13663453
3216,13,121,9828.0196585
3217,13,122,13862.74202266
3218,13,123,2669.86854934
3219,13,124,4103.03148105
3220,13,125,1908.16709031
3221,13,126,11170.41113198
3222,13,127,1214.92893394
3223,13,128,10570.0380786
3224,13,129,2783.86596339
3225,13,130,6647.65860761
3226,13,131,17682.16760827
3227,13,132,5022.98965311
3228,13,133,18426.94392688
3229,13,134,22248.59849331
3230,13,135,18259.46776173
3231,13,136,16023.16486912
3232,13,137,14007.25062736
3233,13,138,15220.64430156
3234,13,139,17186.43690306
3235,13,140,14804.72825974
3236,13,141,15425.12138069
3237,13,142,21313.06725802
3238,13,143,23158.89567374
3239,13,144,19689.14095517
3240,13,145,21811.11146319
3241,13,146,14272.99482039
3242,13,147,5199.74265793
3243,13,148,8006.18175812
3244,13,149,3575.8081693
3245,13,150,13370.00569462
3246,13,151,4978.07148044
3247,13,152,7600.43616493
3248,13,153,5062.7511841
3249,13,154,4988.25182273
3250,13,155,10023.19651778
3251,13,156,6921.18917635
3252,13,157,3725.83854811
3253,13,158,14853.76206045
3254,13,159,7823.10261311
3255,13,160,11649.64661169
3256,13,161,9014.85524799
3257,13,162,8589.47927982
3258,13,163,5088.94924697
3259,13,164,7105.33123937
3260,13,165,3463.46841367
3261,13,166,5556.40784115
3262,13,167,5318.19929093
3263,13,168,29765.71317194
3264,13,169,27650.23443364
3265,13,170,28479.57405352
3266,13,171,31040.77846492
3267,13,172,29510.00495049
3268,13,173,30189.14230782
3269,13,174,31555.22069107
3270,13,175,30655.93768583
3271,13,176,31563.02476506
3272,13,177,29491.38759983
3273,13,178,21180.89841289
3274,13,179,16697.88294674
3275,13,180,23276.56232147
3276,13,181,28223.08115018
3277,13,182,31779.0885931
3278,13,183,36300.48468093
3279,13,184,25441.41385055
3280,13,185,18638.67302692
3281,13,186,30776.26948554
3282,13,187,35006.94954119
3283,13,188,36228.36753291
3284,13,189,34270.12870991
3285,13,190,34189.25256986
3286,13,191,34248.34004473
3287,13,192,34675.31619834
3288,13,193,34291.26231034
3289,13,194,34237.68650257
3290,13,195,34254.79070427
3291,13,196,36499.17325387
3292,13,197,35292.29924284
3293,13,198,14202.85989612
3294,13,199,17233.37092961
3295,13,200,45023.00794765
3296,13,201,29863.99918482
3297,13,202,54505.99606391
3298,13,203,49799.20674929
3299,13,204,41526.20034495
3300,13,205,33782.88398205
3301,13,206,25923.7398093
3302,13,207,58103.39032952
3303,13,208,20033.3352243
3304,13,209,6701.25137544
3305,13,210,3371.82933132
3306,13,211,10776.55895266
3307,13,212,46714.23777532
3308,13,213,54282.66348426
3309,13,214,37125.97647766
3310,13,215,20051.33860865
3311,13,216,9694.62900122
3312,13,217,14664.97175705
3313,13,218,16465.91162194
3314,13,219,44705.1123706
3315,13,220,48988.06559611
3316,13,221,11834.08017479
3317,13,222,27467.01833891
3318,13,223,6875.71124382
3319,13,224,53687.5666817
3320,13,225,11601.18678744
3321,13,226,33221.18840697
3322,13,227,22071.20031638
3323,13,228,55810.05313824
3324,13,229,39506.89362947
3325,13,230,41932.146316
3326,13,231,3050.73465747
3327,13,232,2996.37162855
3328,13,233,3145.42591993
3329,13,234,3079.48770205
3330,13,235,2972.95919343
3331,13,236,3278.10994753
3332,13,237,3036.94565664
3333,13,238,25596.94668381
3334,13,239,16267.17505299
3335,13,240,24030.04939412
3336,13,241,6744.60381862
3337,13,242,12355.36420741
3338,13,243,5935.29389504
3339,13,244,20692.48072283
3340,13,245,19785.85320603
3341,13,246,21658.40880336
3342,13,247,16949.40233855
3343,13,248,18846.4275997
3344,13,249,24763.87760125
3345,13,250,24515.18657549
3346,13,251,15507.20246986
3347,13,252,8053.00544008
3348,13,253,6314.95303234
3349,13,254,22448.59772386
3350,13,255,23147.06200229
3351,13,256,24302.52407382
3352,13,257,17611.44420416
3353,13,258,10636.78078322
3354,14,1,4996.21353371
3355,14,2,3527.17810454
3356,14,3,4042.4312794
3357,14,4,938.96952436
3358,14,5,2605.85668255
3359,14,6,1345.92349894
3360,14,7,9409.5144093
3361,14,8,2323.19581696
3362,14,9,2976.1634099
3363,14,10,9747.5544782
3364,14,11,8631.74835655
3365,14,12,7198.68551699
3366,14,13,5850.22673707
3367,14,14,0.0
3368,14,15,1865.45888216
3369,14,16,4924.22354506
3370,14,17,10608.06297319
3371,14,18,9554.39391111
3372,14,19,3068.27236807
3373,14,20,5726.05547424
3374,14,21,13283.31343651
3375,14,22,11742.0816923
3376,14,23,6993.10218694
3377,14,24,5137.38521666
3378,14,25,3941.61998011
3379,14,26,10033.51744264
3380,14,27,12040.61446118
3381,14,28,6946.51501787
3382,14,29,9502.22495998
3383,14,30,8535.10254062
3384,14,31,3702.59228039
3385,14,32,3409.66888595
3386,14,33,14960.86379816
3387,14,34,4460.84965583
3388,14,35,2664.28052749
3389,14,36,13400.42900008
3390,14,37,13746.08291061
3391,14,38,4298.58938306
3392,14,39,7746.04577091
3393,14,40,20746.55371792
3394,14,41,13780.44455903
3395,14,42,12083.11851833
3396,14,43,25592.46325826
3397,14,44,13951.20131485
3398,14,45,10929.05514535
3399,14,46,13037.43324568
3400,14,47,31247.90052567
3401,14,48,32358.33905979
3402,14,49,10462.60040979
3403,14,50,27719.54072829
3404,14,51,9213.64733313
3405,14,52,9682.22311228
3406,14,53,9039.80536177
3407,14,54,10511.48395022
3408,14,55,21685.77362216
3409,14,56,12336.08929987
3410,14,57,13173.26055806
3411,14,58,11455.80133023
3412,14,59,11248.94081583
3413,14,60,8327.26875216
3414,14,61,12531.69916354
3415,14,62,15830.00649668
3416,14,63,8339.63098222
3417,14,64,24391.27438475
3418,14,65,8497.05798333
3419,14,66,10098.64138804
3420,14,67,15911.80468579
3421,14,68,14739.77731938
3422,14,69,41025.23763885
3423,14,70,20085.40972665
3424,14,71,50503.61209979
3425,14,72,28568.95435616
3426,14,73,52199.49405601
3427,14,74,42565.83287558
3428,14,75,30591.78060438
3429,14,76,48429.75151889
3430,14,77,53725.70003185
3431,14,78,54085.39346465
3432,14,79,32739.28232896
3433,14,80,46622.29131269
3434,14,81,45166.59135512
3435,14,82,34851.84479726
3436,14,83,15939.14784863
3437,14,84,47601.24315822
3438,14,85,37180.09950463
3439,14,86,15332.50523944
3440,14,87,17972.95143521
3441,14,88,14827.10953372
3442,14,89,17244.55305348
3443,14,90,7637.26415677
3444,14,91,5577.39125599
3445,14,92,10824.42797278
3446,14,93,3298.86132954
3447,14,94,1958.84594032
3448,14,95,7368.77832963
3449,14,96,17966.84064791
3450,14,97,22307.41883661
3451,14,98,21070.5501323
3452,14,99,3563.73305752
3453,14,100,16494.38648475
3454,14,101,4933.10257188
3455,14,102,3045.94192931
3456,14,103,23407.60572633
3457,14,104,14027.53273689
3458,14,105,9449.99935833
3459,14,106,2855.48836359
3460,14,107,6378.71113972
3461,14,108,19676.22954036
3462,14,109,12653.17232963
3463,14,110,21547.11015011
3464,14,111,13472.34130706
3465,14,112,3650.93631524
3466,14,113,22965.0548948
3467,14,114,9893.45804125
3468,14,115,25703.93525144
3469,14,116,3962.76575398
3470,14,117,5579.1813778
3471,14,118,18399.32348665
3472,14,119,27568.67555146
3473,14,120,15580.1597309
3474,14,121,6359.7015913
3475,14,122,19546.16906271
3476,14,123,3184.32113739
3477,14,124,1755.20642893
3478,14,125,6976.97608942
3479,14,126,16642.6739959
3480,14,127,4971.82275803
3481,14,128,7206.82983168
3482,14,129,7952.72711301
3483,14,130,1083.17611341
3484,14,131,23530.32320147
3485,14,132,925.59338114
3486,14,133,24277.0697084
3487,14,134,19571.53478907
3488,14,135,15655.02713715
3489,14,136,14071.7665508
3490,14,137,16544.58409137
3491,14,138,18294.99895071
3492,14,139,14817.81686015
3493,14,140,14402.03252788
3494,14,141,15764.70760743
3495,14,142,18893.64402401
3496,14,143,20151.54015613
3497,14,144,17302.1303413
3498,14,145,18590.03443603
3499,14,146,15946.28248586
3500,14,147,2351.15894651
3501,14,148,6784.8574454
3502,14,149,5744.27529921
3503,14,150,12670.52005578
3504,14,151,1152.44837651
3505,14,152,5989.35936082
3506,14,153,1525.9523174
3507,14,154,3997.66963195
3508,14,155,10058.58355666
3509,14,156,12006.84016801
3510,14,157,4640.42633107
3511,14,158,14285.81166011
3512,14,159,12975.35347828
3513,14,160,11260.61804165
3514,14,161,8698.41104421
3515,14,162,7936.96126666
3516,14,163,9790.57392917
3517,14,164,5184.02979069
3518,14,165,7127.65273344
3519,14,166,10520.14629339
3520,14,167,3128.52112985
3521,14,168,30912.17307313
3522,14,169,29127.57393073
3523,14,170,29720.15338779
3524,14,171,32065.55501826
3525,14,172,29995.0753025
3526,14,173,30812.28567836
3527,14,174,32306.27278204
3528,14,175,30514.2366025
3529,14,176,30949.67742039
3530,14,177,29748.77367637
3531,14,178,26492.35220795
3532,14,179,22065.83228351
3533,14,180,28613.2840335
3534,14,181,33815.74936974
3535,14,182,37480.73421611
3536,14,183,42012.23454094
3537,14,184,30916.12944434
3538,14,185,24035.1003985
3539,14,186,36440.00075805
3540,14,187,40722.99305965
3541,14,188,40794.13879341
3542,14,189,39401.94283151
3543,14,190,39827.21086386
3544,14,191,39576.30060025
3545,14,192,39440.7204262
3546,14,193,39693.65478818
3547,14,194,39764.94818512
3548,14,195,39201.82324524
3549,14,196,40810.18701169
3550,14,197,40981.62615275
3551,14,198,17498.67771471
3552,14,199,20434.77817046
3553,14,200,49400.78533412
3554,14,201,33701.91607036
3555,14,202,59096.86451483
3556,14,203,54330.72388674
3557,14,204,45828.37321348
3558,14,205,38059.16332001
3559,14,206,29478.09629993
3560,14,207,62586.19350987
3561,14,208,23585.5489408
3562,14,209,10798.81925408
3563,14,210,9168.47976682
3564,14,211,12979.21745084
3565,14,212,48330.43735117
3566,14,213,55987.91812975
3567,14,214,42844.96307928
3568,14,215,25887.58537715
3569,14,216,15470.80102457
3570,14,217,20511.81004914
3571,14,218,22315.91113072
3572,14,219,50528.30859054
3573,14,220,54822.48394579
3574,14,221,17666.57472103
3575,14,222,33160.8517463
3576,14,223,12613.62261528
3577,14,224,59530.56552547
3578,14,225,17438.19779989
3579,14,226,38897.2000152
3580,14,227,27852.99942962
3581,14,228,61656.62524594
3582,14,229,45279.39388291
3583,14,230,47732.82223783
3584,14,231,8688.0292976
3585,14,232,8731.21035622
3586,14,233,8645.63935104
3587,14,234,8922.82624158
3588,14,235,8791.95487357
3589,14,236,8588.20067386
3590,14,237,8886.89429347
3591,14,238,20599.86255
3592,14,239,10627.50040276
3593,14,240,18697.01468111
3594,14,241,3039.57907218
3595,14,242,6910.29533603
3596,14,243,5015.75273905
3597,14,244,15132.23700053
3598,14,245,14294.27611386
3599,14,246,16046.46321921
3600,14,247,11454.02294302
3601,14,248,13373.12358177
3602,14,249,19513.21257136
3603,14,250,19676.94152837
3604,14,251,9763.13384488
3605,14,252,4136.34594923
3606,14,253,6595.40087624
3607,14,254,16884.75207131
3608,14,255,17689.70462572
3609,14,256,19670.61970498
3610,14,257,12221.92008829
3611,14,258,5610.7931224
3612,15,1,3985.21674641
3613,15,2,5382.83875491
3614,15,3,2937.38098171
3615,15,4,956.58034901
3616,15,5,4464.92340754
3617,15,6,3211.31574061
3618,15,7,8401.71144844
3619,15,8,932.32206292
3620,15,9,1785.63384534
3621,15,10,8456.84804926
3622,15,11,7673.4522406
3623,15,12,6271.51720826
3624,15,13,4974.97050635
3625,15,14,1865.45888216
3626,15,15,0.0
3627,15,16,6764.71381496
3628,15,17,8743.99419208
3629,15,18,7689.68945702
3630,15,19,3220.29436905
3631,15,20,3864.80617228
3632,15,21,11417.93742683
3633,15,22,13140.60261904
3634,15,23,7751.72684273
3635,15,24,5935.69818526
3636,15,25,2158.59421009
3637,15,26,11244.14446017
3638,15,27,10175.30444845
3639,15,28,5081.23675629
3640,15,29,10570.76818007
3641,15,30,6669.8592493
3642,15,31,4191.34777361
3643,15,32,1842.55302557
3644,15,33,13095.86709641
3645,15,34,2595.43314838
3646,15,35,2279.37459718
3647,15,36,14926.86411006
3648,15,37,15334.78462853
3649,15,38,4950.16896717
3650,15,39,8568.00683375
3651,15,40,18884.51638499
3652,15,41,11922.97347864
3653,15,42,10434.50822219
3654,15,43,23745.73389515
3655,15,44,12108.13137288
3656,15,45,9319.56743374
3657,15,46,11325.51371914
3658,15,47,29406.09098061
3659,15,48,30516.28286908
3660,15,49,9049.83833616
3661,15,50,25878.32797574
3662,15,51,8062.4569427
3663,15,52,8714.18941828
3664,15,53,9309.39891246
3665,15,54,9539.60145993
3666,15,55,22791.41774424
3667,15,56,11144.69671605
3668,15,57,14202.03515654
3669,15,58,12319.52857358
3670,15,59,10201.88469385
3671,15,60,7635.49878109
3672,15,61,11095.80873809
3673,15,62,16939.28719418
3674,15,63,8217.10585945
3675,15,64,25431.59676909
3676,15,65,8115.78581159
3677,15,66,10778.41138607
3678,15,67,16035.72413791
3679,15,68,14799.629089
3680,15,69,41904.72544564
3681,15,70,20368.36792818
3682,15,71,51447.14670867
3683,15,72,29125.93201677
3684,15,73,53113.3634954
3685,15,74,43449.70109699
3686,15,75,31200.87599221
3687,15,76,49382.935435
3688,15,77,54517.10598803
3689,15,78,54959.82821949
3690,15,79,33405.32166245
3691,15,80,47533.58346041
3692,15,81,46088.41493048
3693,15,82,35673.23052791
3694,15,83,15202.15096129
3695,15,84,48532.19182405
3696,15,85,38026.44512885
3697,15,86,14704.76763195
3698,15,87,18184.88399249
3699,15,88,14444.69267405
3700,15,89,16414.54490696
3701,15,90,6930.9799032
3702,15,91,4253.87290018
3703,15,92,10176.47412226
3704,15,93,4138.20575169
3705,15,94,1440.57204669
3706,15,95,6264.71686376
3707,15,96,17462.75758245
3708,15,97,21751.9320546
3709,15,98,20548.88813285
3710,15,99,1890.29520551
3711,15,100,15939.82178416
3712,15,101,3397.34004114
3713,15,102,1574.76936657
3714,15,103,22868.49465505
3715,15,104,13355.32708992
3716,15,105,8778.38553583
3717,15,106,2936.56297178
3718,15,107,5213.18765879
3719,15,108,19198.63076769
3720,15,109,12032.08855776
3721,15,110,20285.66758556
3722,15,111,11994.15199171
3723,15,112,3184.24935024
3724,15,113,21793.13007355
3725,15,114,8447.00767339
3726,15,115,24624.96836974
3727,15,116,3317.51640106
3728,15,117,4700.902946
3729,15,118,16996.4342649
3730,15,119,26535.86265073
3731,15,120,14085.35106931
3732,15,121,5461.2386692
3733,15,122,18204.70738108
3734,15,123,2500.07577837
3735,15,124,1762.82158851
3736,15,125,5669.58099769
3737,15,126,15190.15005457
3738,15,127,4431.58517666
3739,15,128,6295.5977709
3740,15,129,6588.98821037
3741,15,130,1993.74637803
3742,15,131,22437.34995311
3743,15,132,1904.36349562
3744,15,133,23210.43804624
3745,15,134,21366.19138785
3746,15,135,17427.25418462
3747,15,136,15745.29985935
3748,15,137,17222.65658314
3749,15,138,18824.50048664
3750,15,139,16556.32605862
3751,15,140,15795.75795975
3752,15,141,17012.99848506
3753,15,142,20658.12430775
3754,15,143,21977.29411842
3755,15,144,19056.30838671
3756,15,145,20428.45204567
3757,15,146,16863.22473515
3758,15,147,3586.31869056
3759,15,148,5148.73528375
3760,15,149,6024.2050652
3761,15,150,11098.14348899
3762,15,151,829.39522536
3763,15,152,4394.88629893
3764,15,153,2714.02839576
3765,15,154,4976.03239543
3766,15,155,8318.75639717
3767,15,156,11675.04860498
3768,15,157,5094.77491771
3769,15,158,12710.77328648
3770,15,159,12620.44994768
3771,15,160,9607.73458741
3772,15,161,6975.74734684
3773,15,162,6243.26193993
3774,15,163,9583.3663513
3775,15,164,3608.25481553
3776,15,165,7127.01418082
3777,15,166,10221.13434458
3778,15,167,4332.79432489
3779,15,168,29163.04782939
3780,15,169,27340.47800318
3781,15,170,27958.31094634
3782,15,171,30332.90656844
3783,15,172,28330.9997087
3784,15,173,29130.08439953
3785,15,174,30609.40016962
3786,15,175,28954.6515131
3787,15,176,29482.45693605
3788,15,177,28119.15408551
3789,15,178,26090.22386322
3790,15,179,21619.35067104
3791,15,180,28196.20994072
3792,15,181,33197.17870197
3793,15,182,36746.07386193
3794,15,183,41264.19438223
3795,15,184,30398.68789417
3796,15,185,23571.43092607
3797,15,186,35749.23776098
3798,15,187,39969.72284915
3799,15,188,39019.45372193
3800,15,189,37749.50094633
3801,15,190,38401.32936483
3802,15,191,37989.6300218
3803,15,192,37701.23757264
3804,15,193,38137.30950808
3805,15,194,38269.44522415
3806,15,195,37501.04854506
3807,15,196,39002.05144633
3808,15,197,39595.13566628
3809,15,198,15645.58021809
3810,15,199,18574.18545505
3811,15,200,47595.68802279
3812,15,201,31857.93595507
3813,15,202,57316.31806887
3814,15,203,52543.36457666
3815,15,204,44016.39125065
3816,15,205,36249.10968714
3817,15,206,27622.38488539
3818,15,207,60789.41507284
3819,15,208,21734.61386619
3820,15,209,10849.86058888
3821,15,210,8339.94528992
3822,15,211,13696.09881381
3823,15,212,49402.86756593
3824,15,213,57045.63053371
3825,15,214,41483.91111306
3826,15,215,24732.59178245
3827,15,216,14651.48867999
3828,15,217,19417.50451741
3829,15,218,21249.88279545
3830,15,219,49309.7808773
3831,15,220,53632.51769443
3832,15,221,16527.82088494
3833,15,222,31788.41791839
3834,15,223,11848.39874668
3835,15,224,58371.6944361
3836,15,225,16488.85331462
3837,15,226,37501.77143798
3838,15,227,26585.91417616
3839,15,228,60517.26126991
3840,15,229,43976.88041677
3841,15,230,46470.8721111
3842,15,231,8002.81535441
3843,15,232,7970.17976482
3844,15,233,8044.38848764
3845,15,234,7910.92614878
3846,15,235,7932.57846361
3847,15,236,8083.27566337
3848,15,237,7932.84820045
3849,15,238,22379.05479832
3850,15,239,12211.90518972
3851,15,240,20391.87247283
3852,15,241,4713.2184055
3853,15,242,8642.0925363
3854,15,243,6147.52159849
3855,15,244,16738.7361989
3856,15,245,15941.35576262
3857,15,246,17616.34773596
3858,15,247,13116.78327085
3859,15,248,15033.84206152
3860,15,249,21232.64021721
3861,15,250,21485.36672736
3862,15,251,11260.20905215
3863,15,252,5922.27582874
3864,15,253,7554.82888619
3865,15,254,18481.40790907
3866,15,255,19338.23016805
3867,15,256,21504.71592858
3868,15,257,13924.51072715
3869,15,258,7455.55180806
3870,16,1,8649.14487147
3871,16,2,1423.44097663
3872,16,3,8030.74047077
3873,16,4,5863.13498001
3874,16,5,2337.70258114
3875,16,6,3607.83240084
3876,16,7,12421.35334661
3877,16,8,6980.08079994
3878,16,9,7323.78205199
3879,16,10,13298.86850142
3880,16,11,11626.80777298
3881,16,12,10322.54785449
3882,16,13,9120.32370027
3883,16,14,4924.22354506
3884,16,15,6764.71381496
3885,16,16,0.0
3886,16,17,15445.54756186
3887,16,18,14401.67645504
3888,16,19,5879.68195454
3889,16,20,10625.42327692
3890,16,21,18135.08183637
3891,16,22,8094.82795002
3892,16,23,6372.88856823
3893,16,24,5241.37459927
3894,16,25,8682.0043511
3895,16,26,7212.53737754
3896,16,27,16892.31583339
3897,16,28,11823.91600658
3898,16,29,7250.43805097
3899,16,30,13393.34613058
3900,16,31,5478.38958696
3901,16,32,7981.93688481
3902,16,33,19830.7174719
3903,16,34,9344.13658754
3904,16,35,6409.28396512
3905,16,36,9247.30402043
3906,16,37,9391.48974491
3907,16,38,5304.93295875
3908,16,39,6695.76028855
3909,16,40,25634.83650552
3910,16,41,18564.5255501
3911,16,42,16296.45336067
3912,16,43,30510.28988189
3913,16,44,18670.02356631
3914,16,45,15085.12448683
3915,16,46,17384.65225894
3916,16,47,36169.10947909
3917,16,48,37279.42945113
3918,16,49,14220.53701774
3919,16,50,32641.00400448
3920,16,51,12528.86014048
3921,16,52,12587.05539702
3922,16,53,9228.85560353
3923,16,54,13349.77927162
3924,16,55,18505.30565002
3925,16,56,15523.62975509
3926,16,57,10601.55326111
3927,16,58,9566.95697145
3928,16,59,14190.13435631
3929,16,60,10833.66751281
3930,16,61,16250.15427324
3931,16,62,12842.1654984
3932,16,63,9624.24942107
3933,16,64,21331.16472521
3934,16,65,10328.28963232
3935,16,66,8958.69405908
3936,16,67,15692.4576728
3937,16,68,14772.38542135
3938,16,69,38191.15588161
3939,16,70,19221.08313273
3940,16,71,47454.24559922
3941,16,72,26728.43871966
3942,16,73,49217.06552987
3943,16,74,39709.92167894
3944,16,75,28577.54561012
3945,16,76,45365.65355425
3946,16,77,51044.59259419
3947,16,78,51193.94658107
3948,16,79,30542.93922271
3949,16,80,43672.66364569
3950,16,81,42198.33124485
3951,16,82,32222.16535439
3952,16,83,17886.36761256
3953,16,84,44597.01283227
3954,16,85,34462.53969971
3955,16,86,17048.34430989
3956,16,87,17397.80734922
3957,16,88,15975.37268632
3958,16,89,19357.4354317
3959,16,90,10279.6629561
3960,16,91,9575.31538188
3961,16,92,12931.99469554
3962,16,93,5832.83768549
3963,16,94,6650.95267391
3964,16,95,10785.31835874
3965,16,96,19243.14765043
3966,16,97,23553.43465049
3967,16,98,22269.52256166
3968,16,99,8470.19166691
3969,16,100,17967.96171981
3970,16,101,9295.8652543
3971,16,102,7912.11339398
3972,16,103,24580.00310705
3973,16,104,15929.65966427
3974,16,105,11763.18451673
3975,16,106,6734.67049929
3976,16,107,10027.72591151
3977,16,108,20813.73070436
3978,16,109,14534.64430352
3979,16,110,24602.96909107
3980,16,111,17254.89207737
3981,16,112,7800.5779673
3982,16,113,25764.97371979
3983,16,114,13749.272004
3984,16,115,28214.5332228
3985,16,116,7411.33594432
3986,16,117,9806.98951462
3987,16,118,21875.63289282
3988,16,119,29928.59388889
3989,16,120,19345.29992403
3990,16,121,10528.70314896
3991,16,122,22844.73054071
3992,16,123,6984.47545964
3993,16,124,5785.31530085
3994,16,125,10788.38905
3995,16,126,20280.25686943
3996,16,127,7927.61156124
3997,16,128,11316.41995359
3998,16,129,11774.39087616
3999,16,130,5402.5632983
4000,16,131,26117.07063365
4001,16,132,5023.95233857
4002,16,133,26781.65706111
4003,16,134,14678.12853785
4004,16,135,10804.23940166
4005,16,136,9466.61406797
4006,16,137,14768.5777006
4007,16,138,16840.45435566
4008,16,139,10040.97866969
4009,16,140,10619.99081631
4010,16,141,12365.10012261
4011,16,142,14047.97548219
4012,16,143,15229.15303038
4013,16,144,12480.00395516
4014,16,145,13666.41707761
4015,16,146,13518.88535493
4016,16,147,3976.97285376
4017,16,148,11628.24004562
4018,16,149,6849.62407667
4019,16,150,17396.51265744
4020,16,151,5969.2292186
4021,16,152,10817.89682761
4022,16,153,4447.38517612
4023,16,154,4412.08525926
4024,16,155,14949.58707758
4025,16,156,13263.90176361
4026,16,157,5883.78717519
4027,16,158,19002.62785173
4028,16,159,14198.01111873
4029,16,160,16078.0885428
4030,16,161,13583.34189969
4031,16,162,12807.5205693
4032,16,163,11022.30917724
4033,16,164,10018.16374659
4034,16,165,8414.03827413
4035,16,166,11866.94061178
4036,16,167,3818.34296313
4037,16,168,35787.29752073
4038,16,169,34035.00677421
4039,16,170,34607.52431194
4040,16,171,36923.4386271
4041,16,172,34774.15771614
4042,16,173,35613.13053153
4043,16,174,37123.57788108
4044,16,175,35147.95429486
4045,16,176,35439.87042384
4046,16,177,34483.05402457
4047,16,178,27232.70198069
4048,16,179,23039.84477112
4049,16,180,29348.08825716
4050,16,181,34995.96785395
4051,16,182,38925.49535013
4052,16,183,43450.48961005
4053,16,184,31872.88738567
4054,16,185,24995.8958364
4055,16,186,37779.29360953
4056,16,187,42186.32482458
4057,16,188,45180.77082364
4058,16,189,43387.02589112
4059,16,190,43139.86202353
4060,16,191,43359.74985863
4061,16,192,43707.10665074
4062,16,193,43386.08255831
4063,16,194,43278.42254672
4064,16,195,43340.80479977
4065,16,196,45323.15947531
4066,16,197,44176.06744744
4067,16,198,22249.31185365
4068,16,199,25224.14012459
4069,16,200,53891.96364575
4070,16,201,38379.55866818
4071,16,202,63483.16992762
4072,16,203,58747.40415159
4073,16,204,50351.08203885
4074,16,205,42583.57076399
4075,16,206,34224.18656248
4076,16,207,67033.39475511
4077,16,208,28312.31534247
4078,16,209,11257.53368186
4079,16,210,11842.21831936
4080,16,211,11360.59716824
4081,16,212,44969.98237562
4082,16,213,52635.9839122
4083,16,214,45957.62499668
4084,16,215,28592.79136936
4085,16,216,17639.31722291
4086,16,217,23169.47650431
4087,16,218,24859.498947
4088,16,219,53202.2715407
4089,16,220,57398.57461485
4090,16,221,20513.96087574
4091,16,222,36366.19946107
4092,16,223,14830.45086407
4093,16,224,62002.13562518
4094,16,225,19833.66613471
4095,16,226,42128.37254413
4096,16,227,30825.55760179
4097,16,228,64066.19820519
4098,16,229,48214.27382869
4099,16,230,50541.60986454
4100,16,231,11129.5178489
4101,16,232,11321.46804887
4102,16,233,10919.78111198
4103,16,234,11991.44681834
4104,16,235,11572.6026832
4105,16,236,10669.04565756
4106,16,237,11845.06125149
4107,16,238,16481.17858577
4108,16,239,7984.39234642
4109,16,240,15050.9707208
4110,16,241,2399.33727297
4111,16,242,4077.98287939
4112,16,243,4177.91277715
4113,16,244,12033.29862186
4114,16,245,11040.1482686
4115,16,246,13073.09951073
4116,16,247,8309.63048844
4117,16,248,10100.30304704
4118,16,249,15727.50786542
4119,16,250,15396.88134526
4120,16,251,7667.31786517
4121,16,252,1068.66202121
4122,16,253,5501.82379145
4123,16,254,13756.13722277
4124,16,255,14293.78037535
4125,16,256,15218.03983548
4126,16,257,8793.25804037
4127,16,258,2024.27952245
4128,17,1,7960.41652122
4129,17,2,14100.62196695
4130,17,3,7952.81721242
4131,17,4,9692.81572492
4132,17,5,13192.39870287
4133,17,6,11952.60461837
4134,17,7,8587.18301286
4135,17,8,8470.97917445
4136,17,9,8254.70993325
4137,17,10,7026.81938523
4138,17,11,8561.29813831
4139,17,12,8324.38004693
4140,17,13,8344.62232749
4141,17,14,10608.06297319
4142,17,15,8743.99419208
4143,17,16,15445.54756186
4144,17,17,0.0
4145,17,18,1058.0331624
4146,17,19,10265.30687477
4147,17,20,4932.36631606
4148,17,21,2693.41893302
4149,17,22,20549.73685785
4150,17,23,14151.33119879
4151,17,24,12873.11241225
4152,17,25,6770.67034214
4153,17,26,18270.82993813
4154,17,27,1456.83047858
4155,17,28,3683.65948371
4156,17,29,17287.3383143
4157,17,30,2083.13367533
4158,17,31,11208.84362247
4159,17,32,7524.19345362
4160,17,33,4409.33744506
4161,17,34,6153.42671876
4162,17,35,9347.37298075
4163,17,36,22627.87126531
4164,17,37,23208.13504658
4165,17,38,11929.99199509
4166,17,39,14951.73521664
4167,17,40,10231.54777038
4168,17,41,3231.83521776
4169,17,42,4886.79170353
4170,17,43,15248.25824113
4171,17,44,3597.81168643
4172,17,45,4816.44682621
4173,17,46,4702.65505122
4174,17,47,20925.78437938
4175,17,48,22029.50964926
4176,17,49,6390.85013786
4177,17,50,17421.0266838
4178,17,51,7719.84982567
4179,17,52,8915.0315932
4180,17,53,13995.39178266
4181,17,54,9282.40485536
4182,17,55,28795.70167251
4183,17,56,8902.51426977
4184,17,57,20441.92419927
4185,17,58,18245.11602665
4186,17,59,9223.62248617
4187,17,60,9688.59045306
4188,17,61,7169.4643515
4189,17,62,23241.06506168
4190,17,63,12027.98919665
4191,17,64,31094.85331289
4192,17,65,11088.3047941
4193,17,66,16376.52070013
4194,17,67,18884.08973663
4195,17,68,17581.50803091
4196,17,69,46509.60817899
4197,17,70,23374.81483027
4198,17,71,56190.37128613
4199,17,72,32727.73893984
4200,17,73,57709.3399198
4201,17,74,48047.01484563
4202,17,75,34940.04083174
4203,17,76,54192.22211345
4204,17,77,58562.84275304
4205,17,78,59363.95242416
4206,17,79,37309.82453697
4207,17,80,52187.01383386
4208,17,81,50807.0351825
4209,17,82,40163.23242553
4210,17,83,14344.42405207
4211,17,84,53256.71399921
4212,17,85,42566.87433225
4213,17,86,14497.86020198
4214,17,87,21118.57438006
4215,17,88,15438.65592167
4216,17,89,14838.13948055
4217,17,90,9361.40422329
4218,17,91,6883.70775028
4219,17,92,11193.63660674
4220,17,93,11895.46215396
4221,17,94,9359.14192507
4222,17,95,7580.46886267
4223,17,96,17360.92714727
4224,17,97,20872.5558293
4225,17,98,19962.36180828
4226,17,99,7377.46673141
4227,17,100,15846.30204918
4228,17,101,6532.19584399
4229,17,102,8022.80869032
4230,17,103,21964.37202894
4231,17,104,13245.55016404
4232,17,105,10305.01892808
4233,17,106,10276.82937222
4234,17,107,7303.39345775
4235,17,108,18985.23658965
4236,17,109,12533.87557227
4237,17,110,15674.59955971
4238,17,111,7386.70837637
4239,17,112,9503.78166353
4240,17,113,17581.75692345
4241,17,114,5965.54793927
4242,17,115,20726.43790107
4243,17,116,8905.41566779
4244,17,117,8711.24120007
4245,17,118,11850.22718889
4246,17,119,22770.09796477
4247,17,120,8769.22984276
4248,17,121,8754.69412832
4249,17,122,13314.21158476
4250,17,123,8884.41029444
4251,17,124,9740.55829858
4252,17,125,6644.65367484
4253,17,126,9977.30679491
4254,17,127,9237.07244738
4255,17,128,8894.19302289
4256,17,129,6296.06557933
4257,17,130,10518.74492355
4258,17,131,18629.75693562
4259,17,132,10424.91967438
4260,17,133,19488.49285806
4261,17,134,29819.1486338
4262,17,135,25830.13675839
4263,17,136,23863.49254302
4264,17,137,22021.00488813
4265,17,138,22933.52424721
4266,17,139,24861.20735324
4267,17,140,23063.20819778
4268,17,141,23764.88199658
4269,17,142,29009.82515562
4270,17,143,30540.9997965
4271,17,144,27385.9031996
4272,17,145,29043.8598004
4273,17,146,22525.67274312
4274,17,147,11763.9312557
4275,17,148,5471.04361655
4276,17,149,11840.70994751
4277,17,150,6755.78767297
4278,17,151,9497.30791142
4279,17,152,6041.58698142
4280,17,153,11073.37350906
4281,17,154,12484.07706124
4282,17,155,3830.65913045
4283,17,156,13550.93104694
4284,17,157,11661.05201797
4285,17,158,7781.71483471
4286,17,159,14148.22840221
4287,17,160,5206.87654637
4288,17,161,4145.59408903
4289,17,162,4631.31503955
4290,17,163,12596.46980029
4291,17,164,6526.92758113
4292,17,165,11758.0830324
4293,17,166,12672.88768472
4294,17,167,12310.80804248
4295,17,168,21422.02562549
4296,17,169,19330.94613281
4297,17,170,20138.7185251
4298,17,171,22696.30016242
4299,17,172,21228.72598674
4300,17,173,21879.75765733
4301,17,174,23225.76903735
4302,17,175,22559.01079233
4303,17,176,23677.0012864
4304,17,177,21266.82834879
4305,17,178,25599.89978402
4306,17,179,21285.1018666
4307,17,180,27499.95878041
4308,17,181,31260.03140032
4309,17,182,34092.48072594
4310,17,183,38411.02613117
4311,17,184,29092.37385009
4312,17,185,22975.30994692
4313,17,186,33351.42062134
4314,17,187,37124.70527747
4315,17,188,30705.08290467
4316,17,189,30123.68450245
4317,17,190,32035.89177691
4318,17,191,30731.95479202
4319,17,192,29586.69390627
4320,17,193,31048.22101153
4321,17,194,31519.06234385
4322,17,195,29604.81287041
4323,17,196,30508.95829539
4324,17,197,33426.13015652
4325,17,198,6963.63014286
4326,17,199,9839.32326541
4327,17,200,39103.14852846
4328,17,201,23191.67879792
4329,17,202,48931.6302709
4330,17,203,44131.76952892
4331,17,204,35494.61360279
4332,17,205,27752.2779906
4333,17,206,18903.86555382
4334,17,207,52322.46272404
4335,17,208,13046.56382205
4336,17,209,14409.4995167
4337,17,210,9411.5072329
4338,17,211,18993.67292537
4339,17,212,54722.18905071
4340,17,213,62227.35981997
4341,17,214,35422.18340875
4342,17,215,20393.32233262
4343,17,216,13483.45267587
4344,17,217,15910.97834757
4345,17,218,17707.07162255
4346,17,219,43890.64853705
4347,17,220,48309.08944676
4348,17,221,13172.52846423
4349,17,222,25874.09196129
4350,17,223,11713.56356542
4351,17,224,53158.263297
4352,17,225,14246.45541697
4353,17,226,31321.47089897
4354,17,227,21486.93629088
4355,17,228,55382.7381873
4356,17,229,38190.69556177
4357,17,230,40862.9963335
4358,17,231,9874.46891738
4359,17,232,9545.77916264
4360,17,233,10229.16490902
4361,17,234,8386.91724277
4362,17,235,9104.28559784
4363,17,236,10618.07618655
4364,17,237,8671.56527267
4365,17,238,30926.98789371
4366,17,239,20391.59956105
4367,17,240,28721.08659333
4368,17,241,13209.76531695
4369,17,242,17196.09080525
4370,17,243,13655.07205266
4371,17,244,24874.24533868
4372,17,245,24194.36974639
4373,17,246,25638.33806943
4374,17,247,21453.71267993
4375,17,248,23334.49793187
4376,17,249,29623.33786515
4377,17,250,30111.94915382
4378,17,251,19276.50807563
4379,17,252,14522.1545693
4380,17,253,14454.6175967
4381,17,254,26562.15224944
4382,17,255,27550.27287201
4383,17,256,30193.75589015
4384,17,257,22340.16537572
4385,17,258,16184.43040549
4386,18,1,7080.9667933
4387,18,2,13051.72912281
4388,18,3,6999.85686391
4389,18,4,8637.33141438
4390,18,5,12141.8909322
4391,18,6,10899.43992854
4392,18,7,8152.80429389
4393,18,8,7432.96790171
4394,18,9,7244.19158558
4395,18,10,6707.67422123
4396,18,11,8036.55910927
4397,18,12,7650.03379412
4398,18,13,7542.34628396
4399,18,14,9554.39391111
4400,18,15,7689.68945702
4401,18,16,14401.67645504
4402,18,17,1058.0331624
4403,18,18,0.0
4404,18,19,9290.80376769
4405,18,20,3874.56586451
4406,18,21,3733.70522086
4407,18,22,19634.56160455
4408,18,23,13281.09164755
4409,18,24,11946.43999376
4410,18,25,5735.75580122
4411,18,26,17381.00123834
4412,18,27,2490.68686562
4413,18,28,2625.63062602
4414,18,29,16419.12527526
4415,18,30,1025.10689569
4416,18,31,10253.19805836
4417,18,32,6504.07947011
4418,18,33,5434.77956227
4419,18,34,5097.47423312
4420,18,35,8350.61089758
4421,18,36,21690.33454176
4422,18,37,22254.61008323
4423,18,38,10987.85300357
4424,18,39,14091.89552317
4425,18,40,11253.40959409
4426,18,41,4282.81450355
4427,18,42,5180.70621463
4428,18,43,16236.68551185
4429,18,44,4605.80757073
4430,18,45,4854.46017235
4431,18,46,5248.45706728
4432,18,47,21914.98564992
4433,18,48,23020.65053202
4434,18,49,6221.01920735
4435,18,50,18402.86210344
4436,18,51,7296.40807022
4437,18,52,8498.29224382
4438,18,53,13270.73320261
4439,18,54,8945.95808732
4440,18,55,28049.98630758
4441,18,56,8833.15476401
4442,18,57,19637.89620174
4443,18,58,17456.40902891
4444,18,59,8983.24519188
4445,18,60,9093.12117156
4446,18,61,7289.79730759
4447,18,62,22444.66271205
4448,18,63,11341.53176884
4449,18,64,30392.63677891
4450,18,65,10454.63809886
4451,18,66,15601.07379184
4452,18,67,18416.50235316
4453,18,68,17105.55272322
4454,18,69,45958.16853921
4455,18,70,22929.55223288
4456,18,71,55634.24732636
4457,18,72,32260.98846896
4458,18,73,57172.08050585
4459,18,74,47498.62922804
4460,18,75,34464.51684821
4461,18,76,53626.30141745
4462,18,77,58091.61487919
4463,18,78,58850.96477777
4464,18,79,36821.72269447
4465,18,80,51637.23950474
4466,18,81,50247.99432942
4467,18,82,39614.23424299
4468,18,83,14249.68932226
4469,18,84,52699.77681543
4470,18,85,42016.58199158
4471,18,86,14322.41686768
4472,18,87,20663.64572244
4473,18,88,15133.68782931
4474,18,89,14848.09957559
4475,18,90,8709.48048039
4476,18,91,6024.65536824
4477,18,92,10778.86295385
4478,18,93,10857.22688781
4479,18,94,8303.6570883
4480,18,95,6931.51691349
4481,18,96,17220.08371741
4482,18,97,20869.49816367
4483,18,98,19913.39514991
4484,18,99,6323.79292281
4485,18,100,15681.3150383
4486,18,101,5583.63428621
4487,18,102,6969.55427557
4488,18,103,21974.06782553
4489,18,104,13030.12328628
4490,18,105,9796.21282464
4491,18,106,9239.17532352
4492,18,107,6542.48296725
4493,18,108,18878.85466491
4494,18,109,12223.548948
4495,18,110,16126.30902372
4496,18,111,7645.58548632
4497,18,112,8486.31918083
4498,18,113,17994.92778735
4499,18,114,5719.51062901
4500,18,115,21121.64879174
4501,18,116,7969.37592068
4502,18,117,7780.88277403
4503,18,118,12332.11979456
4504,18,119,23160.65392444
4505,18,120,9211.24776254
4506,18,121,7875.88437294
4507,18,122,13778.52288041
4508,18,123,7904.21258072
4509,18,124,8715.4923699
4510,18,125,5942.7934575
4511,18,126,10432.90889744
4512,18,127,8368.23389465
4513,18,128,8078.05625677
4514,18,129,5725.34341467
4515,18,130,9460.86274561
4516,18,131,18995.59313664
4517,18,132,9384.35013485
4518,18,133,19849.82826151
4519,18,134,28809.04522381
4520,18,135,24823.81387978
4521,18,136,22886.01640992
4522,18,137,21372.14221647
4523,18,138,22363.92543079
4524,18,139,23865.0168068
4525,18,140,22169.68383312
4526,18,141,22925.11184843
4527,18,142,28011.32826587
4528,18,143,29517.25218395
4529,18,144,26388.92655849
4530,18,145,28012.87298953
4531,18,146,21790.68470881
4532,18,147,10747.85846928
4533,18,148,4573.278403
4534,18,149,10978.7379461
4535,18,150,6764.97186935
4536,18,151,8447.38612917
4537,18,152,5085.1453652
4538,18,153,10043.59889611
4539,18,154,11514.35850983
4540,18,155,3541.98121693
4541,18,156,13104.94577998
4542,18,157,10742.00186521
4543,18,158,7960.03022859
4544,18,159,13755.32572062
4545,18,160,5100.26424001
4546,18,161,3512.57825197
4547,18,162,3864.11723315
4548,18,163,12004.1121991
4549,18,164,5525.13579733
4550,18,165,10990.04315043
4551,18,166,12141.58761044
4552,18,167,11310.08148933
4553,18,168,22273.44821356
4554,18,169,20227.29858432
4555,18,170,21001.68303244
4556,18,171,23531.84483665
4557,18,172,21969.2103288
4558,18,173,22647.18074471
4559,18,174,24019.02847959
4560,18,175,23187.63743248
4561,18,176,24216.9557659
4562,18,177,21965.49343036
4563,18,178,25584.01687809
4564,18,179,21217.33305237
4565,18,180,27520.63372158
4566,18,181,31453.62710467
4567,18,182,34386.67230836
4568,18,183,38742.16306137
4569,18,184,29197.25181823
4570,18,185,22954.40113865
4571,18,186,33610.80818092
4572,18,187,37451.64528223
4573,18,188,31723.96589883
4574,18,189,31056.53779195
4575,18,190,32806.51360453
4576,18,191,31617.6689222
4577,18,192,30581.05409535
4578,18,193,31912.30096241
4579,18,194,32339.41009057
4580,18,195,30571.84810748
4581,18,196,31547.92267241
4582,18,197,34173.33680174
4583,18,198,8017.0514656
4584,18,199,10897.23526503
4585,18,200,40143.22248518
4586,18,201,24246.65086716
4587,18,202,49961.60384878
4588,18,203,45164.03738951
4589,18,204,36537.25363034
4590,18,205,28791.12505599
4591,18,206,19961.80622336
4592,18,207,53361.08896057
4593,18,208,14102.36880546
4594,18,209,13801.65496569
4595,18,210,8913.72946248
4596,18,211,18271.62178311
4597,18,212,54096.73042756
4598,18,213,61624.37157125
4599,18,214,36158.60288753
4600,18,215,20847.13735114
4601,18,216,13411.55519761
4602,18,217,16205.20459934
4603,18,218,18027.03419486
4604,18,219,44556.37096764
4605,18,220,48967.65978511
4606,18,221,13402.02712215
4607,18,222,26570.59896301
4608,18,223,11458.97458691
4609,18,224,53807.66572403
4610,18,225,14336.73505572
4611,18,226,32066.46725296
4612,18,227,22053.32535195
4613,18,228,56024.21993081
4614,18,229,38895.67860791
4615,18,230,41548.85404529
4616,18,231,9307.69769428
4617,18,232,8996.21687831
4618,18,233,9644.15081204
4619,18,234,7902.16289572
4620,18,235,8578.02979512
4621,18,236,10011.92825495
4622,18,237,8172.12560685
4623,18,238,29874.56460281
4624,18,239,19355.12250112
4625,18,240,27680.8341954
4626,18,241,12179.19289704
4627,18,242,16140.69088722
4628,18,243,12695.75967182
4629,18,244,23844.21628849
4630,18,245,23156.65923973
4631,18,246,24616.30237485
4632,18,247,20409.6339309
4633,18,248,22293.51265847
4634,18,249,28579.57939014
4635,18,250,29055.86350341
4636,18,251,18247.73020994
4637,18,252,13485.52008676
4638,18,253,13547.94527645
4639,18,254,25536.90547949
4640,18,255,26516.98065906
4641,18,256,29135.86050931
4642,18,257,21292.49898817
4643,18,258,15127.25131688
4644,19,1,2779.33131648
4645,19,2,4890.83244425
4646,19,3,2340.78288683
4647,19,4,3170.62330296
4648,19,5,4245.168973
4649,19,6,3597.42709144
4650,19,7,6750.70581356
4651,19,8,2566.40187325
4652,19,9,2204.44236464
4653,19,10,7451.03806527
4654,19,11,5949.8905491
4655,19,12,4560.70743838
4656,19,13,3280.17963778
4657,19,14,3068.27236807
4658,19,15,3220.29436905
4659,19,16,5879.68195454
4660,19,17,10265.30687477
4661,19,18,9290.80376769
4662,19,19,0.0
4663,19,20,6029.67083978
4664,19,21,12930.36942213
4665,19,22,10464.46797993
4666,19,23,4595.8747942
4667,19,24,2868.35802833
4668,19,25,3825.48289907
4669,19,26,8360.84951093
4670,19,27,11715.97358898
4671,19,28,6983.21881228
4672,19,29,7562.6676499
4673,19,30,8368.32559132
4674,19,31,1052.13121122
4675,19,32,2970.22795285
4676,19,33,14658.4165537
4677,19,34,4838.94297481
4678,19,35,1074.26956462
4679,19,36,12440.92127485
4680,19,37,12974.57444435
4681,19,38,1847.32456744
4682,19,39,5429.06687108
4683,19,40,20469.07928362
4684,19,41,13177.5171879
4685,19,42,10452.99916516
4686,19,43,25513.54566313
4687,19,44,13166.44164977
4688,19,45,9234.22947478
4689,19,46,11581.01104444
4690,19,47,31190.87687404
4691,19,48,32294.16434887
4692,19,49,8346.34496475
4693,19,50,27685.74106265
4694,19,51,6736.84056237
4695,19,52,6972.74865492
4696,19,53,6132.49313959
4697,19,54,7783.1891582
4698,19,55,19726.68661514
4699,19,56,9812.41754474
4700,19,57,11122.77447502
4701,19,58,9163.05406203
4702,19,59,8579.98725051
4703,19,60,5424.81210382
4704,19,61,10387.15537122
4705,19,62,13899.76234815
4706,19,63,5276.12460012
4707,19,64,22320.42055354
4708,19,65,5449.24890931
4709,19,66,7571.64885563
4710,19,67,12943.56901745
4711,19,68,11741.88367606
4712,19,69,38715.00461874
4713,19,70,17210.06978687
4714,19,71,48275.10921864
4715,19,72,25909.18082541
4716,19,73,49931.13007979
4717,19,74,40260.78436735
4718,19,75,27981.10964607
4719,19,76,46214.90588421
4720,19,77,51306.56436414
4721,19,78,51766.11764438
4722,19,79,30185.33545446
4723,19,80,44351.76441809
4724,19,81,42910.35009588
4725,19,82,32471.11441964
4726,19,83,12977.77717501
4727,19,84,45356.52217188
4728,19,85,34829.27244172
4729,19,86,12325.24358347
4730,19,87,15052.90858227
4731,19,88,11762.95919939
4732,19,89,14329.0226615
4733,19,90,4767.32276824
4734,19,91,3766.02676464
4735,19,92,7853.74209181
4736,19,93,6367.12060098
4737,19,94,4418.21840105
4738,19,95,4941.00737
4739,19,96,14917.66503748
4740,19,97,19264.81256627
4741,19,98,18021.63240061
4742,19,99,4931.59454587
4743,19,100,13459.87208586
4744,19,101,3749.04832192
4745,19,102,4769.05374693
4746,19,103,20360.37479761
4747,19,104,11044.52051987
4748,19,105,6510.55564891
4749,19,106,5733.37008535
4750,19,107,4148.09862734
4751,19,108,16620.38240646
4752,19,109,9655.67199302
4753,19,110,19004.02018992
4754,19,111,11385.8839049
4755,19,112,6275.23931777
4756,19,113,20307.55419487
4757,19,114,7869.60460255
4758,19,115,22942.63871766
4759,19,116,1546.45241507
4760,19,117,7918.17395649
4761,19,118,16092.08530786
4762,19,119,24762.05609996
4763,19,120,13483.46649037
4764,19,121,8681.12386784
4765,19,122,17129.70226141
4766,19,123,1389.91847013
4767,19,124,1521.93887091
4768,19,125,4912.45779023
4769,19,126,14446.0382106
4770,19,127,2151.32878156
4771,19,128,9515.84050886
4772,19,129,5895.51860904
4773,19,130,4090.60772777
4774,19,131,20789.80109127
4775,19,132,2142.83233922
4776,19,133,21509.4064137
4777,19,134,19607.17810489
4778,19,135,15608.78924719
4779,19,136,13598.386346
4780,19,137,14006.34146986
4781,19,138,15607.71200383
4782,19,139,14612.12796482
4783,19,140,13071.9997394
4784,19,141,14097.42528093
4785,19,142,18763.16824725
4786,19,143,20402.96273624
4787,19,144,17136.91454591
4788,19,145,18972.78903393
4789,19,146,13710.35968477
4790,19,147,1922.94167688
4791,19,148,8003.22731435
4792,19,149,2821.77728244
4793,19,150,13903.21852844
4794,19,151,2697.39178819
4795,19,152,7340.92813824
4796,19,153,1876.81111765
4797,19,154,2225.03247599
4798,19,155,10838.46142879
4799,19,156,8940.88861129
4800,19,157,1885.6649665
4801,19,158,15492.1520165
4802,19,159,9910.33236114
4803,19,160,12299.70956492
4804,19,161,9586.16304974
4805,19,162,8948.21752738
4806,19,163,6722.85020127
4807,19,164,6615.51237176
4808,19,165,4081.47654424
4809,19,166,7453.44532453
4810,19,167,2164.83852533
4811,19,168,31433.68157255
4812,19,169,29468.84153276
4813,19,170,30187.54121918
4814,19,171,32654.48910531
4815,19,172,30846.53301548
4816,19,173,31598.80107996
4817,19,174,33035.11455826
4818,19,175,31673.98129298
4819,19,176,32334.4949932
4820,19,177,30711.35275292
4821,19,178,23425.58783763
4822,19,179,19004.1101703
4823,19,180,25547.12497714
4824,19,181,30781.34077389
4825,19,182,34482.68516458
4826,19,183,39017.11410037
4827,19,184,27860.99650659
4828,19,185,20974.6390135
4829,19,186,33426.3597785
4830,19,187,37730.6274987
4831,19,188,39336.54499222
4832,19,189,37514.22563368
4833,19,190,37456.54961072
4834,19,191,37520.15255746
4835,19,192,37837.60480768
4836,19,193,37569.00144141
4837,19,194,37516.98964153
4838,19,195,37461.3276953
4839,19,196,39529.08133111
4840,19,197,38546.62930014
4841,19,198,16754.1203574
4842,19,199,19773.58714648
4843,19,200,48081.82862834
4844,19,201,32717.81072743
4845,19,202,57632.63494903
4846,19,203,52906.91465376
4847,19,204,44558.37679295
4848,19,205,36798.04429371
4849,19,206,28657.40539173
4850,19,207,61200.79992494
4851,19,208,22740.5527742
4852,19,209,7787.37660661
4853,19,210,6346.11503187
4854,19,211,10489.27577616
4855,19,212,46289.40621126
4856,19,213,53921.64094653
4857,19,214,40369.18233661
4858,19,215,23199.85497813
4859,19,216,12558.45589865
4860,19,217,17786.75013695
4861,19,218,19555.370214
4862,19,219,47863.81473492
4863,19,220,52124.13212641
4864,19,221,15006.78998988
4865,19,222,30722.49091879
4866,19,223,9689.98414362
4867,19,224,56798.0508581
4868,19,225,14604.48541808
4869,19,226,36479.95118865
4870,19,227,25286.85474352
4871,19,228,58904.4151664
4872,19,229,42720.37593118
4873,19,230,45120.66893587
4874,19,231,5772.16071452
4875,19,232,5867.52271702
4876,19,233,5680.91541777
4877,19,234,6287.21261554
4878,19,235,6007.56353901
4879,19,236,5579.16588383
4880,19,237,6190.34994688
4881,19,238,22335.24660865
4882,19,239,13045.24804451
4883,19,240,20750.27092021
4884,19,241,3485.66761222
4885,19,242,9102.08269197
4886,19,243,3421.58723926
4887,19,244,17438.5738931
4888,19,245,16520.93000785
4889,19,246,18415.80173765
4890,19,247,13689.49562493
4891,19,248,15580.11029753
4892,19,249,21484.2124048
4893,19,250,21272.66571221
4894,19,251,12339.96550801
4895,19,252,4819.86136434
4896,19,253,4535.83692777
4897,19,254,19193.31027241
4898,19,255,19874.95643971
4899,19,256,21093.84151988
4900,19,257,14337.58709609
4901,19,258,7356.92640521
4902,20,1,4646.17168382
4903,20,2,9247.64350899
4904,20,3,4066.40375523
4905,20,4,4795.82969764
4906,20,5,8329.37142475
4907,20,6,7071.01202205
4908,20,7,7768.80373865
4909,20,8,3768.73615557
4910,20,9,3830.18136092
4911,20,10,7018.05348051
4912,20,11,7289.01214255
4913,20,12,6270.73057638
4914,20,13,5502.96309538
4915,20,14,5726.05547424
4916,20,15,3864.80617228
4917,20,16,10625.42327692
4918,20,17,4932.36631606
4919,20,18,3874.56586451
4920,20,19,6029.67083978
4921,20,20,0.0
4922,20,21,7577.78605143
4923,20,22,16487.51518982
4924,20,23,10465.59054319
4925,20,24,8872.60529761
4926,20,25,2205.01021845
4927,20,26,14381.75917567
4928,20,27,6338.86206373
4929,20,28,1250.610102
4930,20,29,13539.79105803
4931,20,30,2849.70301433
4932,20,31,7070.65186108
4933,20,32,3059.90952091
4934,20,33,9240.28131136
4935,20,34,1290.23241929
4936,20,35,4980.31423359
4937,20,36,18421.41603777
4938,20,37,18907.12160689
4939,20,38,7858.15306077
4940,20,39,11305.59533867
4941,20,40,15020.5251004
4942,20,41,8151.40823371
4943,20,42,7593.74225991
4944,20,43,19890.81243154
4945,20,44,8415.72418034
4946,20,45,6700.96658403
4947,20,46,8204.76782441
4948,20,47,25556.43240877
4949,20,48,26666.1654892
4950,20,49,7148.94352711
4951,20,50,22030.02937285
4952,20,51,7094.22216435
4953,20,52,8138.11206082
4954,20,53,11167.19285986
4955,20,54,8847.02871327
4956,20,55,25581.5465213
4957,20,56,9708.30842513
4958,20,57,17004.93180107
4959,20,58,14930.8542897
4960,20,59,9241.7287696
4961,20,60,7891.25214976
4962,20,61,8940.64340171
4963,20,62,19809.76495822
4964,20,63,9520.44351603
4965,20,64,28088.52241537
4966,20,65,8944.99963116
4967,20,66,13180.1150262
4968,20,67,17247.94591218
4969,20,68,15940.75842657
4970,20,69,44179.42252444
4971,20,70,21754.15885249
4972,20,71,53808.25529432
4973,20,72,30889.74994167
4974,20,73,55415.4122293
4975,20,74,45726.34569532
4976,20,75,33041.94825937
4977,20,76,51767.35156608
4978,20,77,56586.85302465
4979,20,78,57184.00473057
4980,20,79,35334.25680447
4981,20,80,49846.52953259
4982,20,81,48425.3191058
4983,20,82,37872.22790083
4984,20,83,14657.97526248
4985,20,84,50878.23685756
4986,20,85,40258.19026408
4987,20,86,14433.80751223
4988,20,87,19492.70945794
4989,20,88,14720.3104559
4990,20,89,15600.60597285
4991,20,90,7289.60617889
4992,20,91,3936.8288746
4993,20,92,10187.26533764
4994,20,93,7078.53825638
4995,20,94,4438.17504684
4996,20,95,5807.45509336
4997,20,96,17347.95472177
4998,20,97,21401.04972901
4999,20,98,20301.62670201
5000,20,99,2476.77495919
5001,20,100,15774.16774494
5002,20,101,2950.08562137
5003,20,102,3121.65188096
5004,20,103,22529.02202731
5005,20,104,13058.6412499
5006,20,105,8902.04181818
5007,20,106,5475.86520825
5008,20,107,4921.73632001
5009,20,108,19084.74209572
5010,20,109,11940.11999021
5011,20,110,18286.41919843
5012,20,111,9651.18749733
5013,20,112,4864.59866689
5014,20,113,19993.58952905
5015,20,114,6506.58969965
5016,20,115,23007.41989634
5017,20,116,5051.11082785
5018,20,117,4770.83926844
5019,20,118,14691.03604382
5020,20,119,25002.24569117
5021,20,120,11599.54419068
5022,20,121,5175.56830256
5023,20,122,16038.76998233
5024,20,123,4681.77697472
5025,20,124,5121.24228213
5026,20,125,4789.99852155
5027,20,126,12793.99547966
5028,20,127,5835.89990449
5029,20,128,5715.41085797
5030,20,129,5262.76566743
5031,20,130,5586.40920692
5032,20,131,20822.37946929
5033,20,132,5660.42184391
5034,20,133,21646.10077431
5035,20,134,25176.64107135
5036,20,135,21216.70003
5037,20,136,19422.26388155
5038,20,137,19389.17330155
5039,20,138,20695.29231326
5040,20,139,20308.76635252
5041,20,140,19101.29171106
5042,20,141,20093.03503486
5043,20,142,24434.23536748
5044,20,143,25820.00938473
5045,20,144,22822.37279451
5046,20,145,24282.66935418
5047,20,146,19432.43468827
5048,20,147,7173.63661534
5049,20,148,2554.95153221
5050,20,149,8297.22027342
5051,20,150,8005.88610859
5052,20,151,4657.92808954
5053,20,152,2360.97359401
5054,20,153,6388.80169493
5055,20,154,8208.03737854
5056,20,155,4818.79419966
5057,20,156,12228.73022557
5058,20,157,7754.92962017
5059,20,158,9556.65666383
5060,20,159,13059.70742648
5061,20,160,6337.58898801
5062,20,161,3625.44438257
5063,20,162,3106.18741701
5064,20,163,10570.08425314
5065,20,164,2254.25360545
5066,20,165,8795.51431034
5067,20,166,10964.83670353
5068,20,167,7822.49542612
5069,20,168,25476.29378182
5070,20,169,23582.63862961
5071,20,170,24248.21136912
5072,20,171,26677.11011519
5073,20,172,24820.05590776
5074,20,173,25579.22038585
5075,20,174,27025.2498092
5076,20,175,25664.88482852
5077,20,176,26390.7591613
5078,20,177,24681.94731079
5079,20,178,25987.8293596
5080,20,179,21508.79433668
5081,20,180,28030.39102606
5082,20,181,32535.23814534
5083,20,182,35795.78925238
5084,20,183,40253.14743134
5085,20,184,29988.12726847
5086,20,185,23381.79195246
5087,20,186,34904.68248821
5088,20,187,38955.1168569
5089,20,188,35495.53085937
5090,20,189,34571.77517871
5091,20,190,35810.44758272
5092,20,191,34986.99571288
5093,20,192,34281.61188032
5094,20,193,35213.72367714
5095,20,194,35502.55788484
5096,20,195,34191.1116736
5097,20,196,35376.56004921
5098,20,197,37097.65130205
5099,20,198,11886.37357419
5100,20,199,14769.73260324
5101,20,200,43973.52206074
5102,20,201,28116.9160789
5103,20,202,53761.03228415
5104,20,203,48971.00138072
5105,20,204,40375.22101794
5106,20,205,32620.08818855
5107,20,206,23836.18294803
5108,20,207,57185.82031514
5109,20,208,17974.65102915
5110,20,209,12203.79328453
5111,20,210,8163.92834022
5112,20,211,16029.66755896
5113,20,212,52004.20749122
5114,20,213,59603.64315368
5115,20,214,39041.66701463
5116,20,215,22926.97167518
5117,20,216,13941.27922709
5118,20,217,17864.50407978
5119,20,218,19724.71636499
5120,20,219,47183.13160932
5121,20,220,51560.25528632
5122,20,221,14947.55141617
5123,20,222,29367.60126197
5124,20,223,11440.3002217
5125,20,224,56359.79042753
5126,20,225,15385.34695569
5127,20,226,34991.17103697
5128,20,227,24476.80151579
5129,20,228,58545.55910831
5130,20,229,41667.85794149
5131,20,230,44250.4411548
5132,20,231,8211.23048838
5133,20,232,8011.67958679
5134,20,233,8430.45353755
5135,20,234,7346.50930818
5136,20,235,7747.88123865
5137,20,236,8667.00550337
5138,20,237,7513.6456185
5139,20,238,26014.65016256
5140,20,239,15562.0772979
5141,20,240,23866.18937793
5142,20,241,8495.7939441
5143,20,242,12272.28704237
5144,20,243,9421.53202205
5145,20,244,20072.90018624
5146,20,245,19354.70227331
5147,20,246,20876.87827525
5148,20,247,16583.8593806
5149,20,248,18478.96204881
5150,20,249,24751.22666575
5151,20,250,25184.54414585
5152,20,251,14489.88149664
5153,20,252,9756.54633175
5154,20,253,10537.05165804
5155,20,254,21783.32516744
5156,20,255,22730.24541393
5157,20,256,25261.41163535
5158,20,257,17451.88464091
5159,20,258,11263.75707418
5160,21,1,10541.26770153
5161,21,2,16784.92621161
5162,21,3,10604.72392097
5163,21,4,12362.29328215
5164,21,5,15874.22022885
5165,21,6,14628.946665
5166,21,7,10519.69015605
5167,21,8,11163.21971135
5168,21,9,10943.85364718
5169,21,10,8823.84706348
5170,21,11,10644.43316557
5171,21,12,10640.3702605
5172,21,13,10832.14717245
5173,21,14,13283.31343651
5174,21,15,11417.93742683
5175,21,16,18135.08183637
5176,21,17,2693.41893302
5177,21,18,3733.70522086
5178,21,19,12930.36942213
5179,21,20,7577.78605143
5180,21,21,0.0
5181,21,22,23139.15429414
5182,21,23,16693.33505499
5183,21,24,15487.35666293
5184,21,25,9463.54296633
5185,21,26,20829.87820818
5186,21,27,1243.23064997
5187,21,28,6339.89942303
5188,21,29,19818.74710627
5189,21,30,4748.47468086
5190,21,31,13856.03562414
5191,21,32,10216.54062318
5192,21,33,1728.54850115
5193,21,34,8823.11075262
5194,21,35,12029.01769694
5195,21,36,25243.56259807
5196,21,37,25842.31181143
5197,21,38,14562.62561097
5198,21,39,17477.44895675
5199,21,40,7544.48645923
5200,21,41,1158.377009
5201,21,42,5667.59683502
5202,21,43,12596.86982207
5203,21,44,1962.42124115
5204,21,45,6154.32614453
5205,21,46,4852.73079531
5206,21,47,18269.50102481
5207,21,48,19370.27921871
5208,21,49,7961.00023063
5209,21,50,14777.11774835
5210,21,51,9663.29408283
5211,21,52,10807.15963398
5212,21,53,16325.20999199
5213,21,54,11019.24098458
5214,21,55,31111.69644623
5215,21,56,10127.39832645
5216,21,57,22871.15163925
5217,21,58,20656.34521224
5218,21,59,10780.89847996
5219,21,60,11860.63662893
5220,21,61,8086.75777456
5221,21,62,25652.13904187
5222,21,63,14313.17922912
5223,21,64,33329.67963641
5224,21,65,13300.04812067
5225,21,66,18773.71251119
5226,21,67,20720.7169941
5227,21,68,19444.71617709
5228,21,69,48431.20041487
5229,21,70,25138.80625661
5230,21,71,58112.06880366
5231,21,72,34500.37327984
5232,21,73,59590.93112445
5233,21,74,49960.61746997
5234,21,75,36725.21983155
5235,21,76,56135.61528524
5236,21,77,60305.06315222
5237,21,78,61193.67245961
5238,21,79,39115.80679979
5239,21,80,54099.20196808
5240,21,81,52739.49490604
5241,21,82,42088.50443806
5242,21,83,15459.2572695
5243,21,84,55182.58124336
5244,21,85,44491.20219423
5245,21,86,15786.62109433
5246,21,87,22914.92166046
5247,21,88,16984.87085936
5248,21,89,15704.25347791
5249,21,90,11626.66087152
5250,21,91,9451.76878221
5251,21,92,13025.64265105
5252,21,93,14413.32979612
5253,21,94,11969.83463048
5254,21,95,9875.49102784
5255,21,96,18529.81834078
5256,21,97,21682.77626399
5257,21,98,20890.39632877
5258,21,99,9982.14837071
5259,21,100,17090.05147697
5260,21,101,9185.47827986
5261,21,102,10622.80071264
5262,21,103,22733.3556621
5263,21,104,14642.97073087
5264,21,105,12322.15677939
5265,21,106,12798.48733345
5266,21,107,9752.83655143
5267,21,108,20056.48836994
5268,21,109,14138.91736374
5269,21,110,15382.80879291
5270,21,111,7958.07861222
5271,21,112,11959.22115998
5272,21,113,17364.75184801
5273,21,114,7701.74848358
5274,21,115,20516.7383125
5275,21,116,11539.330667
5276,21,117,10933.52612859
5277,21,118,11572.62406122
5278,21,119,22551.83544811
5279,21,120,8752.39131159
5280,21,121,10847.93700668
5281,21,122,13041.94751494
5282,21,123,11555.64657384
5283,21,124,12433.54943538
5284,21,125,9032.24043569
5285,21,126,9853.89504555
5286,21,127,11797.91112622
5287,21,128,10832.93852447
5288,21,129,8518.57578913
5289,21,130,13154.41622302
5290,21,131,18527.92309287
5291,21,132,13116.28499569
5292,21,133,19387.22535034
5293,21,134,32504.56699518
5294,21,135,28513.41259155
5295,21,136,26522.87690535
5296,21,137,24182.18045969
5297,21,138,24943.90031672
5298,21,139,27537.13626031
5299,21,140,25621.08277393
5300,21,141,26243.27892764
5301,21,142,31687.05778799
5302,21,143,33232.94289101
5303,21,144,30062.11084188
5304,21,145,31737.23226731
5305,21,146,24836.52872247
5306,21,147,14454.22278006
5307,21,148,7702.92336545
5308,21,149,14380.12617982
5309,21,150,6897.63462271
5310,21,151,12180.34285204
5311,21,152,8382.15827675
5312,21,153,13766.77442344
5313,21,154,15142.5046133
5314,21,155,5093.66256841
5315,21,156,15400.8744958
5316,21,157,14269.56282182
5317,21,158,7393.4804777
5318,21,159,15888.24411702
5319,21,160,5829.61610236
5320,21,161,5980.25546947
5321,21,162,6658.55524017
5322,21,163,14721.21295808
5323,21,164,8968.00941369
5324,21,165,14169.19013165
5325,21,166,14690.62167946
5326,21,167,14993.1687141
5327,21,168,19011.79803694
5328,21,169,16834.95909978
5329,21,170,17708.11343829
5330,21,171,20315.80032741
5331,21,172,19061.27211781
5332,21,173,19649.03758542
5333,21,174,20933.7759754
5334,21,175,20644.08252751
5335,21,176,21966.66045667
5336,21,177,19195.1074798
5337,21,178,26400.6575647
5338,21,179,22243.3888896
5339,21,180,28200.2431883
5340,21,181,31506.81083525
5341,21,182,34062.71269911
5342,21,183,38265.93335183
5343,21,184,29575.8530248
5344,21,185,23808.21380805
5345,21,186,33416.99057334
5346,21,187,36995.39417244
5347,21,188,28362.19247718
5348,21,189,28147.09165784
5349,21,190,30623.16459898
5350,21,191,28929.20239029
5351,21,192,27359.43492569
5352,21,193,29321.78601402
5353,21,194,29942.44773837
5354,21,195,27493.77103676
5355,21,196,28058.98609408
5356,21,197,32084.60189501
5357,21,198,4483.15148599
5358,21,199,7219.74194976
5359,21,200,36641.07389003
5360,21,201,20628.70982074
5361,21,202,46520.61479401
5362,21,203,41710.77078961
5363,21,204,33018.9184163
5364,21,205,25305.6210149
5365,21,206,16292.88683932
5366,21,207,49863.91050011
5367,21,208,10488.05063168
5368,21,209,16542.28983768
5369,21,210,11429.23383814
5370,21,211,21294.12135657
5371,21,212,56784.8549276
5372,21,213,64240.16219325
5373,21,214,34108.86162902
5374,21,215,20023.04364357
5375,21,216,14565.36016236
5376,21,217,16047.66041648
5377,21,218,17743.53300153
5378,21,219,42775.77663105
5379,21,220,47207.34706968
5380,21,221,13541.60638445
5381,21,222,24728.58717386
5382,21,223,13225.08544325
5383,21,224,52076.33717687
5384,21,225,14934.39932281
5385,21,226,29994.57897678
5386,21,227,20776.5671349
5387,21,228,54321.38779619
5388,21,229,36968.56788658
5389,21,230,39693.34332495
5390,21,231,11996.84660199
5391,21,232,11646.48862949
5392,21,233,12374.97164889
5393,21,234,10409.79142264
5394,21,235,11176.52839348
5395,21,236,12792.00010505
5396,21,237,10710.63009814
5397,21,238,33496.28524765
5398,21,239,22883.86349022
5399,21,240,31222.85553584
5400,21,241,15903.17574651
5401,21,242,19795.55653751
5402,21,243,16302.47933745
5403,21,244,27333.11060254
5404,21,245,26687.78964482
5405,21,246,28063.39204864
5406,21,247,23980.36994192
5407,21,248,25844.12152365
5408,21,249,32142.14701076
5409,21,250,32711.71088029
5410,21,251,21738.00526809
5411,21,252,17215.00923117
5412,21,253,17042.24595778
5413,21,254,28999.2122096
5414,21,255,30020.69763296
5415,21,256,32820.75533797
5416,21,257,24884.86778249
5417,21,258,18841.54298531
5418,22,1,12599.12168539
5419,22,2,9178.94736878
5420,22,3,12652.87251073
5421,22,4,12531.13576686
5422,22,5,9825.6233262
5423,22,6,10807.62584105
5424,22,7,14158.6568404
5425,22,8,12833.98400207
5426,22,9,12657.44265377
5427,22,10,15714.30088687
5428,22,11,13573.97037659
5429,22,12,12904.05237361
5430,22,13,12372.67542682
5431,22,14,11742.0816923
5432,22,15,13140.60261904
5433,22,16,8094.82795002
5434,22,17,20549.73685785
5435,22,18,19634.56160455
5436,22,19,10464.46797993
5437,22,20,16487.51518982
5438,22,21,23139.15429414
5439,22,22,0.0
5440,22,23,6511.16816075
5441,22,24,7691.31517196
5442,22,25,14282.81414106
5443,22,26,2427.37530601
5444,22,27,21970.24742238
5445,22,28,17438.58422543
5446,22,29,3578.28326337
5447,22,30,18764.94030226
5448,22,31,9439.6619627
5449,22,32,13428.78732944
5450,22,33,24858.43914742
5451,22,34,15265.78063432
5452,22,35,11507.27772062
5453,22,36,2264.03534559
5454,22,37,3115.36291948
5455,22,38,8672.11091696
5456,22,39,5808.90506237
5457,22,40,30589.26076201
5458,22,41,23212.5357633
5459,22,42,19503.13704309
5460,22,43,35717.4467998
5461,22,44,23050.73224076
5462,22,45,18328.65832503
5463,22,46,20783.54427129
5464,22,47,41372.40958709
5465,22,48,42464.7060901
5466,22,49,16819.91738219
5467,22,50,37903.32187381
5468,22,51,14729.63398878
5469,22,52,14105.70014205
5470,22,53,8043.28172531
5471,22,54,14553.6727214
5472,22,55,10423.92401604
5473,22,56,16844.07090316
5474,22,57,3644.6107016
5475,22,58,4458.42505773
5476,22,59,15360.23678272
5477,22,60,12316.20920504
5478,22,61,18433.52470818
5479,22,62,4958.86358494
5480,22,63,9870.9122471
5481,22,64,13263.56839603
5482,22,65,11025.66469196
5483,22,66,5716.07489021
5484,22,67,11297.45198923
5485,22,68,10996.42206487
5486,22,69,30134.50277663
5487,22,70,13323.02872116
5488,22,71,39361.37882628
5489,22,72,19320.07169676
5490,22,73,41128.64075761
5491,22,74,31646.54017006
5492,22,75,20993.12948397
5493,22,76,37272.4076511
5494,22,77,43009.91360763
5495,22,78,43115.59385261
5496,22,79,22805.21676841
5497,22,80,35590.19943683
5498,22,81,34114.33768914
5499,22,82,24244.8333995
5500,22,83,16625.63290548
5501,22,84,36508.10271886
5502,22,85,26445.71945598
5503,22,86,15546.21150841
5504,22,87,12146.04888287
5505,22,88,13747.81278587
5506,22,89,18152.57351333
5507,22,90,12180.74480671
5508,22,91,13687.43119844
5509,22,92,13072.40273468
5510,22,93,13751.95402308
5511,22,94,13700.91826446
5512,22,95,13645.20393725
5513,22,96,16644.23406496
5514,22,97,20402.6298084
5515,22,98,19169.14245496
5516,22,99,15030.02144599
5517,22,100,15896.68670633
5518,22,101,14057.10666275
5519,22,102,14654.16349704
5520,22,103,21219.82917636
5521,22,104,14963.48333611
5522,22,105,12610.96616466
5523,22,106,14302.26851474
5524,22,107,13478.83262436
5525,22,108,17777.95655009
5526,22,109,13858.75270058
5527,22,110,24545.76468787
5528,22,111,19422.54175736
5529,22,112,15280.43126791
5530,22,113,25125.73492268
5531,22,114,16619.15307937
5532,22,115,26865.12200645
5533,22,116,11669.05322406
5534,22,117,17277.70570182
5535,22,118,22896.26024924
5536,22,119,28201.45741657
5537,22,120,21222.62340497
5538,22,121,18048.93180935
5539,22,122,23416.91140609
5540,22,123,11839.13743443
5541,22,124,11489.44305108
5542,22,125,14260.48061879
5543,22,126,21791.51099712
5544,22,127,11344.02943432
5545,22,128,18885.09374048
5546,22,129,15007.63387432
5547,22,130,12634.70512177
5548,22,131,25053.94519649
5549,22,132,11271.83778389
5550,22,133,25519.02438577
5551,22,134,10693.363787
5552,22,135,7080.12992846
5553,22,136,4365.90600458
5554,22,137,8145.13868707
5555,22,138,10389.31446853
5556,22,139,5866.99850253
5557,22,140,2660.80038346
5558,22,141,4275.63837265
5559,22,142,9549.25327406
5560,22,143,11940.87426981
5561,22,144,8029.37112882
5562,22,145,11047.53063812
5563,22,146,6183.23761194
5564,22,147,9559.30797941
5565,22,148,18273.45198541
5566,22,149,8796.98668121
5567,22,150,24226.81431898
5568,22,151,12342.37431145
5569,22,152,17534.26010666
5570,22,153,10444.8618718
5571,22,154,8285.48120431
5572,22,155,21277.76272609
5573,22,156,11929.65012449
5574,22,157,8892.68036236
5575,22,158,25835.0029313
5576,22,159,12530.36463592
5577,22,160,22686.26381261
5578,22,161,19993.28632785
5579,22,162,19312.67461281
5580,22,163,10493.24523206
5581,22,164,16748.49355764
5582,22,165,9399.53471597
5583,22,166,11167.26068124
5584,22,167,8808.56610488
5585,22,168,41872.67797942
5586,22,169,39861.6148742
5587,22,170,40615.98444963
5588,22,171,43104.59895925
5589,22,172,41307.56562616
5590,22,173,42063.08741789
5591,22,174,43498.75125415
5592,22,175,42068.70228051
5593,22,176,42622.59956418
5594,22,177,41158.16870465
5595,22,178,23004.90790283
5596,22,179,19500.7266235
5597,22,180,24990.05538115
5598,22,181,31059.67358502
5599,22,182,35266.53127478
5600,22,183,39657.15138176
5601,22,184,27724.96139438
5602,22,185,21266.00988018
5603,22,186,33991.44145975
5604,22,187,38464.01260461
5605,22,188,47468.04413628
5606,22,189,44563.17517286
5607,22,190,42751.20201344
5608,22,191,44032.03685291
5609,22,192,45653.08641597
5610,22,193,43840.6937309
5611,22,194,43325.14045419
5612,22,195,44930.1439577
5613,22,196,48033.79898362
5614,22,197,43511.7889214
5615,22,198,26549.91295515
5616,22,199,29574.12247426
5617,22,200,56399.90709147
5618,22,201,41856.22402375
5619,22,202,65526.09488579
5620,22,203,60940.5466904
5621,22,204,53019.16358802
5622,22,205,45384.41892836
5623,22,206,38098.27850197
5624,22,207,69251.76327578
5625,22,208,32264.34296818
5626,22,209,9389.49143536
5627,22,210,13221.72931603
5628,22,211,5851.74436895
5629,22,212,36895.38926668
5630,22,213,44562.77213772
5631,22,214,45081.45876086
5632,22,215,27579.8892565
5633,22,216,16798.22209178
5634,22,217,22487.39920183
5635,22,218,23817.23189922
5636,22,219,51317.92295584
5637,22,220,55264.20804592
5638,22,221,20465.30290252
5639,22,222,35962.07808703
5640,22,223,14636.96789192
5641,22,224,59613.66098289
5642,22,225,19056.26506565
5643,22,226,41594.44994476
5644,22,227,30197.40082133
5645,22,228,61541.06517942
5646,22,229,46929.8609262
5647,22,230,48963.3752944
5648,22,231,12402.55120763
5649,22,232,12749.68694677
5650,22,233,12022.23443272
5651,22,234,13943.10261677
5652,22,235,13205.89301004
5653,22,236,11585.8272308
5654,22,237,13666.93987233
5655,22,238,18432.4862581
5656,22,239,14222.94282875
5657,22,240,18409.76842928
5658,22,241,8780.56442422
5659,22,242,11278.72386261
5660,22,243,7071.48640517
5661,22,244,16878.95170363
5662,22,245,15814.24357951
5663,22,246,17952.23406147
5664,22,247,13859.03239032
5665,22,248,15036.27236088
5666,22,249,18672.29867626
5667,22,250,16987.93689025
5668,22,251,14484.51782453
5669,22,252,8146.52484023
5670,22,253,6097.40973745
5671,22,254,18288.78184297
5672,22,255,18272.52920837
5673,22,256,16195.73365021
5674,22,257,13787.30607846
5675,22,258,9608.5040513
5676,23,1,6200.17432438
5677,23,2,6397.88891886
5678,23,3,6436.89134764
5679,23,4,7473.19328636
5680,23,5,6420.58577
5681,23,6,6702.30543072
5682,23,7,7847.38172958
5683,23,8,7161.56441752
5684,23,9,6734.64563247
5685,23,10,9297.03788643
5686,23,11,7191.14702024
5687,23,12,6408.15115115
5688,23,13,5878.58484543
5689,23,14,6993.10218694
5690,23,15,7751.72684273
5691,23,16,6372.88856823
5692,23,17,14151.33119879
5693,23,18,13281.09164755
5694,23,19,4595.8747942
5695,23,20,10465.59054319
5696,23,21,16693.33505499
5697,23,22,6511.16816075
5698,23,23,0.0
5699,23,24,1858.3200216
5700,23,25,8302.27351608
5701,23,26,4143.37466468
5702,23,27,15548.16535535
5703,23,28,11267.4276345
5704,23,29,3138.05369632
5705,23,30,12468.85681343
5706,23,31,3568.9436118
5707,23,32,7463.27301934
5708,23,33,18403.29073632
5709,23,34,9356.05589754
5710,23,35,5659.7076602
5711,23,36,8711.79926384
5712,23,37,9430.49082927
5713,23,38,2802.09695287
5714,23,39,841.0113782
5715,23,40,24101.69214218
5716,23,41,16723.77252706
5717,23,42,13026.97741682
5718,23,43,29243.30476783
5719,23,44,16545.2423431
5720,23,45,11839.70556411
5721,23,46,14297.93621437
5722,23,47,34887.90589893
5723,23,48,35977.1045682
5724,23,49,10392.31447345
5725,23,50,31430.94123695
5726,23,51,8329.09576997
5727,23,52,7854.64947637
5728,23,53,2884.33701379
5729,23,54,8424.53425072
5730,23,55,15147.71660209
5731,23,56,10750.53607171
5732,23,57,6549.31821693
5733,23,58,4571.17179945
5734,23,59,9273.651793
5735,23,60,5996.60141929
5736,23,61,12120.40411294
5737,23,62,9346.7603935
5738,23,63,3856.91422456
5739,23,64,17725.48133211
5740,23,65,4899.67173493
5741,23,66,3107.05392402
5742,23,67,9431.20982845
5743,23,68,8437.91908077
5744,23,69,34155.12209069
5745,23,70,13290.62684519
5746,23,71,43696.34020688
5747,23,72,21579.3876552
5748,23,73,45361.72738902
5749,23,74,35699.71311719
5750,23,75,23598.75500454
5751,23,76,41633.19968653
5752,23,77,46792.94270518
5753,23,78,47211.86548715
5754,23,79,25752.86974088
5755,23,80,39781.93934397
5756,23,81,38336.72291319
5757,23,82,27935.01616894
5758,23,83,11892.58799053
5759,23,84,40780.71902729
5760,23,85,30282.09178896
5761,23,86,10959.1893956
5762,23,87,11296.33933382
5763,23,88,9693.65969575
5764,23,89,13415.55568838
5765,23,90,5755.98779694
5766,23,91,7267.90005007
5767,23,92,7344.17516681
5768,23,93,9984.15223996
5769,23,94,8762.61640233
5770,23,95,7140.75074767
5771,23,96,12951.81270909
5772,23,97,17225.3865709
5773,23,98,15939.24666687
5774,23,99,9523.29006744
5775,23,100,11754.90857666
5776,23,101,7775.9173454
5777,23,102,9323.44541681
5778,23,103,18235.965839
5779,23,104,9982.29674312
5780,23,105,6526.13395624
5781,23,106,9848.40981664
5782,23,107,6980.06101734
5783,23,108,14480.48531595
5784,23,109,8646.52627689
5785,23,110,19229.18687747
5786,23,111,13131.23783285
5787,23,112,10590.26258628
5788,23,113,20143.68225932
5789,23,114,10150.40496785
5790,23,115,22348.56135207
5791,23,116,5435.66859763
5792,23,117,12388.23434118
5793,23,118,17047.41850531
5794,23,119,23954.42257196
5795,23,120,15041.82982353
5796,23,121,13164.63577392
5797,23,122,17771.47453326
5798,23,123,5816.20548711
5799,23,124,5989.96982487
5800,23,125,7754.33561352
5801,23,126,15738.75373506
5802,23,127,4915.47692089
5803,23,128,14009.96430678
5804,23,129,8497.94515852
5805,23,130,8068.21267652
5806,23,131,20331.79792559
5807,23,132,6200.21044597
5808,23,133,20931.38631596
5809,23,134,16730.12544881
5810,23,135,12807.48647001
5811,23,136,10377.10739794
5812,23,137,9553.94617856
5813,23,138,11322.63975253
5814,23,139,11664.60258908
5815,23,140,8929.070054
5816,23,141,9669.92101283
5817,23,142,15709.58632921
5818,23,143,17775.63759483
5819,23,144,14105.65266895
5820,23,145,16575.57143147
5821,23,146,9118.3457459
5822,23,147,4684.23180337
5823,23,148,12579.26523098
5824,23,149,2313.43075152
5825,23,150,18435.37135866
5826,23,151,7098.60868505
5827,23,152,11932.60256315
5828,23,153,5467.6535628
5829,23,154,3014.14647471
5830,23,155,15277.41214128
5831,23,156,7099.63716461
5832,23,157,2734.62030535
5833,23,158,20008.42355695
5834,23,159,7983.39905998
5835,23,160,16796.59891019
5836,23,161,14078.75172234
5837,23,162,13479.84602152
5838,23,163,5001.51903407
5839,23,164,11211.36185867
5840,23,165,3025.15904298
5841,23,166,5836.71815737
5842,23,167,3966.58226298
5843,23,168,35554.3932208
5844,23,169,33481.95459415
5845,23,170,34280.22439916
5846,23,171,36811.36405198
5847,23,172,35156.05751316
5848,23,173,35872.18544077
5849,23,174,37271.98092592
5850,23,175,36117.259319
5851,23,176,36851.54090752
5852,23,177,35074.54202767
5853,23,178,20860.88387138
5854,23,179,16677.14827429
5855,23,180,22977.49038295
5856,23,181,28634.38958655
5857,23,182,32592.01550328
5858,23,183,37110.55084488
5859,23,184,25500.88111346
5860,23,185,18628.86184537
5861,23,186,31431.95864035
5862,23,187,35851.59004764
5863,23,188,41345.75817219
5864,23,189,38823.87912284
5865,23,190,37756.52947568
5866,23,191,38507.78573347
5867,23,192,39632.8617617
5868,23,193,38416.86239279
5869,23,194,38100.68036735
5870,23,195,39032.18028793
5871,23,196,41795.55846755
5872,23,197,38676.55221977
5873,23,198,20038.77954814
5874,23,199,23063.05560948
5875,23,200,50235.04064359
5876,23,201,35442.54081996
5877,23,202,59520.87318057
5878,23,203,54878.64909164
5879,23,204,46803.58669124
5880,23,205,39116.66829449
5881,23,206,31624.45153286
5882,23,207,63195.27982355
5883,23,208,25772.69695723
5884,23,209,4909.34147545
5885,23,210,6976.37304137
5886,23,211,5992.54064838
5887,23,212,41693.62158887
5888,23,213,49325.95957518
5889,23,214,40377.21798023
5890,23,215,22852.92034245
5891,23,216,11788.64527775
5892,23,217,17494.40384969
5893,23,218,19066.58714442
5894,23,219,47281.97106613
5895,23,220,51412.0573219
5896,23,221,15076.27212758
5897,23,222,30940.4043292
5898,23,223,9163.43114133
5899,23,224,55952.80024665
5900,23,225,14059.8495534
5901,23,226,36676.04288291
5902,23,227,25261.38314657
5903,23,228,57984.20498234
5904,23,229,42483.99307524
5905,23,230,44714.34885067
5906,23,231,6150.78556005
5907,23,232,6467.15064766
5908,23,233,5806.68896517
5909,23,234,7571.70788406
5910,23,235,6885.57387595
5911,23,236,5411.13775181
5912,23,237,7316.34870733
5913,23,238,21878.68992403
5914,23,239,14349.6262874
5915,23,240,20927.6474311
5916,23,241,5042.1805329
5917,23,242,10441.8743736
5918,23,243,2338.94411747
5919,23,244,18251.04627552
5920,23,245,17222.23911428
5921,23,246,19314.12993994
5922,23,247,14591.8264311
5923,23,248,16297.95724606
5924,23,249,21480.89373085
5925,23,250,20613.93034919
5926,23,251,14024.93423548
5927,23,252,5558.77718207
5928,23,253,924.46497927
5929,23,254,19933.70000732
5930,23,255,20340.52785917
5931,23,256,20155.80020386
5932,23,257,14968.20821905
5933,23,258,8389.61807817
5934,24,1,4960.76161716
5935,24,2,4937.80664639
5936,24,3,4962.44237792
5937,24,4,5620.30775821
5938,24,5,4791.40207433
5939,24,6,4915.6991111
5940,24,7,7610.05959548
5941,24,8,5402.51241698
5942,24,9,5065.48091646
5943,24,10,8814.42828967
5944,24,11,6860.35751436
5945,24,12,5780.47160202
5946,24,13,4913.98636041
5947,24,14,5137.38521666
5948,24,15,5935.69818526
5949,24,16,5241.37459927
5950,24,17,12873.11241225
5951,24,18,11946.43999376
5952,24,19,2868.35802833
5953,24,20,8872.60529761
5954,24,21,15487.35666293
5955,24,22,7691.31517196
5956,24,23,1858.3200216
5957,24,24,0.0
5958,24,25,6675.58909134
5959,24,26,5510.55710248
5960,24,27,14303.23368124
5961,24,28,9768.30115788
5962,24,29,4694.84701321
5963,24,30,11073.84441685
5964,24,31,1816.23958912
5965,24,32,5822.35789067
5966,24,33,17212.49536122
5967,24,34,7702.91650682
5968,24,35,3942.17600492
5969,24,36,9757.07405014
5970,24,37,10364.48068908
5971,24,38,1021.03953461
5972,24,39,2642.98500214
5973,24,40,22981.35440657
5974,24,41,15622.1579182
5975,24,42,12323.47788028
5976,24,43,28081.81298504
5977,24,44,15520.72157425
5978,24,45,11105.6401145
5979,24,46,13548.61390233
5980,24,47,33749.05968177
5981,24,48,34846.45214561
5982,24,49,9859.2578592
5983,24,50,30263.88764245
5984,24,51,7913.24901072
5985,24,52,7704.97861455
5986,24,53,4229.54571931
5987,24,54,8397.58157098
5988,24,55,16880.00621435
5989,24,56,10675.05228281
5990,24,57,8279.10065231
5991,24,58,6393.06126029
5992,24,59,9255.9977652
5993,24,60,5856.58127431
5994,24,61,11750.67678955
5995,24,62,11042.09969246
5996,24,63,4383.44332831
5997,24,64,19499.96599406
5998,24,65,5142.54973635
5999,24,66,4961.37971578
6000,24,67,11056.52115462
6001,24,68,9981.81743444
6002,24,69,35990.72730946
6003,24,70,15055.36963063
6004,24,71,45517.91874906
6005,24,72,23431.96419842
6006,24,73,47190.7501062
6007,24,74,37534.53824081
6008,24,75,25455.69457936
6009,24,76,43451.93247446
6010,24,77,48643.10774474
6011,24,78,49049.29468905
6012,24,79,27611.1761673
6013,24,80,41611.06224585
6014,24,81,40163.16363417
6015,24,82,29780.82745661
6016,24,83,12647.15739671
6017,24,84,42605.1830312
6018,24,85,32123.82415141
6019,24,86,11808.12816727
6020,24,87,13009.33653054
6021,24,88,10793.92414576
6022,24,89,14124.73075525
6023,24,90,5418.88204229
6024,24,91,6053.76199742
6025,24,92,7743.90437217
6026,24,93,8176.82930001
6027,24,94,6908.8289083
6028,24,95,6424.10559712
6029,24,96,14057.52484742
6030,24,97,18392.01281483
6031,24,98,17113.26124213
6032,24,99,7744.18564087
6033,24,100,12747.35896511
6034,24,101,6366.16921025
6035,24,102,7510.40328785
6036,24,103,19438.73961724
6037,24,104,10692.13803845
6038,24,105,6660.51135452
6039,24,106,7992.86502974
6040,24,107,6008.69078144
6041,24,108,15664.65886935
6042,24,109,9300.47324979
6043,24,110,19548.13266118
6044,24,111,12772.98510333
6045,24,112,8732.77609685
6046,24,113,20621.50155346
6047,24,114,9515.9288458
6048,24,115,23004.69696766
6049,24,116,3978.15454921
6050,24,117,10542.52164355
6051,24,118,17056.77899708
6052,24,119,24698.92297143
6053,24,120,14785.0972594
6054,24,121,11320.56106857
6055,24,122,17913.38985415
6056,24,123,4191.51240129
6057,24,124,4173.8295817
6058,24,125,6817.27182587
6059,24,126,15598.32453042
6060,24,127,3767.23908742
6061,24,128,12167.27289579
6062,24,129,7684.68371411
6063,24,130,6214.66996805
6064,24,131,20924.89357721
6065,24,132,4342.87003362
6066,24,133,21574.08400753
6067,24,134,17334.74265345
6068,24,135,13346.98055315
6069,24,136,11127.04967312
6070,24,137,11412.18164232
6071,24,138,13164.57902422
6072,24,139,12272.85412805
6073,24,140,10259.83740465
6074,24,141,11231.24291657
6075,24,142,16402.84982033
6076,24,143,18257.0632949
6077,24,144,14777.91356228
6078,24,145,16935.38952392
6079,24,146,10930.91874313
6080,24,147,2849.0685567
6081,24,148,10866.06549703
6082,24,149,1693.50652741
6083,24,150,16771.56355225
6084,24,151,5257.67568819
6085,24,152,10190.67308171
6086,24,153,3611.47617743
6087,24,154,1195.74263179
6088,24,155,13689.55901049
6089,24,156,8043.52000454
6090,24,157,1220.93877599
6091,24,158,18359.8577277
6092,24,159,8989.66116747
6093,24,160,15164.60253554
6094,24,161,12449.23491916
6095,24,162,11816.26448235
6096,24,163,5787.18041959
6097,24,164,9449.81915301
6098,24,165,3190.23070843
6099,24,166,6629.42701501
6100,24,167,2174.14207238
6101,24,168,34183.49255103
6102,24,169,32172.00466878
6103,24,170,32925.16120949
6104,24,171,35419.38919231
6105,24,172,33667.13540454
6106,24,173,34407.20524724
6107,24,174,35830.788766
6108,24,175,34532.29023604
6109,24,176,35202.74030899
6110,24,177,33548.8956577
6111,24,178,22228.32159732
6112,24,179,17943.61903136
6113,24,180,24353.04385039
6114,24,181,29879.50674965
6115,24,182,33755.70937463
6116,24,183,38286.85089787
6117,24,184,26811.99892343
6118,24,185,19911.94282294
6119,24,186,32629.75288495
6120,24,187,37016.50687187
6121,24,188,41000.48205876
6122,24,189,38771.45448388
6123,24,190,38111.07819115
6124,24,191,38587.46762319
6125,24,192,39377.23686532
6126,24,193,38553.2831258
6127,24,194,38343.01419089
6128,24,195,38870.82513024
6129,24,196,41338.4200758
6130,24,197,39099.58417918
6131,24,198,19073.97941468
6132,24,199,22105.97801761
6133,24,200,49836.2221507
6134,24,201,34771.83894138
6135,24,202,59244.35848477
6136,24,203,54562.77595321
6137,24,204,46361.17311936
6138,24,205,38633.10962861
6139,24,206,30836.56792774
6140,24,207,62874.74945115
6141,24,208,24942.62462183
6142,24,209,6204.23461912
6143,24,210,6882.70573029
6144,24,211,7850.6374193
6145,24,212,43472.05662021
6146,24,213,51112.25056678
6147,24,214,40850.58860506
6148,24,215,23416.44511016
6149,24,216,12417.78070383
6150,24,217,18003.57617905
6151,24,218,19663.61835777
6152,24,219,47990.26245983
6153,24,220,52173.27601486
6154,24,221,15419.99728581
6155,24,222,31312.4954402
6156,24,223,9637.09337225
6157,24,224,56767.26719508
6158,24,225,14633.27794198
6159,24,226,37069.54363079
6160,24,227,25710.48742678
6161,24,228,58827.80545609
6162,24,229,43054.96739383
6163,24,230,45353.21526113
6164,24,231,6104.93914358
6165,24,232,6352.47923158
6166,24,233,5840.09003713
6167,24,234,7244.51387369
6168,24,235,6684.21493677
6169,24,236,5536.08024934
6170,24,237,7039.56245989
6171,24,238,21405.58653183
6172,24,239,13168.68374444
6173,24,240,20201.21714029
6174,24,241,3453.34480504
6175,24,242,9186.48164717
6176,24,243,1159.9519674
6177,24,244,17274.1196372
6178,24,245,16276.73154059
6179,24,246,18314.37055324
6180,24,247,13549.422922
6181,24,248,15338.32921999
6182,24,249,20826.75024608
6183,24,250,20216.26592011
6184,24,251,12719.1444467
6185,24,252,4273.69476802
6186,24,253,1668.18847504
6187,24,254,18993.81585125
6188,24,255,19502.86834908
6189,24,256,19871.94610172
6190,24,257,14026.13125906
6191,24,258,7174.06521394
6192,25,1,2878.56698407
6193,25,2,7358.244151
6194,25,3,2040.2590253
6195,25,4,3097.69163742
6196,25,5,6463.92910225
6197,25,6,5260.7381297
6198,25,7,6866.14249279
6199,25,8,1702.04457858
6200,25,9,1625.38072162
6201,25,10,6613.80934649
6202,25,11,6226.46854645
6203,25,12,4953.16482312
6204,25,13,3872.89341405
6205,25,14,3941.61998011
6206,25,15,2158.59421009
6207,25,16,8682.0043511
6208,25,17,6770.67034214
6209,25,18,5735.75580122
6210,25,19,3825.48289907
6211,25,20,2205.01021845
6212,25,21,9463.54296633
6213,25,22,14282.81414106
6214,25,23,8302.27351608
6215,25,24,6675.58909134
6216,25,25,0.0
6217,25,26,12181.88929909
6218,25,27,8222.7954869
6219,25,28,3236.39360718
6220,25,29,11353.79764965
6221,25,30,4744.18978163
6222,25,31,4868.90593521
6223,25,32,855.2549998
6224,25,33,11170.51084803
6225,25,34,1069.56663765
6226,25,35,2776.11313077
6227,25,36,16225.0574153
6228,25,37,16722.13596544
6229,25,38,5658.65329561
6230,25,39,9143.27507754
6231,25,40,16988.25039432
6232,25,41,9886.90173994
6233,25,42,8295.6789918
6234,25,43,21939.27463383
6235,25,44,10024.57610301
6236,25,45,7202.32438594
6237,25,46,9168.41773194
6238,25,47,27614.55343988
6239,25,48,28722.50724226
6240,25,49,7080.36492347
6241,25,50,24093.83873325
6242,25,51,6378.59463364
6243,25,52,7211.96111908
6244,25,53,9211.94688461
6245,25,54,8006.43660483
6246,25,55,23441.72207765
6247,25,56,9351.70040144
6248,25,57,14850.48426055
6249,25,58,12806.96335687
6250,25,59,8571.28983995
6251,25,60,6507.95377209
6252,25,61,9087.43146515
6253,25,62,17648.63788608
6254,25,63,7727.11310395
6255,25,64,25979.39276837
6256,25,65,7327.79952224
6257,25,66,11094.29996871
6258,25,67,15573.76863461
6259,25,68,14286.73587541
6260,25,69,42183.62780381
6261,25,70,20032.31090773
6262,25,71,51791.21654181
6263,25,72,29049.03242414
6264,25,73,53416.33279461
6265,25,74,43730.79379194
6266,25,75,31177.13547273
6267,25,76,49742.85964874
6268,25,77,54661.20146361
6269,25,78,55209.2365799
6270,25,79,33442.01498387
6271,25,80,47842.08976801
6272,25,81,46413.22310495
6273,25,82,35895.17740264
6274,25,83,13809.1202526
6275,25,84,48864.49420127
6276,25,85,38272.91814634
6277,25,86,13433.06566719
6278,25,87,17792.2484251
6279,25,88,13442.49350911
6280,25,89,14913.37478605
6281,25,90,5834.76231398
6282,25,91,2610.96451215
6283,25,92,8983.8927865
6284,25,93,6132.36368132
6285,25,94,3300.21285471
6286,25,95,4723.73670198
6287,25,96,16286.29897585
6288,25,97,20484.56437699
6289,25,98,19325.12766239
6290,25,99,2040.73404839
6291,25,100,14728.38666783
6292,25,101,1538.94793539
6293,25,102,2414.99557267
6294,25,103,21610.66953912
6295,25,104,12058.34951558
6296,25,105,7613.45203477
6297,25,106,4707.16005
6298,25,107,3681.04581988
6299,25,108,18032.40694088
6300,25,109,10817.55903989
6301,25,110,18371.139159
6302,25,111,9949.01785177
6303,25,112,4532.38800163
6304,25,113,19946.12584306
6305,25,114,6455.94275198
6306,25,115,22847.48138758
6307,25,116,2955.38870044
6308,25,117,5336.19622392
6309,25,118,14985.74475461
6310,25,119,24792.72536439
6311,25,120,12021.02118683
6312,25,121,5968.99521462
6313,25,122,16235.13596205
6314,25,123,2491.98270329
6315,25,124,2991.25438708
6316,25,125,3913.14431694
6317,25,126,13150.44690427
6318,25,127,3881.58344783
6319,25,128,6699.11342401
6320,25,129,4721.81931096
6321,25,130,4139.31443967
6322,25,131,20654.78701224
6323,25,132,3658.10802041
6324,25,133,21447.97385541
6325,25,134,23096.04258388
6326,25,135,19120.01521778
6327,25,136,17265.03860354
6328,25,137,17392.4480989
6329,25,138,18795.23390295
6330,25,139,18186.37636
6331,25,140,16896.47556478
6332,25,141,17903.19519645
6333,25,142,22323.53045459
6334,25,143,23785.12835697
6335,25,144,20706.00001705
6336,25,145,22277.14935629
6337,25,146,17330.50449195
6338,25,147,5040.59447373
6339,25,148,4353.22190555
6340,25,149,6192.13729541
6341,25,150,10133.69557299
6342,25,151,2793.34793755
6343,25,152,3821.34894258
6344,25,153,4309.4750025
6345,25,154,6005.77402434
6346,25,155,7014.95410938
6347,25,156,10792.60416889
6348,25,157,5577.10682965
6349,25,158,11706.89939321
6350,25,159,11686.90359503
6351,25,160,8499.05575342
6352,25,161,5781.03275554
6353,25,162,5180.834777
6354,25,163,8920.26541913
6355,25,164,3252.51424391
6356,25,165,6861.32348877
6357,25,166,9425.00522047
6358,25,167,5654.24959723
6359,25,168,27658.33831641
6360,25,169,25737.6651131
6361,25,170,26423.43602213
6362,25,171,28866.44171662
6363,25,172,27024.85220602
6364,25,173,27782.39195725
6365,25,174,29225.56130532
6366,25,175,27856.81043408
6367,25,176,28551.43944663
6368,25,177,26885.90705013
6369,25,178,24955.50245337
6370,25,179,20465.74851891
6371,25,180,27036.20308035
6372,25,181,31818.27672508
6373,25,182,35248.35567648
6374,25,183,39746.36554175
6375,25,184,29128.17512828
6376,25,185,22386.90394558
6377,25,186,34294.89026154
6378,25,187,38449.05982904
6379,25,188,36869.3201353
6380,25,189,35599.62298265
6381,25,190,36351.35323933
6382,25,191,35860.23041866
6383,25,192,35543.55160642
6384,25,193,36020.16141338
6385,25,194,36181.05993497
6386,25,195,35343.27925215
6387,25,196,36869.88042221
6388,25,197,37568.45680456
6389,25,198,13587.45775241
6390,25,199,16547.50563713
6391,25,200,45461.35162253
6392,25,201,29771.43674168
6393,25,202,55168.68732489
6394,25,203,50398.66859696
6395,25,204,41887.36262438
6396,25,205,34118.4234136
6397,25,206,25568.81426114
6398,25,207,58649.79621474
6399,25,208,19666.8465951
6400,25,209,10432.90359814
6401,25,210,7012.8118641
6402,25,211,13974.68397223
6403,25,212,49921.30033333
6404,25,213,57533.89045132
6405,25,214,39472.36870402
6406,25,215,22891.2380214
6407,25,216,13180.90077521
6408,25,217,17646.01481163
6409,25,218,19495.20456828
6410,25,219,47391.89345916
6411,25,220,51733.42853942
6412,25,221,14732.78378417
6413,25,222,29775.59176349
6414,25,223,10481.30724076
6415,25,224,56493.6482909
6416,25,225,14869.90144299
6417,25,226,35470.60675041
6418,25,227,24652.97603667
6419,25,228,58653.02542709
6420,25,229,42002.71889114
6421,25,230,44523.44890247
6422,25,231,6861.33044898
6423,25,232,6740.6927559
6424,25,233,7000.09941651
6425,25,234,6390.46997779
6426,25,235,6588.99885356
6427,25,236,7150.90264028
6428,25,237,6478.45215912
6429,25,238,24524.84543778
6430,25,239,14359.86202694
6431,25,240,22550.44357526
6432,25,241,6443.9956948
6433,25,242,10796.67850621
6434,25,243,7218.59604909
6435,25,244,18888.23755457
6436,25,245,18097.19044033
6437,25,246,19757.50011657
6438,25,247,15274.51228036
6439,25,248,17191.1297139
6440,25,249,23390.58728762
6441,25,250,23615.80600808
6442,25,251,13389.02827841
6443,25,252,7751.49898575
6444,25,253,8342.19885158
6445,25,254,20628.27554392
6446,25,255,21493.62896576
6447,25,256,23611.11024716
6448,25,257,16082.92413861
6449,25,258,9549.93552276
6450,26,1,10310.54334252
6451,26,2,8008.39118025
6452,26,3,10447.52843694
6453,26,4,10737.70587455
6454,26,5,8483.76385976
6455,26,6,9280.43456188
6456,26,7,11731.35778537
6457,26,8,10833.61357874
6458,26,9,10565.03047633
6459,26,10,13289.95447141
6460,26,11,11148.14089061
6461,26,12,10501.14743649
6462,26,13,10021.95360615
6463,26,14,10033.51744264
6464,26,15,11244.14446017
6465,26,16,7212.53737754
6466,26,17,18270.82993813
6467,26,18,17381.00123834
6468,26,19,8360.84951093
6469,26,20,14381.75917567
6470,26,21,20829.87820818
6471,26,22,2427.37530601
6472,26,23,4143.37466468
6473,26,24,5510.55710248
6474,26,25,12181.88929909
6475,26,26,0.0
6476,26,27,19677.02933347
6477,26,28,15271.40479563
6478,26,29,1162.42671792
6479,26,30,16540.74071509
6480,26,31,7313.28495344
6481,26,32,11327.37881694
6482,26,33,22542.48293282
6483,26,34,13199.09795242
6484,26,35,9427.6805709
6485,26,36,4685.69695517
6486,26,37,5498.03203254
6487,26,38,6523.6769394
6488,26,39,3402.74651397
6489,26,40,28244.98064527
6490,26,41,20867.103046
6491,26,42,17087.38574082
6492,26,43,33386.27090073
6493,26,44,20683.84855091
6494,26,45,15918.17367165
6495,26,46,18370.69009173
6496,26,47,39031.24559693
6497,26,48,40120.27544081
6498,26,49,14396.16883065
6499,26,50,35573.78611379
6500,26,51,12304.36431346
6501,26,52,11679.94239234
6502,26,53,5661.78683707
6503,26,54,12136.09097362
6504,26,55,11665.22724505
6505,26,56,14433.19879141
6506,26,57,3390.25253975
6507,26,58,2814.21638094
6508,26,59,12947.81707059
6509,26,60,9888.93649344
6510,26,61,16006.8998117
6511,26,62,5826.96673387
6512,26,63,7449.42134145
6513,26,64,14408.562296
6514,26,65,8602.00651091
6515,26,66,3497.71380052
6516,26,67,9784.58605656
6517,26,68,9264.6666189
6518,26,69,31174.77977961
6519,26,70,12511.21882939
6520,26,71,40564.6170198
6521,26,72,19529.11327005
6522,26,73,42289.08446274
6523,26,74,32705.98152239
6524,26,75,21365.22057825
6525,26,76,38483.59449398
6526,26,77,43975.33314177
6527,26,78,44218.38982355
6528,26,79,23338.21216674
6529,26,80,36721.70018549
6530,26,81,35256.3173372
6531,26,82,25112.78185495
6532,26,83,14459.76931353
6533,26,84,37677.93850676
6534,26,85,27389.66602482
6535,26,86,13402.58630844
6536,26,87,11001.83541515
6537,26,88,11702.60998246
6538,26,89,15998.12286612
6539,26,90,9759.71181458
6540,26,91,11389.60369655
6541,26,92,10694.81462843
6542,26,93,12431.88395612
6543,26,94,11970.78989741
6544,26,95,11248.13216239
6545,26,96,14735.27542217
6546,26,97,18680.10026279
6547,26,98,17418.77227573
6548,26,99,13114.44666848
6549,26,100,13862.6552419
6550,26,101,11829.61755341
6551,26,102,12798.73037754
6552,26,103,19562.08914686
6553,26,104,12729.03723092
6554,26,105,10193.29749655
6555,26,106,12752.75816597
6556,26,107,11123.05294491
6557,26,108,15992.08042684
6558,26,109,11569.22050918
6559,26,110,22288.28285303
6560,26,111,16997.04943966
6561,26,112,13663.29515656
6562,26,113,22947.25782254
6563,26,114,14202.57230158
6564,26,115,24809.77078617
6565,26,116,9450.57930138
6566,26,117,15612.60580512
6567,26,118,20529.29053575
6568,26,119,26223.15460483
6569,26,120,18806.62780297
6570,26,121,16393.21665844
6571,26,122,21088.22357778
6572,26,123,9701.77945658
6573,26,124,9526.63193895
6574,26,125,11894.37868507
6575,26,126,19391.44404911
6576,26,127,9036.80110866
6577,26,128,17240.13353798
6578,26,129,12617.32791825
6579,26,130,11010.68915051
6580,26,131,22939.15145009
6581,26,132,9444.2569205
6582,26,133,23440.22131514
6583,26,134,13026.54250211
6584,26,135,9277.48222925
6585,26,136,6639.60683077
6586,26,137,7680.15842067
6587,26,138,9847.77182503
6588,26,139,8075.4708802
6589,26,140,4792.78302512
6590,26,141,5769.04813722
6591,26,142,11916.17251336
6592,26,143,14213.85181644
6593,26,144,10363.58410723
6594,26,145,13208.5108646
6595,26,146,6307.51994281
6596,26,147,7733.24798647
6597,26,148,16309.52833946
6598,26,149,6452.40327738
6599,26,150,22243.96314516
6600,26,151,10482.12344894
6601,26,152,15602.53492371
6602,26,153,8622.38467575
6603,26,154,6279.21488232
6604,26,155,19196.84340695
6605,26,156,9685.51316047
6606,26,157,6668.22353289
6607,26,158,23840.50158698
6608,26,159,10352.73386473
6609,26,160,20657.24633564
6610,26,161,17945.94493159
6611,26,162,17297.1862544
6612,26,163,8123.60442752
6613,26,164,14836.27025456
6614,26,165,6978.30492266
6615,26,166,8827.9049343
6616,26,167,6953.37383637
6617,26,168,39648.98366118
6618,26,169,37600.12754831
6619,26,170,38381.70351207
6620,26,171,40895.65530741
6621,26,172,39174.55713708
6622,26,173,39909.84931121
6623,26,174,41326.80957505
6624,26,175,40034.78705843
6625,26,176,40673.11276551
6626,26,177,39059.4442619
6627,26,178,21624.01311153
6628,26,179,17873.55991208
6629,26,180,23667.65709237
6630,26,181,29638.67168925
6631,26,182,33782.0413883
6632,26,183,38226.86786745
6633,26,184,26351.78737238
6634,26,185,19713.88942647
6635,26,186,32539.2634486
6636,26,187,37009.22397813
6637,26,188,45068.2007367
6638,26,189,42235.53827231
6639,26,190,40601.64705657
6640,26,191,41752.31505155
6641,26,192,43270.07118317
6642,26,193,41584.53286206
6643,26,194,41117.3972356
6644,26,195,42569.91268316
6645,26,196,45617.73998836
6646,26,197,41405.17658371
6647,26,198,24165.2707405
6648,26,199,27185.47405732
6649,26,200,53994.64663564
6650,26,201,39429.22303308
6651,26,202,63149.35552752
6652,26,203,58552.79077402
6653,26,204,50606.40892928
6654,26,205,42964.80176362
6655,26,206,35678.93778279
6656,26,207,66865.89173587
6657,26,208,29852.01135382
6658,26,209,7144.8891451
6659,26,210,10795.65623084
6660,26,211,4579.8504746
6661,26,212,38307.40583903
6662,26,213,45968.63480335
6663,26,214,43012.02871457
6664,26,215,25472.36507927
6665,26,216,14573.28218216
6666,26,217,20296.93877252
6667,26,218,21690.50556975
6668,26,219,49446.25536704
6669,26,220,53451.75162416
6670,26,221,18180.02974538
6671,26,222,33797.18756885
6672,26,223,12307.75393236
6673,26,224,57863.74526787
6674,26,225,16848.73346247
6675,26,226,39463.5946727
6676,26,227,28043.72222208
6677,26,228,59825.02473338
6678,26,229,44934.41708313
6679,26,230,47026.6212815
6680,26,231,9975.81980447
6681,26,232,10322.49297774
6682,26,233,9596.29898656
6683,26,234,11516.5883028
6684,26,235,10778.52703475
6685,26,236,9160.95106561
6686,26,237,11239.87748297
6687,26,238,19885.88159115
6688,26,239,14345.63856317
6689,26,240,19515.08805483
6690,26,241,7260.5709505
6691,26,242,10937.14592894
6692,26,243,5097.0379019
6693,26,244,17529.75107457
6694,26,245,16460.86440547
6695,26,246,18615.08876232
6696,26,247,14204.76968357
6697,26,248,15612.0380214
6698,26,249,19889.66945937
6699,26,250,18494.90794852
6700,26,251,14391.46570287
6701,26,252,6956.56172011
6702,26,253,3854.72256853
6703,26,254,19063.19354064
6704,26,255,19206.57606334
6705,26,256,17820.12587357
6706,26,257,14304.33784009
6707,26,258,9034.52328846
6708,27,1,9372.4109454
6709,27,2,15541.6957614
6710,27,3,9397.85201902
6711,27,4,11120.28752905
6712,27,5,14631.04003531
6713,27,6,13386.169572
6714,27,7,9649.83443191
6715,27,8,9921.75045204
6716,27,9,9711.5404067
6717,27,10,8003.42833523
6718,27,11,9707.42627392
6719,27,12,9597.55900153
6720,27,13,9709.47131292
6721,27,14,12040.61446118
6722,27,15,10175.30444845
6723,27,16,16892.31583339
6724,27,17,1456.83047858
6725,27,18,2490.68686562
6726,27,19,11715.97358898
6727,27,20,6338.86206373
6728,27,21,1243.23064997
6729,27,22,21970.24742238
6730,27,23,15548.16535535
6731,27,24,14303.23368124
6732,27,25,8222.7954869
6733,27,26,19677.02933347
6734,27,27,0.0
6735,27,28,5098.63687918
6736,27,29,18680.21598864
6737,27,30,3505.56079002
6738,27,31,12652.74042626
6739,27,32,8980.40192423
6740,27,33,2952.52678976
6741,27,34,7580.7593753
6742,27,35,10803.12624989
6743,27,36,24060.10214726
6744,27,37,24648.07833924
6745,27,38,13367.93691324
6746,27,39,16341.03190415
6747,27,40,8774.74591378
6748,27,41,1986.69173195
6749,27,42,5239.93194359
6750,27,43,13798.81264823
6751,27,44,2570.52097869
6752,27,45,5495.2600421
6753,27,46,4686.07160043
6754,27,47,19475.35170556
6755,27,48,20578.26791539
6756,27,49,7231.40786511
6757,27,50,15974.13081172
6758,27,51,8784.01813558
6759,27,52,9956.80948711
6760,27,53,15285.1577846
6761,27,54,10239.75588944
6762,27,55,30086.02963966
6763,27,56,9572.12325868
6764,27,57,21786.03897238
6765,27,58,19579.35474893
6766,27,59,10080.78914939
6767,27,60,10887.22758262
6768,27,61,7648.0984033
6769,27,62,24577.12580986
6770,27,63,13292.01618321
6771,27,64,32344.98305298
6772,27,65,12311.6515952
6773,27,66,17702.68099774
6774,27,67,19919.91895292
6775,27,68,18629.7585163
6776,27,69,47603.51419097
6777,27,70,24376.88410289
6778,27,71,57285.91988793
6779,27,72,33740.26273858
6780,27,73,58784.51658529
6781,27,74,49137.10769957
6782,27,75,35960.05037806
6783,27,76,55298.60713666
6784,27,77,59566.28318021
6785,27,78,60412.67473042
6786,27,79,38341.53763866
6787,27,80,53277.09420569
6788,27,81,51907.29746375
6789,27,82,41257.58912354
6790,27,83,14981.72421952
6791,27,84,54353.97992526
6792,27,85,43661.34011868
6793,27,86,15230.22046111
6794,27,87,22135.58896196
6795,27,88,16313.0138995
6796,27,89,15341.86754399
6797,27,90,10609.73285521
6798,27,91,8288.139923
6799,27,92,12211.36188875
6800,27,93,13213.10549541
6801,27,94,10740.78617015
6802,27,95,8839.97807476
6803,27,96,18035.91269721
6804,27,97,21361.21418885
6805,27,98,20512.82958991
6806,27,99,8753.70623036
6807,27,100,16558.06393204
6808,27,101,7977.28010423
6809,27,102,9395.95536779
6810,27,103,22432.70927625
6811,27,104,14033.00092856
6812,27,105,11421.03227251
6813,27,106,11596.00141593
6814,27,107,8646.2070435
6815,27,108,19611.00302926
6816,27,109,13432.13868097
6817,27,110,15553.46117854
6818,27,111,7674.31972409
6819,27,112,10777.21896772
6820,27,113,17507.37002552
6821,27,114,6897.00765565
6822,27,115,20663.84737803
6823,27,116,10343.02730211
6824,27,117,9829.48084328
6825,27,118,11717.86523725
6826,27,119,22706.80248379
6827,27,120,8751.00981253
6828,27,121,9790.1122811
6829,27,122,13193.27608785
6830,27,123,10337.05795436
6831,27,124,11196.12485235
6832,27,125,7952.06106835
6833,27,126,9913.827324
6834,27,127,10640.25035898
6835,27,128,9832.43820342
6836,27,129,7509.67076639
6837,27,130,11919.36498828
6838,27,131,18620.57759185
6839,27,132,11874.21642947
6840,27,133,19481.76767231
6841,27,134,31275.80798106
6842,27,135,27286.48595036
6843,27,136,25313.03874799
6844,27,137,23229.80901436
6845,27,138,24064.62473345
6846,27,139,26315.93954663
6847,27,140,24469.75452265
6848,27,141,25133.98936587
6849,27,142,30464.93203002
6850,27,143,31997.19339604
6851,27,144,28840.73746661
6852,27,145,30498.30401266
6853,27,146,23811.30817675
6854,27,147,13220.67786047
6855,27,148,6582.41283502
6856,27,149,13235.13595607
6857,27,150,6605.43348583
6858,27,151,10937.11393342
6859,27,152,7229.65398528
6860,27,153,12527.83088979
6861,27,154,13932.575588
6862,27,155,4272.64749516
6863,27,156,14584.90862867
6864,27,157,13088.23139457
6865,27,158,7361.22959257
6866,27,159,15124.24492424
6867,27,160,5295.80926944
6868,27,161,4974.50641959
6869,27,162,5597.16200023
6870,27,163,13776.16134971
6871,27,164,7785.5566884
6872,27,165,13087.59434014
6873,27,166,13795.33742588
6874,27,167,13766.82875285
6875,27,168,20070.12519201
6876,27,169,17941.30858339
6877,27,170,18777.33545865
6878,27,171,21358.11425546
6879,27,172,19986.98543347
6880,27,173,20609.16328898
6881,27,174,21927.81705898
6882,27,175,21438.31062066
6883,27,176,22657.23508959
6884,27,177,20070.02416847
6885,27,178,26090.50188523
6886,27,179,21854.2250728
6887,27,180,27938.79021487
6888,27,181,31458.66839619
6889,27,182,34144.29953157
6890,27,183,38403.48255653
6891,27,184,29416.35516066
6892,27,185,23479.6468503
6893,27,186,33454.13122514
6894,27,187,37124.8833315
6895,27,188,29479.82101307
6896,27,189,29106.80783043
6897,27,190,31332.96203853
6898,27,191,29812.49469701
6899,27,192,28427.77074535
6900,27,193,30171.35139138
6901,27,194,30725.43224682
6902,27,195,28511.98275712
6903,27,196,29220.67232649
6904,27,197,32763.26906166
6905,27,198,5637.59762468
6906,27,199,8442.06311514
6907,27,200,37808.75066336
6908,27,201,21833.68431486
6909,27,202,47668.72426097
6910,27,203,42862.49780724
6911,27,204,34191.61474073
6912,27,205,26465.42217289
6913,27,206,17514.95863072
6914,27,207,51031.17589195
6915,27,208,11687.96643809
6916,27,209,15596.40282945
6917,27,210,10524.81082522
6918,27,211,20272.21569549
6919,27,212,55889.45179614
6920,27,213,63370.12434043
6921,27,214,34776.02948269
6922,27,215,20243.14801206
6923,27,216,14099.70351204
6924,27,217,16022.61013672
6925,27,218,17770.1769996
6926,27,219,43357.61990491
6927,27,220,47784.8706024
6928,27,221,13398.79277087
6929,27,222,25312.10894003
6930,27,223,12557.71659529
6931,27,224,52646.39099946
6932,27,225,14651.06868248
6933,27,226,30665.23007464
6934,27,227,21154.87008362
6935,27,228,54882.76628462
6936,27,229,37596.17161238
6937,27,230,40298.5875565
6938,27,231,11046.59799532
6939,27,232,10705.08038835
6940,27,233,11415.00325817
6941,27,234,9498.89208373
6942,27,235,10246.46623789
6943,27,236,11820.07916422
6944,27,237,9793.75288342
6945,27,238,32283.18416888
6946,27,239,21695.46276052
6947,27,240,30032.62791844
6948,27,241,14664.07087048
6949,27,242,18571.55301988
6950,27,243,15099.44561202
6951,27,244,26157.51248148
6952,27,245,25499.80459666
6953,27,246,26900.20113135
6954,27,247,22780.42380367
6955,27,248,24650.34383716
6956,27,249,30946.06354177
6957,27,250,31488.7889406
6958,27,251,20560.0277776
6959,27,252,15973.96648039
6960,27,253,15873.09267552
6961,27,254,27831.8350561
6962,27,255,28841.43919911
6963,27,256,31589.68982907
6964,27,257,23679.01851011
6965,27,258,17602.18272602
6966,28,1,5201.83197542
6967,28,2,10458.26832542
6968,28,3,4833.87251974
6969,28,4,6022.84831664
6970,28,5,9543.54158407
6971,28,6,8292.43776487
6972,28,7,7630.88054164
6973,28,8,4897.01444992
6974,28,9,4829.51792384
6975,28,10,6625.93737163
6976,28,11,7264.44741852
6977,28,12,6447.58789666
6978,28,13,5917.83486107
6979,28,14,6946.51501787
6980,28,15,5081.23675629
6981,28,16,11823.91600658
6982,28,17,3683.65948371
6983,28,18,2625.63062602
6984,28,19,6983.21881228
6985,28,20,1250.610102
6986,28,21,6339.89942303
6987,28,22,17438.58422543
6988,28,23,11267.4276345
6989,28,24,9768.30115788
6990,28,25,3236.39360718
6991,28,26,15271.40479563
6992,28,27,5098.63687918
6993,28,28,0.0
6994,28,29,14380.81626608
6995,28,30,1600.5258103
6996,28,31,7998.98235231
6997,28,32,4061.41729498
6998,28,33,8014.86523811
6999,28,34,2485.9502161
7000,28,35,5973.27942969
7001,28,36,19422.00635943
7002,28,37,19938.33690238
7003,28,38,8770.12235964
7004,28,39,12100.85952548
7005,28,40,13811.02781734
7006,28,41,6900.80226714
7007,28,42,6628.72369415
7008,28,43,18719.80601998
7009,28,44,7171.34620371
7010,28,45,5851.08756904
7011,28,46,7125.43557879
7012,28,47,24391.99331505
7013,28,48,25500.75566881
7014,28,49,6570.21632
7015,28,50,20868.74748387
7016,28,51,6874.00803834
7017,28,52,8001.63106844
7018,28,53,11701.59650973
7019,28,54,8639.20141597
7020,28,55,26298.94523167
7021,28,56,9208.72167171
7022,28,57,17764.56029731
7023,28,58,15643.91704564
7024,28,59,8925.6302551
7025,28,60,8046.13124544
7026,28,61,8201.09541916
7027,28,62,20576.93956366
7028,28,63,9932.24928928
7029,28,64,28751.39693762
7030,28,65,9232.97350088
7031,28,66,13846.38021154
7032,28,67,17488.67854452
7033,28,68,16173.32929127
7034,28,69,44676.4737511
7035,28,70,22014.6347266
7036,28,71,54326.4069444
7037,28,72,31235.95519973
7038,28,73,55910.90496939
7039,28,74,46222.1897458
7040,28,75,33408.429332
7041,28,76,52295.70673001
7042,28,77,56998.40632452
7043,28,78,57650.09770913
7044,28,79,35725.35415536
7045,28,80,50350.9052312
7046,28,81,48939.74399733
7047,28,82,38352.00104741
7048,28,83,14361.60629428
7049,28,84,51393.53476309
7050,28,85,40745.52949209
7051,28,86,14230.52074979
7052,28,87,19743.92590545
7053,28,88,14690.90004837
7054,28,89,15203.12146845
7055,28,90,7511.17067629
7056,28,91,4303.09775415
7057,28,92,10169.49214657
7058,28,93,8300.03078307
7059,28,94,5687.51028109
7060,28,95,5869.29163475
7061,28,96,17158.68406913
7062,28,97,21101.21559818
7063,28,98,20043.02673664
7064,28,99,3718.23518101
7065,28,100,15586.63702359
7066,28,101,3517.99070504
7067,28,102,4364.3587054
7068,28,103,22225.6252336
7069,28,104,12870.00361599
7070,28,105,8967.32677713
7071,28,106,6689.24282019
7072,28,107,5139.67606514
7073,28,108,18879.1181545
7074,28,109,11841.91646692
7075,28,110,17482.34393466
7076,28,111,8826.83814128
7077,28,112,6018.47144145
7078,28,113,19242.07426033
7079,28,114,5945.63940173
7080,28,115,22297.59976221
7081,28,116,5835.62032653
7082,28,117,5662.85060687
7083,28,118,13815.30746099
7084,28,119,24310.13440127
7085,28,120,10695.17080553
7086,28,121,5945.63796385
7087,28,122,15197.12514004
7088,28,123,5600.60878529
7089,28,124,6222.83217662
7090,28,125,4811.23312776
7091,28,126,11906.17292712
7092,28,127,6467.55350327
7093,28,128,6360.57815661
7094,28,129,5051.23326468
7095,28,130,6835.61073038
7096,28,131,20124.01701256
7097,28,132,6827.63973337
7098,28,133,20959.24018614
7099,28,134,26321.58872929
7100,28,135,22350.27334584
7101,28,136,20498.77616636
7102,28,137,19921.64445592
7103,28,138,21121.71654649
7104,28,139,21421.90807844
7105,28,140,20027.07049202
7106,28,141,20932.8407876
7107,28,142,25557.43862389
7108,28,143,26990.64031904
7109,28,144,23940.81999773
7110,28,145,25466.19660836
7111,28,146,20098.70375167
7112,28,147,8275.31447129
7113,28,148,2856.95971302
7114,28,149,9028.25983866
7115,28,150,7458.24026139
7116,28,151,5856.21383743
7117,28,152,3013.1788895
7118,28,153,7524.92933345
7119,28,154,9197.08173199
7120,28,155,4107.7543212
7121,28,156,12333.86406207
7122,28,157,8606.15452811
7123,28,158,8936.58210283
7124,28,159,13111.2105466
7125,28,160,5732.98990846
7126,28,161,3150.56330866
7127,28,162,2894.40149871
7128,28,163,10853.04379497
7129,28,164,3194.18085987
7130,28,165,9339.93654429
7131,28,166,11160.77997532
7132,28,167,8888.06093872
7133,28,168,24451.42351243
7134,28,169,22508.26630164
7135,28,170,23208.51231098
7136,28,171,25671.41625551
7137,28,172,23904.48491124
7138,28,173,24639.26988062
7139,28,174,26063.61921781
7140,28,175,24867.18432252
7141,28,176,25689.35781414
7142,28,177,23808.05329567
7143,28,178,25741.99492312
7144,28,179,21285.56845862
7145,28,180,27755.50415399
7146,28,181,32088.60768307
7147,28,182,35251.84891707
7148,28,183,39682.20795922
7149,28,184,29628.30764672
7150,28,185,23121.42987308
7151,28,186,34395.31153967
7152,28,187,38385.32375882
7153,28,188,34264.85900211
7154,28,189,33407.58643829
7155,28,190,34789.88869517
7156,28,191,33862.88783886
7157,28,192,33068.49488468
7158,28,193,34108.58339708
7159,28,194,34436.44241715
7160,28,195,32999.06111281
7161,28,196,34132.80385708
7162,28,197,36100.70518175
7163,28,198,10635.76348284
7164,28,199,13522.53223362
7165,28,200,42729.59039773
7166,28,201,26866.30684955
7167,28,202,52524.31715563
7168,28,203,47732.40935778
7169,28,204,39129.62852523
7170,28,205,31376.18473093
7171,28,206,22587.33238747
7172,28,207,55943.28478953
7173,28,208,16724.14077827
7174,28,209,12562.15831659
7175,28,210,8162.89209441
7176,28,211,16643.07907615
7177,28,212,52611.82932284
7178,28,213,60189.77441757
7179,28,214,38057.6687987
7180,28,215,22159.64610186
7181,28,216,13600.7703816
7182,28,217,17204.76058935
7183,28,218,19060.99338949
7184,28,219,46278.19540508
7185,28,220,50667.14039067
7186,28,221,14305.62993278
7187,28,222,28401.88223594
7188,28,223,11248.9645538
7189,28,224,55480.33467653
7190,28,225,14895.30385528
7191,28,226,33992.94066484
7192,28,227,23612.39701162
7193,28,228,57675.98991423
7194,28,229,40717.52839861
7195,28,230,43322.08195928
7196,28,231,8334.80183612
7197,28,232,8090.5320083
7198,28,233,8600.97372128
7199,28,234,7255.96688585
7200,28,235,7765.17997795
7201,28,236,8889.79363044
7202,28,237,7463.96637651
7203,28,238,27263.73066596
7204,28,239,16792.51269722
7205,28,240,25103.94647791
7206,28,241,9650.08431411
7207,28,242,13522.62008823
7208,28,243,10402.94066637
7209,28,244,21297.64191936
7210,28,245,20588.42664426
7211,28,246,22092.05580168
7212,28,247,17824.0742005
7213,28,248,19716.21161464
7214,28,249,25992.75011058
7215,28,250,26435.15312161
7216,28,251,15709.03886969
7217,28,252,10933.01247212
7218,28,253,11416.69682357
7219,28,254,23003.00282809
7220,28,255,23959.94225736
7221,28,256,26510.47560542
7222,28,257,18696.21073031
7223,28,258,12504.82836975
7224,29,1,9338.22685092
7225,29,2,7856.5590173
7226,29,3,9546.97168895
7227,29,4,10140.40034338
7228,29,5,8216.36199725
7229,29,6,8879.89188382
7230,29,7,10585.92884725
7231,29,8,10089.620555
7232,29,9,9754.07216177
7233,29,10,12159.76469462
7234,29,11,10014.3607902
7235,29,12,9408.52846366
7236,29,13,8990.52883525
7237,29,14,9502.22495998
7238,29,15,10570.76818007
7239,29,16,7250.43805097
7240,29,17,17287.3383143
7241,29,18,16419.12527526
7242,29,19,7562.6676499
7243,29,20,13539.79105803
7244,29,21,19818.74710627
7245,29,22,3578.28326337
7246,29,23,3138.05369632
7247,29,24,4694.84701321
7248,29,25,11353.79764965
7249,29,26,1162.42671792
7250,29,27,18680.21598864
7251,29,28,14380.81626608
7252,29,29,0.0
7253,29,30,15603.44530483
7254,29,31,6510.76104481
7255,29,32,10504.09260181
7256,29,33,21524.45555523
7257,29,34,12390.94345205
7258,29,35,8636.77198236
7259,29,36,5841.0137732
7260,29,37,6660.10394529
7261,29,38,5715.57318897
7262,29,39,2341.70045446
7263,29,40,27200.16027785
7264,29,41,19824.95509176
7265,29,42,15972.05676766
7266,29,43,32350.77340959
7267,29,44,19622.09158372
7268,29,45,14810.90276609
7269,29,46,17259.19260676
7270,29,47,37986.18770099
7271,29,48,39072.30155065
7272,29,49,13267.10654138
7273,29,50,34539.03744859
7274,29,51,11171.96120062
7275,29,52,10528.59555611
7276,29,53,4502.10871115
7277,29,54,10977.07303029
7278,29,55,12223.3236651
7279,29,56,13272.06239612
7280,29,57,3671.527167
7281,29,58,2325.87006754
7282,29,59,11787.00299808
7283,29,60,8748.12796261
7284,29,61,14857.54637544
7285,29,62,6368.59943898
7286,29,63,6292.70174234
7287,29,64,14895.43169898
7288,29,65,7447.49381133
7289,29,66,2450.68026386
7290,29,67,9031.88834718
7291,29,68,8403.35022386
7292,29,69,31545.65170619
7293,29,70,12081.53990677
7294,29,71,41003.09579724
7295,29,72,19537.06330354
7296,29,73,42704.41393541
7297,29,74,33083.55165429
7298,29,75,21442.07058796
7299,29,76,38928.33530376
7300,29,77,44292.01647945
7301,29,78,44603.10354568
7302,29,79,23484.09561594
7303,29,80,37128.91944032
7304,29,81,35670.73282772
7305,29,82,25414.11763611
7306,29,83,13366.91824009
7307,29,84,38103.00915933
7308,29,85,27721.62959971
7309,29,86,12320.59715104
7310,29,87,10423.6065103
7311,29,88,10668.53188741
7312,29,89,14907.84246766
7313,29,90,8638.8834959
7314,29,91,10404.69911331
7315,29,92,9534.24228222
7316,29,93,12112.29853957
7317,29,94,11402.81996144
7318,29,95,10162.0808674
7319,29,96,13753.72807274
7320,29,97,17772.60564102
7321,29,98,16501.94125696
7322,29,99,12413.38394566
7323,29,100,12827.10466857
7324,29,101,10903.71570042
7325,29,102,12140.68647427
7326,29,103,18681.91223087
7327,29,104,11611.47126505
7328,29,105,9034.24498253
7329,29,106,12291.9374406
7330,29,107,10083.39750957
7331,29,108,15063.2077612
7332,29,109,10432.6839112
7333,29,110,21156.64176887
7334,29,111,15845.01289047
7335,29,112,13152.64275166
7336,29,113,21842.50388493
7337,29,114,13087.0664583
7338,29,115,23750.74362884
7339,29,116,8545.3491687
7340,29,117,15058.91506651
7341,29,118,19369.46865603
7342,29,119,25193.99695499
7343,29,120,17647.09384605
7344,29,121,15840.99745616
7345,29,122,19936.28303168
7346,29,123,8862.31703345
7347,29,124,8823.62850608
7348,29,125,10842.40341286
7349,29,126,18229.10695721
7350,29,127,8053.06985297
7351,29,128,16690.23553328
7352,29,129,11537.71056519
7353,29,130,10521.87795987
7354,29,131,21858.21446993
7355,29,132,8839.83767524
7356,29,133,22372.92389924
7357,29,134,14185.447886
7358,29,135,10417.57485294
7359,29,136,7795.41610132
7360,29,137,7523.51990782
7361,29,138,9594.72443871
7362,29,139,9219.73191366
7363,29,140,5825.23716372
7364,29,141,6555.12842925
7365,29,142,13078.16795005
7366,29,143,15363.21763782
7367,29,144,11523.26554135
7368,29,145,14335.56258423
7369,29,146,6498.04973152
7370,29,147,7160.23948526
7371,29,148,15559.56513636
7372,29,149,5446.67411951
7373,29,150,21465.04264537
7374,29,151,9841.72060197
7375,29,152,14877.16788424
7376,29,153,8034.58166717
7377,29,154,5601.17884976
7378,29,155,18358.32510161
7379,29,156,8569.09563976
7380,29,157,5786.35244808
7381,29,158,23051.05954686
7382,29,159,9263.1023121
7383,29,160,19850.95730141
7384,29,161,17133.75512786
7385,29,162,16508.7636149
7386,29,163,6965.25811675
7387,29,164,14127.61795568
7388,29,165,5860.42121943
7389,29,166,7677.36086659
7390,29,167,6377.49686051
7391,29,168,38692.44682181
7392,29,169,36617.09678699
7393,29,170,37418.09252322
7394,29,171,39949.03458223
7395,29,172,38280.26174651
7396,29,173,39001.6946007
7397,29,174,40405.46085439
7398,29,175,39204.47596447
7399,29,176,39895.32297851
7400,29,177,38187.83663065
7401,29,178,20865.95226892
7402,29,179,17012.23218233
7403,29,180,22931.48526145
7404,29,181,28846.84209527
7405,29,182,32957.13947826
7406,29,183,37421.90262562
7407,29,184,25586.76807293
7408,29,185,18881.83686725
7409,29,186,31729.95860642
7410,29,187,36194.4741828
7411,29,188,43905.93688519
7412,29,189,41082.35207473
7413,29,190,39502.03124666
7414,29,191,40611.21264248
7415,29,192,42108.03182346
7416,29,193,40450.19069263
7417,29,194,39998.12976891
7418,29,195,41410.50105242
7419,29,196,44458.41566961
7420,29,197,40320.62691767
7421,29,198,23084.6117262
7422,29,199,26099.88802974
7423,29,200,52832.87412213
7424,29,201,38288.2012296
7425,29,202,61987.7485892
7426,29,203,57390.46964127
7427,29,204,49446.04265945
7428,29,205,41807.11119739
7429,29,206,34555.45834338
7430,29,207,65703.64058935
7431,29,208,28739.0466272
7432,29,209,6036.11930835
7433,29,210,9645.07820739
7434,29,211,4139.31087054
7435,29,212,38853.36115305
7436,29,213,46504.71521718
7437,29,214,41940.70992733
7438,29,215,24392.69575914
7439,29,216,13457.26449113
7440,29,217,19189.26187172
7441,29,218,20605.83342544
7442,29,219,48449.57599761
7443,29,220,52477.78431206
7444,29,221,17040.98710979
7445,29,222,32693.59237676
7446,29,223,11157.99571102
7447,29,224,56914.076076
7448,29,225,15737.16960397
7449,29,226,38370.75885323
7450,29,227,26945.78318502
7451,29,228,58888.75497548
7452,29,229,43890.481723
7453,29,230,46004.87417349
7454,29,231,8827.30156669
7455,29,232,9176.30397558
7456,29,233,8445.49529365
7457,29,234,10380.05067115
7458,29,235,9635.83115091
7459,29,236,8008.12985603
7460,29,237,10100.50635
7461,29,238,20782.86760287
7462,29,239,14738.2243012
7463,29,240,20283.65261927
7464,29,241,6913.12621648
7465,29,242,11158.11067011
7466,29,243,4488.67624065
7467,29,244,18125.71650885
7468,29,245,17061.22380362
7469,29,246,19210.53769402
7470,29,247,14695.85593124
7471,29,248,16188.70990398
7472,29,249,20699.73045219
7473,29,250,19414.51180011
7474,29,251,14685.85642898
7475,29,252,6827.79794666
7476,29,253,3031.50704388
7477,29,254,19702.40843101
7478,29,255,19909.35410362
7479,29,256,18781.82672588
7480,29,257,14866.63158388
7481,29,258,9179.488922
7482,30,1,6285.02500711
7483,30,2,12037.76797456
7484,30,3,6112.33358324
7485,30,4,7615.80605939
7486,30,5,11126.13672746
7487,30,6,9880.61795469
7488,30,7,7850.85038583
7489,30,8,6434.71081788
7490,30,9,6281.93131401
7491,30,10,6553.45365949
7492,30,11,7639.13090488
7493,30,12,7091.11177683
7494,30,13,6835.6373891
7495,30,14,8535.10254062
7496,30,15,6669.8592493
7497,30,16,13393.34613058
7498,30,17,2083.13367533
7499,30,18,1025.10689569
7500,30,19,8368.32559132
7501,30,20,2849.70301433
7502,30,21,4748.47468086
7503,30,22,18764.94030226
7504,30,23,12468.85681343
7505,30,24,11073.84441685
7506,30,25,4744.18978163
7507,30,26,16540.74071509
7508,30,27,3505.56079002
7509,30,28,1600.5258103
7510,30,29,15603.44530483
7511,30,30,0.0
7512,30,31,9350.86155634
7513,30,32,5531.03907311
7514,30,33,6437.41626954
7515,30,34,4075.86571511
7516,30,35,7403.15578057
7517,30,36,20795.52503381
7518,30,37,21342.51116406
7519,30,38,10099.58533633
7520,30,39,13289.37117244
7521,30,40,12248.16640638
7522,30,41,5304.16336746
7523,30,42,5647.19638146
7524,30,43,17200.58529141
7525,30,44,5601.17986611
7526,30,45,5109.41796938
7527,30,46,5914.98122336
7528,30,47,22877.58108277
7529,30,48,23984.71919406
7530,30,49,6230.91219583
7531,30,50,19360.04080429
7532,30,51,7020.12236313
7533,30,52,8210.15186384
7534,30,53,12617.64830428
7535,30,54,8735.62950831
7536,30,55,27350.88329966
7537,30,56,8891.44981477
7538,30,57,18886.30532469
7539,30,58,16724.26258127
7540,30,59,8870.38334507
7541,30,60,8605.99811453
7542,30,61,7552.15543926
7543,30,62,21697.9130618
7544,30,63,10738.39784073
7545,30,64,29736.30582523
7546,30,65,9914.44846651
7547,30,66,14886.71721844
7548,30,67,18015.94994611
7549,30,68,16700.21006745
7550,30,69,45445.42043747
7551,30,70,22541.89890952
7552,30,71,55113.84058731
7553,30,72,31840.4400116
7554,30,73,56669.96461461
7555,30,74,46988.35218314
7556,30,75,34033.46791716
7557,30,76,53096.7120242
7558,30,77,57654.50336539
7559,30,78,58372.4366513
7560,30,79,36376.52015981
7561,30,80,51124.23350611
7562,30,81,49726.21728523
7563,30,82,39106.71201257
7564,30,83,14237.59128137
7565,30,84,52179.35567576
7566,30,85,41506.60996788
7567,30,86,14230.6817827
7568,30,87,20270.59246691
7569,30,88,14909.0278651
7570,30,89,14934.47485876
7571,30,90,8163.85460202
7572,30,91,5265.57521607
7573,30,92,10468.61540934
7574,30,93,9854.20568802
7575,30,94,7281.31276562
7576,30,95,6412.09679199
7577,30,96,17149.97704929
7578,30,97,20922.70353162
7579,30,98,19924.58405029
7580,30,99,5303.9874251
7581,30,100,15593.50313357
7582,30,101,4712.18811935
7583,30,102,5950.10387878
7584,30,103,22037.032106
7585,30,104,12906.0352993
7586,30,105,9395.81426484
7587,30,106,8237.6003341
7588,30,107,5897.5181187
7589,30,108,18837.06631519
7590,30,109,12009.45045678
7591,30,110,16620.97226259
7592,30,111,8027.11464202
7593,30,112,7509.56974242
7594,30,113,18448.86584712
7595,30,114,5667.47047587
7596,30,115,21551.80682828
7597,30,116,7098.06326038
7598,30,117,6911.72001778
7599,30,118,12869.19881833
7600,30,119,23582.79014182
7601,30,120,9734.76007311
7602,30,121,7068.09418266
7603,30,122,14293.16028836
7604,30,123,6978.55050358
7605,30,124,7732.31595266
7606,30,125,5379.61666663
7607,30,126,10958.27691563
7608,30,127,7575.86321647
7609,30,128,7342.70103987
7610,30,129,5321.54820793
7611,30,130,8435.85094662
7612,30,131,19403.1776373
7613,30,132,8381.43330938
7614,30,133,20251.1854769
7615,30,134,27835.37635598
7616,30,135,23854.75319104
7617,30,136,21948.1678275
7618,30,137,20779.75406653
7619,30,138,21851.22808923
7620,30,139,22906.94920678
7621,30,140,21321.22877545
7622,30,141,22132.60255078
7623,30,142,27050.00406162
7624,30,143,28529.11179013
7625,30,144,25429.49176204
7626,30,145,27017.18221151
7627,30,146,21108.60414688
7628,30,147,9773.54606962
7629,30,148,3779.78360282
7630,30,149,10182.23185628
7631,30,150,6924.75025843
7632,30,151,7433.1028863
7633,30,152,4202.30087921
7634,30,153,9053.46076137
7635,30,154,10593.26785451
7636,30,155,3547.30449736
7637,30,156,12746.74866349
7638,30,157,9880.98042192
7639,30,158,8254.60681044
7640,30,159,13448.18781709
7641,30,160,5199.20073111
7642,30,161,3121.85225672
7643,30,162,3274.53788806
7644,30,163,11498.64476199
7645,30,164,4576.58939714
7646,30,165,10298.94470041
7647,30,166,11699.95346983
7648,30,167,10353.26553744
7649,30,168,23111.80187054
7650,30,169,21107.50184758
7651,30,170,21851.37906379
7652,30,171,24354.92584638
7653,30,172,22707.19304391
7654,30,173,23409.01235733
7655,30,174,24803.24850089
7656,30,175,23821.78632152
7657,30,176,24767.77779671
7658,30,177,22665.35133487
7659,30,178,25615.41361149
7660,30,179,21206.96114909
7661,30,180,27584.4521712
7662,30,181,31678.73252694
7663,30,182,34704.91736468
7664,30,183,39092.3958393
7665,30,184,29339.94325445
7666,30,185,22985.70291853
7667,30,186,33896.60373283
7668,30,187,37798.73077188
7669,30,188,32714.8051608
7670,30,189,31970.07758479
7671,30,190,33571.43992316
7672,30,191,32488.30872313
7673,30,192,31550.06267007
7674,30,193,32763.15031978
7675,30,194,33150.15538099
7676,30,195,31516.32138291
7677,30,196,32556.62797277
7678,30,197,34916.09270337
7679,30,198,9039.09788699
7680,30,199,11922.16707718
7681,30,200,41152.68693189
7682,30,201,25269.38612857
7683,30,202,50961.7356004
7684,30,203,46166.35819931
7685,30,204,37549.08316128
7686,30,205,29799.83150281
7687,30,206,20986.88256978
7688,30,207,54369.03510154
7689,30,208,15125.89743644
7690,30,209,13271.1750351
7691,30,210,8534.28560125
7692,30,211,17608.40790399
7693,30,212,53507.89004217
7694,30,213,61056.19501702
7695,30,214,36890.55751083
7696,30,215,21332.14660109
7697,30,216,13426.3862984
7698,30,217,16554.63156236
7699,30,218,18394.55960493
7700,30,219,45219.49339355
7701,30,220,49622.80404538
7702,30,221,13703.659542
7703,30,222,27271.29244405
7704,30,223,11306.71308776
7705,30,224,54453.00985828
7706,30,225,14502.4824596
7707,30,226,32808.16634856
7708,30,227,22639.88039758
7709,30,228,56661.61792601
7710,30,229,39597.39500727
7711,30,230,42231.79257039
7712,30,231,8849.70742555
7713,30,232,8560.0755261
7714,30,233,9163.22988475
7715,30,234,7550.00439456
7716,30,235,8171.90446599
7717,30,236,9504.96271802
7718,30,237,7800.24202063
7719,30,238,28854.74739657
7720,30,239,18352.15691133
7721,30,240,26673.32209823
7722,30,241,11186.89991389
7723,30,242,15118.10538422
7724,30,243,11784.83820854
7725,30,244,22847.45931906
7726,30,245,22152.03137244
7727,30,246,23627.71223528
7728,30,247,19398.6162056
7729,30,248,21285.56710602
7730,30,249,27568.47675848
7731,30,250,28032.47178367
7732,30,251,17253.06770703
7733,30,252,12485.72253612
7734,30,253,12694.75188963
7735,30,254,24544.90116346
7736,30,255,25516.63566366
7737,30,256,28110.82359401
7738,30,257,20277.71372211
7739,30,258,14103.33379077
7740,31,1,3467.90043377
7741,31,2,4705.30889309
7742,31,3,3256.17025881
7743,31,4,4002.90455526
7744,31,5,4229.23623667
7745,31,6,3888.1515324
7746,31,7,6945.73512819
7747,31,8,3600.13411366
7748,31,9,3252.68871418
7749,31,10,7861.26498376
7750,31,11,6149.57655613
7751,31,12,4853.14797886
7752,31,13,3712.86474291
7753,31,14,3702.59228039
7754,31,15,4191.34777361
7755,31,16,5478.38958696
7756,31,17,11208.84362247
7757,31,18,10253.19805836
7758,31,19,1052.13121122
7759,31,20,7070.65186108
7760,31,21,13856.03562414
7761,31,22,9439.6619627
7762,31,23,3568.9436118
7763,31,24,1816.23958912
7764,31,25,4868.90593521
7765,31,26,7313.28495344
7766,31,27,12652.74042626
7767,31,28,7998.98235231
7768,31,29,6510.76104481
7769,31,30,9350.86155634
7770,31,31,0.0
7771,31,32,4014.16931703
7772,31,33,15584.47856421
7773,31,34,5889.20004274
7774,31,35,2126.01871285
7775,31,36,11444.68927608
7776,31,37,12001.8529008
7777,31,38,795.22966543
7778,31,39,4395.69086914
7779,31,40,21382.20457846
7780,31,41,14057.83211827
7781,31,42,11092.87433505
7782,31,43,26450.29089792
7783,31,44,14010.15996178
7784,31,45,9868.39161531
7785,31,46,12264.6036355
7786,31,47,32125.02680812
7787,31,48,33226.26449947
7788,31,49,8827.04034643
7789,31,50,28626.83014448
7790,31,51,7060.4429221
7791,31,52,7120.9522351
7792,31,53,5338.02787694
7793,31,54,7897.96387252
7794,31,55,18682.23969932
7795,31,56,10046.64380074
7796,31,57,10078.59597013
7797,31,58,8140.10912225
7798,31,59,8729.17710332
7799,31,60,5417.46070424
7800,31,61,10822.84099697
7801,31,62,12851.35266495
7802,31,63,4774.91912867
7803,31,64,21285.11800295
7804,31,65,5160.78377479
7805,31,66,6590.90517229
7806,31,67,12210.11271943
7807,31,68,11045.64662755
7808,31,69,37714.52755912
7809,31,70,16397.01507663
7810,31,71,47263.35430454
7811,31,72,24992.86526839
7812,31,73,48925.45504266
7813,31,74,39259.70653029
7814,31,75,27048.76787387
7815,31,76,45201.01205584
7816,31,77,50328.50434438
7817,31,78,50768.95548888
7818,31,79,29236.56266939
7819,31,80,43345.75383841
7820,31,81,41901.96281962
7821,31,82,31482.07064872
7822,31,83,12787.04671249
7823,31,84,44346.75615158
7824,31,85,33835.14361234
7825,31,86,12063.18229749
7826,31,87,14273.22080611
7827,31,88,11336.90693143
7828,31,89,14191.34634996
7829,31,90,4825.99105155
7830,31,91,4531.6338912
7831,31,92,7694.48953047
7832,31,93,6945.36407476
7833,31,94,5285.38831097
7834,31,95,5359.49448194
7835,31,96,14546.39400162
7836,31,97,18902.75097807
7837,31,98,17643.6576342
7838,31,99,5956.25187253
7839,31,100,13134.38427605
7840,31,101,4676.6596086
7841,31,102,5758.98686787
7842,31,103,19983.35834936
7843,31,104,10832.78301944
7844,31,105,6422.91767103
7845,31,106,6504.05291068
7846,31,107,4717.85378872
7847,31,108,16221.38649496
7848,31,109,9430.16759467
7849,31,110,19159.64363401
7850,31,111,11836.63608741
7851,31,112,7138.98577278
7852,31,113,20380.54358363
7853,31,114,8400.97866395
7854,31,115,22927.90505239
7855,31,116,2327.80321565
7856,31,117,8861.53779828
7857,31,118,16398.24514875
7858,31,119,24704.38830724
7859,31,120,13910.1752979
7860,31,121,9632.43348243
7861,31,122,17370.31578785
7862,31,123,2400.18573404
7863,31,124,2436.81687488
7864,31,125,5518.3243935
7865,31,126,14818.52693235
7866,31,127,2498.60672578
7867,31,128,10473.51479452
7868,31,129,6465.39675441
7869,31,130,4777.4178419
7870,31,131,20797.68009
7871,31,132,2810.56694373
7872,31,133,21492.86128719
7873,31,134,18752.21024997
7874,31,135,14752.20280889
7875,31,136,12670.45110545
7876,31,137,13043.16939324
7877,31,138,14695.82941776
7878,31,139,13728.46809755
7879,31,140,12036.6293004
7880,31,141,13045.83485054
7881,31,142,17877.85421025
7882,31,143,19591.68902254
7883,31,144,16250.3170339
7884,31,145,18196.61597198
7885,31,146,12687.23919683
7886,31,147,1842.01286495
7887,31,148,9052.65738583
7888,31,149,2048.43878713
7889,31,150,14955.34955558
7890,31,151,3580.78254242
7891,31,152,8384.26706556
7892,31,153,2255.71580293
7893,31,154,1319.54681582
7894,31,155,11883.75252019
7895,31,156,8514.90730299
7896,31,157,944.5479055
7897,31,158,16544.09979873
7898,31,159,9486.52532558
7899,31,160,13350.59688937
7900,31,161,10636.27430415
7901,31,162,10000.26914617
7902,31,163,6248.18269172
7903,31,164,7651.54555858
7904,31,165,3520.87465689
7905,31,166,7031.41926536
7906,31,167,1666.43841849
7907,31,168,32441.12327735
7908,31,169,30458.25645766
7909,31,170,31190.22510273
7910,31,171,33667.762534
7911,31,172,31880.90758292
7912,31,173,32628.56972589
7913,31,174,34060.1057015
7914,31,175,32722.56310263
7915,31,176,33386.61173508
7916,31,177,31752.13962192
7917,31,178,22955.79808178
7918,31,179,18574.55667166
7919,31,180,25081.38062154
7920,31,181,30426.15659328
7921,31,182,34193.86673257
7922,31,183,38730.1644441
7923,31,184,27449.90043195
7924,31,185,20548.55886608
7925,31,186,33111.48928728
7926,31,187,37448.74374746
7927,31,188,39934.38848483
7928,31,189,37958.77351893
7929,31,190,37676.62477831
7930,31,191,37893.77149978
7931,31,192,38388.12976197
7932,31,193,37911.69696354
7933,31,194,37800.7648704
7934,31,195,37962.85832982
7935,31,196,40181.65674783
7936,31,197,38729.76242719
7937,31,198,17588.7345259
7938,31,199,20615.85200638
7939,31,200,48716.35014935
7940,31,201,33460.22649072
7941,31,202,58216.01545758
7942,31,203,53505.76677469
7943,31,204,45210.08927301
7944,31,205,37459.27772037
7945,31,206,29445.71893722
7946,31,207,61807.97878966
7947,31,208,23534.28722229
7948,31,209,7117.19788995
7949,31,210,6404.5580054
7950,31,211,9507.51450284
7951,31,212,45256.01684198
7952,31,213,52891.23839221
7953,31,214,40526.92949144
7954,31,215,23242.57432844
7955,31,216,12434.52380145
7956,31,217,17817.15019735
7957,31,218,19550.44970856
7958,31,219,47894.41115572
7959,31,220,52127.96189394
7960,31,221,15100.60193202
7961,31,222,30913.36415843
7962,31,223,9575.42612824
7963,31,224,56774.05855045
7964,31,225,14553.65665819
7965,31,226,36675.31618559
7966,31,227,25409.57213157
7967,31,228,58864.21912056
7968,31,229,42825.20328306
7969,31,230,45189.08088025
7970,31,231,5736.19624981
7971,31,232,5893.97764844
7972,31,233,5574.99209426
7973,31,234,6513.15051328
7974,31,235,6113.88340908
7975,31,236,5393.0359494
7976,31,237,6370.35905562
7977,31,238,21951.45328615
7978,31,239,13013.3432351
7979,31,240,20500.00114621
7980,31,241,3182.86980108
7981,31,242,9023.78636216
7982,31,243,2446.74836751
7983,31,244,17319.25383778
7984,31,245,16369.42816293
7985,31,246,18322.48218253
7986,31,247,13563.93331994
7987,31,248,15425.9643371
7988,31,249,21196.39870247
7989,31,250,20841.78741649
7990,31,251,12399.49171394
7991,31,252,4411.74201047
7992,31,253,3483.76840936
7993,31,254,19066.23253603
7994,31,255,19686.74586787
7995,31,256,20604.03069918
7996,31,257,14152.7186626
7997,31,258,7154.03268081
7998,32,1,2370.95591913
7999,32,2,6696.5720366
8000,32,3,1384.65656153
8001,32,4,2675.12112686
8002,32,5,5824.75118752
8003,32,6,4673.23462156
8004,32,7,6652.49378323
8005,32,8,1086.74138787
8006,32,9,772.8645044
8007,32,10,6621.05110965
8008,32,11,5956.40600997
8009,32,12,4600.11916631
8010,32,13,3393.04115134
8011,32,14,3409.66888595
8012,32,15,1842.55302557
8013,32,16,7981.93688481
8014,32,17,7524.19345362
8015,32,18,6504.07947011
8016,32,19,2970.22795285
8017,32,20,3059.90952091
8018,32,21,10216.54062318
8019,32,22,13428.78732944
8020,32,23,7463.27301934
8021,32,24,5822.35789067
8022,32,25,855.2549998
8023,32,26,11327.37881694
8024,32,27,8980.40192423
8025,32,28,4061.41729498
8026,32,29,10504.09260181
8027,32,30,5531.03907311
8028,32,31,4014.16931703
8029,32,32,0.0
8030,32,33,11932.46758877
8031,32,34,1892.78465199
8032,32,35,1923.9058197
8033,32,36,15377.23438022
8034,32,37,15881.02738643
8035,32,38,4804.62593188
8036,32,39,8304.18750702
8037,32,40,17754.26203861
8038,32,41,10591.57938132
8039,32,42,8678.97799671
8040,32,43,22731.36907228
8041,32,44,10688.55196006
8042,32,45,7536.80299786
8043,32,46,9628.89382165
8044,32,47,28408.56833048
8045,32,48,29515.59286314
8046,32,49,7208.41783683
8047,32,50,24890.92725917
8048,32,51,6260.98595528
8049,32,52,6979.76485538
8050,32,53,8471.00216384
8051,32,54,7796.07149374
8052,32,55,22608.02311081
8053,32,56,9321.63648593
8054,32,57,14012.56969841
8055,32,58,11982.55609168
8056,32,59,8424.04410223
8057,32,60,6076.71507278
8058,32,61,9257.68642209
8059,32,62,16807.56325977
8060,32,63,7074.26589131
8061,32,64,25157.13955948
8062,32,65,6767.05458456
8063,32,66,10288.08506513
8064,32,67,14941.16626121
8065,32,68,13666.26290662
8066,32,69,41402.80880902
8067,32,70,19371.66261871
8068,32,71,51001.36601191
8069,32,72,28332.58431871
8070,32,73,52633.15948213
8071,32,74,42949.88072604
8072,32,75,30450.15396406
8073,32,76,48950.34463474
8074,32,77,53905.89558421
8075,32,78,54435.14904195
8076,32,79,32703.37286905
8077,32,80,47057.35004536
8078,32,81,45625.7011334
8079,32,82,35122.59213233
8080,32,83,13534.39145904
8081,32,84,48076.12530974
8082,32,85,37496.71874264
8083,32,86,13097.09168182
8084,32,87,17143.93698968
8085,32,88,12988.5300036
8086,32,89,14698.83660478
8087,32,90,5382.98675362
8088,32,91,2434.11014186
8089,32,92,8597.66950297
8090,32,93,5976.49049374
8091,32,94,3206.02796297
8092,32,95,4499.46807765
8093,32,96,15911.09937069
8094,32,97,20155.58333966
8095,32,98,18974.87818637
8096,32,99,2475.78572688
8097,32,100,14366.55630692
8098,32,101,1562.59130639
8099,32,102,2659.23457874
8100,32,103,21278.14127641
8101,32,104,11731.70353369
8102,32,105,7207.30438663
8103,32,106,4691.47129939
8104,32,107,3439.34712167
8105,32,108,17654.93234735
8106,32,109,10448.26574151
8107,32,110,18446.04349862
8108,32,111,10163.72993223
8109,32,112,4712.85289116
8110,32,113,19964.24135718
8111,32,114,6608.32031363
8112,32,115,22813.44840061
8113,32,116,2185.53452367
8114,32,117,5795.10469902
8115,32,118,15156.74708605
8116,32,119,24734.84063275
8117,32,120,12260.08587547
8118,32,121,6478.34581438
8119,32,122,16362.17536505
8120,32,123,1647.23937833
8121,32,124,2219.04582504
8122,32,125,3840.07954753
8123,32,126,13356.42944307
8124,32,127,3192.77163561
8125,32,128,7248.8627553
8126,32,129,4748.03066814
8127,32,130,3808.15713358
8128,32,131,20623.81953632
8129,32,132,2979.13031362
8130,32,133,21402.72632494
8131,32,134,22306.36245508
8132,32,135,18324.00095719
8133,32,136,16438.94071378
8134,32,137,16619.00008348
8135,32,138,18061.25905345
8136,32,139,17377.91782569
8137,32,140,16041.39840437
8138,32,141,17051.60693243
8139,32,142,21519.55915136
8140,32,143,23016.82008858
8141,32,144,19899.70904418
8142,32,145,21523.29491547
8143,32,146,16513.20320975
8144,32,147,4244.14399732
8145,32,148,5147.08243357
8146,32,149,5386.21114885
8147,32,150,10973.02934414
8148,32,151,2267.9614246
8149,32,152,4565.57901138
8150,32,153,3558.89937472
8151,32,154,5154.76629016
8152,32,155,7869.59124087
8153,32,156,10284.7057289
8154,32,157,4733.42722691
8155,32,158,12551.00164387
8156,32,159,11201.35511323
8157,32,160,9346.96848068
8158,32,161,6629.67385242
8159,32,162,6016.68780371
8160,32,163,8327.61256907
8161,32,164,3931.50701146
8162,32,165,6143.17163753
8163,32,166,8880.00794622
8164,32,167,4830.07898342
8165,32,168,28501.26768678
8166,32,169,26569.5693709
8167,32,170,27263.53528971
8168,32,171,29712.53322937
8169,32,172,27879.17893962
8170,32,173,28635.4271456
8171,32,174,30076.9290693
8172,32,175,28709.99686177
8173,32,176,29396.21498755
8174,32,177,27741.1540219
8175,32,178,24570.31438937
8176,32,179,20085.2800757
8177,32,180,26663.14609178
8178,32,181,31549.42638576
8179,32,182,35042.65953532
8180,32,183,39552.65515688
8181,32,184,28805.89448341
8182,32,185,22021.64931512
8183,32,186,34065.62751587
8184,32,187,38256.68578894
8185,32,188,37401.29082848
8186,32,189,36001.46735757
8187,32,190,36566.8751423
8188,32,191,36203.11176798
8189,32,192,36034.07960909
8190,32,193,36337.46628266
8191,32,194,36449.39893834
8192,32,195,35792.43274064
8193,32,196,37447.06282428
8194,32,197,37755.9760514
8195,32,198,14267.58407576
8196,32,199,17247.64736186
8197,32,200,46032.76074043
8198,32,201,30413.34141645
8199,32,202,55706.41326084
8200,32,203,50945.42457575
8201,32,204,42469.38521183
8202,32,205,34699.05529646
8203,32,206,26242.64103325
8204,32,207,59208.40842587
8205,32,208,20332.06480475
8206,32,209,9774.05429953
8207,32,210,6682.17156482
8208,32,211,13179.19624751
8209,32,212,49106.85615907
8210,32,213,56723.96728433
8211,32,214,39642.86100521
8212,32,215,22905.47619054
8213,32,216,12946.84099813
8214,32,217,17605.84523956
8215,32,218,19443.72254448
8216,32,219,47471.32393285
8217,32,220,51796.78323445
8218,32,221,14708.6465654
8219,32,222,29947.76119281
8220,32,223,10185.97460366
8221,32,224,56539.65153395
8222,32,225,14725.23287701
8223,32,226,35663.40278447
8224,32,227,24745.08548154
8225,32,228,58687.95003178
8226,32,229,42134.35303756
8227,32,230,44629.4751363
8228,32,231,6439.2807094
8229,32,232,6359.12521175
8230,32,233,6536.37075839
8231,32,234,6165.09235676
8232,32,235,6264.21095127
8233,32,236,6642.65338172
8234,32,237,6214.27801818
8235,32,238,23999.54996554
8236,32,239,13985.8510709
8237,32,240,22103.05910421
8238,32,241,5693.49438196
8239,32,242,10319.13311959
8240,32,243,6366.72356803
8241,32,244,18505.21142926
8242,32,245,17685.02690119
8243,32,246,19399.96236599
8244,32,247,14849.23588754
8245,32,248,16768.52649117
8246,32,249,22922.54597209
8247,32,250,23057.35682658
8248,32,251,13064.64154695
8249,32,252,7021.6709338
8250,32,253,7489.54969855
8251,32,254,20253.40486831
8252,32,255,21082.10715131
8253,32,256,23016.86807082
8254,32,257,15628.27134739
8255,32,258,8964.82931022
8256,33,1,12262.96609822
8257,33,2,18472.03541794
8258,33,3,12333.26596346
8259,33,4,14034.56953498
8260,33,5,17558.20334726
8261,33,6,16306.75002023
8262,33,7,12049.03711496
8263,33,8,12867.37337203
8264,33,9,12664.02006232
8265,33,10,10325.35367121
8266,33,11,12226.01824765
8267,33,12,12296.82284231
8268,33,13,12534.45782714
8269,33,14,14960.86379816
8270,33,15,13095.86709641
8271,33,16,19830.7174719
8272,33,17,4409.33744506
8273,33,18,5434.77956227
8274,33,19,14658.4165537
8275,33,20,9240.28131136
8276,33,21,1728.54850115
8277,33,22,24858.43914742
8278,33,23,18403.29073632
8279,33,24,17212.49536122
8280,33,25,11170.51084803
8281,33,26,22542.48293282
8282,33,27,2952.52678976
8283,33,28,8014.86523811
8284,33,29,21524.45555523
8285,33,30,6437.41626954
8286,33,31,15584.47856421
8287,33,32,11932.46758877
8288,33,33,0.0
8289,33,34,10500.79599118
8290,33,35,13753.59367521
8291,33,36,26967.82388547
8292,33,37,27569.290348
8293,33,38,16290.09317037
8294,33,39,19182.77454513
8295,33,40,5822.21946892
8296,33,41,1935.95548307
8297,33,42,6894.93329247
8298,33,43,10869.91354979
8299,33,44,2589.22922183
8300,33,45,7565.21144331
8301,33,46,5872.63243969
8302,33,47,16541.46171314
8303,33,48,17641.95144088
8304,33,49,9397.30198484
8305,33,50,13051.39862822
8306,33,51,11205.35206697
8307,33,52,12318.82184565
8308,33,53,17970.38737377
8309,33,54,12468.84145735
8310,33,55,32736.07714912
8311,33,56,11375.73794287
8312,33,57,24543.31131743
8313,33,58,22324.02682139
8314,33,59,12160.71361603
8315,33,60,13465.27515595
8316,33,61,9253.28111781
8317,33,62,27316.16598538
8318,33,63,15947.49710631
8319,33,64,34918.93746043
8320,33,65,14912.13480676
8321,33,66,20438.47124415
8322,33,67,22153.28171443
8323,33,68,20893.57934965
8324,33,69,49865.69423715
8325,33,70,26524.98101948
8326,33,71,59541.88797816
8327,33,72,35873.64170903
8328,33,73,60999.98117352
8329,33,74,51390.28963958
8330,33,75,38101.90392773
8331,33,76,57577.06710063
8332,33,77,61642.33319185
8333,33,78,62575.68033396
8334,33,79,40500.20960987
8335,33,80,55526.04348714
8336,33,81,54177.06837985
8337,33,82,43529.02584035
8338,33,83,16578.65773855
8339,33,84,56615.73745674
8340,33,85,45929.5291548
8341,33,86,16988.77236273
8342,33,87,24322.25991608
8343,33,88,18300.81113213
8344,33,89,16693.38535084
8345,33,90,13263.36981615
8346,33,91,11172.26982251
8347,33,92,14494.67532021
8348,33,93,15964.19776548
8349,33,94,13593.54404239
8350,33,95,11529.24406361
8351,33,96,19650.54658182
8352,33,97,22591.97071961
8353,33,98,21868.7893258
8354,33,99,11607.6389048
8355,33,100,18259.22292337
8356,33,101,10913.96183139
8357,33,102,12242.79094121
8358,33,103,23613.4209158
8359,33,104,15907.40719532
8360,33,105,13868.50213769
8361,33,106,14357.46696931
8362,33,107,11448.35314777
8363,33,108,21116.39870135
8364,33,109,15502.47516631
8365,33,110,15705.95640512
8366,33,111,8967.50021447
8367,33,112,13479.36040315
8368,33,113,17708.12585293
8369,33,114,9202.36144872
8370,33,115,20832.30765603
8371,33,116,13267.21722076
8372,33,117,12323.90141829
8373,33,118,11981.81717606
8374,33,119,22845.76756085
8375,33,120,9413.99340609
8376,33,121,12166.53114507
8377,33,122,13419.68418102
8378,33,123,13282.84278216
8379,33,124,14147.41934576
8380,33,125,10714.91376622
8381,33,126,10410.11936139
8382,33,127,13515.14122046
8383,33,128,12065.35076284
8384,33,129,10160.04835776
8385,33,130,14795.18594717
8386,33,131,18930.15997817
8387,33,132,14817.39538835
8388,33,133,19781.14611318
8389,33,134,34227.72039768
8390,33,135,30237.70065499
8391,33,136,28251.41206281
8392,33,137,25749.23891958
8393,33,138,26444.33455869
8394,33,139,29263.91751591
8395,33,140,27332.21784314
8396,33,141,27930.28030681
8397,33,142,33413.55729796
8398,33,143,34949.03512123
8399,33,144,31788.85415773
8400,33,145,33447.53528198
8401,33,146,26463.53712874
8402,33,147,16173.18770683
8403,33,148,9145.5419048
8404,33,149,16090.8445141
8405,33,150,7268.26807569
8406,33,151,13868.11143614
8407,33,152,9868.35781861
8408,33,153,15477.68608851
8409,33,154,16870.996422
8410,33,155,6218.9773078
8411,33,156,16861.91601475
8412,33,157,15994.10249288
8413,33,158,7387.39524897
8414,33,159,17298.98138181
8415,33,160,6569.06445077
8416,33,161,7295.52082605
8417,33,162,8031.87287083
8418,33,163,16296.08286051
8419,33,164,10501.26522579
8420,33,165,15844.81062443
8421,33,166,16224.14103559
8422,33,167,16717.60910982
8423,33,168,17390.76626901
8424,33,169,15170.69986592
8425,33,170,16077.84288999
8426,33,171,18709.32807152
8427,33,172,17583.57114193
8428,33,173,18131.10234247
8429,33,174,19376.74023261
8430,33,175,19318.89220236
8431,33,176,20766.14248066
8432,33,177,17776.55343008
8433,33,178,27280.23954998
8434,33,179,23230.06444072
8435,33,180,29015.58989889
8436,33,181,32042.87039119
8437,33,182,34419.9726729
8438,33,183,38538.63067809
8439,33,184,30260.26340743
8440,33,185,24717.89776924
8441,33,186,33835.62410516
8442,33,187,37281.42919752
8443,33,188,27055.81286571
8444,33,189,27154.41384812
8445,33,190,30057.51819651
8446,33,191,28073.12741614
8447,33,192,26157.90055202
8448,33,193,28523.95495398
8449,33,194,29257.0416545
8450,33,195,26391.53817461
8451,33,196,26653.22061573
8452,33,197,31566.18071828
8453,33,198,3292.29754673
8454,33,199,5694.0216241
8455,33,200,35214.98292392
8456,33,201,19118.17578686
8457,33,202,45135.0812278
8458,33,203,40319.08656574
8459,33,204,31582.87177831
8460,33,205,23907.31678522
8461,33,206,14733.41909698
8462,33,207,48433.72337702
8463,33,208,9019.74412646
8464,33,209,18113.97766671
8465,33,210,12981.92883545
8466,33,211,22920.96941772
8467,33,212,58284.3769643
8468,33,213,65713.04940538
8469,33,214,33604.77441355
8470,33,215,20240.44642154
8471,33,216,15677.99593088
8472,33,217,16624.33599869
8473,33,218,18239.20161257
8474,33,219,42392.4886684
8475,33,220,46825.57587207
8476,33,221,14291.16465471
8477,33,222,24383.09127812
8478,33,223,14555.6290587
8479,33,224,51701.42111148
8480,33,225,15838.14007671
8481,33,226,29493.95813743
8482,33,227,20762.20385893
8483,33,228,53957.94046417
8484,33,229,36522.2420818
8485,33,230,39277.85259733
8486,33,231,13583.45610991
8487,33,232,13227.47929286
8488,33,233,13967.87344935
8489,33,234,11972.37406348
8490,33,235,12750.53401475
8491,33,236,14392.86908397
8492,33,237,12276.41510397
8493,33,238,35062.67699834
8494,33,239,24398.32347948
8495,33,240,32735.71625466
8496,33,241,17613.5859136
8497,33,242,21397.37030841
8498,33,243,18030.86827792
8499,33,244,28816.79665476
8500,33,245,28198.34646359
8501,33,246,29521.04863449
8502,33,247,25519.50611386
8503,33,248,27368.02416477
8504,33,249,33667.82774945
8505,33,250,34304.94427673
8506,33,251,23231.69819874
8507,33,252,18919.89502377
8508,33,253,18762.40551741
8509,33,254,30464.69078767
8510,33,255,31510.32097387
8511,33,256,34439.05242664
8512,33,257,26437.15032746
8513,33,258,20495.84622226
8514,34,1,3872.48760371
8515,34,2,7973.46563469
8516,34,3,3098.29292372
8517,34,4,3539.99041778
8518,34,5,7057.93001045
8519,34,6,5806.74076537
8520,34,7,7585.18442192
8521,34,8,2487.59519298
8522,34,9,2637.51498049
8523,34,10,7120.8264924
8524,34,11,7002.83342025
8525,34,12,5813.73943927
8526,34,13,4833.44037772
8527,34,14,4460.84965583
8528,34,15,2595.43314838
8529,34,16,9344.13658754
8530,34,17,6153.42671876
8531,34,18,5097.47423312
8532,34,19,4838.94297481
8533,34,20,1290.23241929
8534,34,21,8823.11075262
8535,34,22,15265.78063432
8536,34,23,9356.05589754
8537,34,24,7702.91650682
8538,34,25,1069.56663765
8539,34,26,13199.09795242
8540,34,27,7580.7593753
8541,34,28,2485.9502161
8542,34,29,12390.94345205
8543,34,30,4075.86571511
8544,34,31,5889.20004274
8545,34,32,1892.78465199
8546,34,33,10500.79599118
8547,34,34,0.0
8548,34,35,3772.0952796
8549,34,36,17173.21430247
8550,34,37,17645.37942992
8551,34,38,6682.86844091
8552,34,39,10196.97215294
8553,34,40,16293.57634736
8554,34,41,9346.98614912
8555,34,42,8309.64633715
8556,34,43,21178.15969725
8557,34,44,9563.25172773
8558,34,45,7302.39365393
8559,34,46,9057.62944461
8560,34,47,26844.99338968
8561,34,48,27954.61178871
8562,34,49,7444.20889808
8563,34,50,23318.91791698
8564,34,51,7015.80274799
8565,34,52,7943.40404079
8566,34,53,10273.22808139
8567,34,54,8709.80662958
8568,34,55,24500.27882991
8569,34,56,9862.80474471
8570,34,57,15905.34594399
8571,34,58,13870.84545899
8572,34,59,9209.44577877
8573,34,60,7406.29595238
8574,34,61,9372.25088161
8575,34,62,18700.08286116
8576,34,63,8755.15504302
8577,34,64,27044.46399583
8578,34,65,8306.74992291
8579,34,66,12163.06481423
8580,34,67,16581.91441081
8581,34,68,15288.6312773
8582,34,69,43251.97170281
8583,34,70,21054.44221117
8584,34,71,52860.51271261
8585,34,72,30097.63242838
8586,34,73,54484.95024931
8587,34,74,44799.14265439
8588,34,75,32230.02975923
8589,34,76,50812.31696918
8590,34,77,55723.6094073
8591,34,78,56276.3664736
8592,34,79,34499.2941185
8593,34,80,48910.91578001
8594,34,81,47482.3400995
8595,34,82,36962.16791479
8596,34,83,14539.85120785
8597,34,84,49933.67976583
8598,34,85,39340.55516119
8599,34,86,14220.49628736
8600,34,87,18808.2894687
8601,34,88,14328.60261181
8602,34,89,15583.2378167
8603,34,90,6753.35806345
8604,34,91,3424.37837957
8605,34,92,9831.40677685
8606,34,93,6102.4286741
8607,34,94,3337.54981333
8608,34,95,5489.31690129
8609,34,96,17101.45557713
8610,34,97,21251.7736026
8611,34,98,20113.28109234
8612,34,99,1549.53743907
8613,34,100,15535.13306346
8614,34,101,2329.42530152
8615,34,102,2130.83835635
8616,34,103,22379.72183245
8617,34,104,12842.04903444
8618,34,105,8484.89305545
8619,34,106,4552.89329661
8620,34,107,4490.34510273
8621,34,108,18846.62106104
8622,34,109,11642.63738464
8623,34,110,18718.33407072
8624,34,111,10169.5564235
8625,34,112,4139.23050555
8626,34,113,20355.35085612
8627,34,114,6803.37311704
8628,34,115,23310.04132269
8629,34,116,4024.86534105
8630,34,117,4572.78389156
8631,34,118,15228.465217
8632,34,119,25278.82894682
8633,34,120,12193.72136791
8634,34,121,5137.33251606
8635,34,122,16526.79347177
8636,34,123,3539.96860566
8637,34,124,3845.90379273
8638,34,125,4574.21376693
8639,34,126,13358.4010547
8640,34,127,4934.7070317
8641,34,128,5816.08826504
8642,34,129,5256.23906221
8643,34,130,4404.74312118
8644,34,131,21117.93796062
8645,34,132,4370.29936463
8646,34,133,21925.45297342
8647,34,134,23886.44554505
8648,34,135,19927.1633968
8649,34,136,18144.34459648
8650,34,137,18460.04022551
8651,34,138,19851.94510897
8652,34,139,19021.96499568
8653,34,140,17891.27126923
8654,34,141,18934.15935319
8655,34,142,23145.69873532
8656,34,143,24531.37625149
8657,34,144,21534.55723972
8658,34,145,22996.71807358
8659,34,146,18397.15916674
8660,34,147,5894.01587433
8661,34,148,3285.3230655
8662,34,149,7260.54797642
8663,34,150,9080.65498012
8664,34,151,3374.91184542
8665,34,152,2781.29201311
8666,34,153,5100.9189526
8667,34,154,6980.30397623
8668,34,155,6012.07123636
8669,34,156,11725.4246412
8670,34,157,6625.76730421
8671,34,158,10660.83464011
8672,34,159,12601.19189212
8673,34,160,7461.6876215
8674,34,161,4747.22170559
8675,34,162,4123.96642244
8676,34,163,9913.27841242
8677,34,164,2283.94479985
8678,34,165,7917.29312121
8679,34,166,10386.94124292
8680,34,167,6555.79758407
8681,34,168,26746.78372711
8682,34,169,24865.86540386
8683,34,170,25523.13462478
8684,34,171,27941.32707052
8685,34,172,26049.66565977
8686,34,173,26818.98784422
8687,34,174,28273.37217968
8688,34,175,26835.92808873
8689,34,176,27505.97322533
8690,34,177,25892.46473232
8691,34,178,25768.90155247
8692,34,179,21279.33216301
8693,34,180,27837.18829883
8694,34,181,32517.8263508
8695,34,182,35882.42705322
8696,34,183,40365.7458552
8697,34,184,29880.89934058
8698,34,185,23184.83639385
8699,34,186,34953.49974153
8700,34,187,39067.68024529
8701,34,188,36573.1634062
8702,34,189,35497.2464754
8703,34,190,36499.43978181
8704,34,191,35839.93327339
8705,34,192,35311.63114113
8706,34,193,36034.57266097
8707,34,194,36260.68190288
8708,34,195,35172.9077113
8709,34,196,36502.24403509
8710,34,197,37751.27536508
8711,34,198,13076.65193945
8712,34,199,15989.54397469
8713,34,200,45098.73662386
8714,34,201,29300.90059286
8715,34,202,54855.77373268
8716,34,203,50073.18075967
8717,34,204,41509.2478688
8718,34,205,33747.01626405
8719,34,206,25045.70198188
8720,34,207,58303.34035933
8721,34,208,19167.56189104
8722,34,209,11459.88634057
8723,34,210,7829.95055338
8724,34,211,15044.24595392
8725,34,212,50988.97141766
8726,34,213,58602.4831217
8727,34,214,39675.33265777
8728,34,215,23299.11324627
8729,34,216,13875.4352632
8730,34,217,18126.42461246
8731,34,218,19983.52271583
8732,34,219,47702.32239986
8733,34,220,52061.38039862
8734,34,221,15205.02209939
8735,34,222,29984.5805057
8736,34,223,11244.09321482
8737,34,224,56840.64277171
8738,34,225,15469.9250205
8739,34,226,35648.31206001
8740,34,227,24966.72187061
8741,34,228,59012.46629866
8742,34,229,42252.39366633
8743,34,230,44803.09500718
8744,34,231,7750.16696653
8745,34,232,7600.38135161
8746,34,233,7917.63250785
8747,34,234,7126.29465274
8748,34,235,7405.79503731
8749,34,236,8097.62190325
8750,34,237,7246.51951315
8751,34,238,24869.46137503
8752,34,239,14518.19634727
8753,34,240,22786.02640153
8754,34,241,7205.58828096
8755,34,242,11117.7073283
8756,34,243,8194.38308589
8757,34,244,19042.72672666
8758,34,245,18293.84855444
8759,34,246,19875.12057399
8760,34,247,15498.81685337
8761,34,248,17404.94007273
8762,34,249,23653.99532619
8763,34,250,24011.06016987
8764,34,251,13485.96603609
8765,34,252,8468.1234402
8766,34,253,9371.07007247
8767,34,254,20767.33546981
8768,34,255,21681.15128684
8769,34,256,24060.86746179
8770,34,257,16345.01263696
8771,34,258,10032.65406106
8772,35,1,2410.1443546
8773,35,2,5257.17498501
8774,35,3,1626.56572566
8775,35,4,2463.3219772
8776,35,5,4483.34155042
8777,35,6,3565.74122887
8778,35,7,6758.4429561
8779,35,8,1523.11008685
8780,35,9,1151.18069373
8781,35,10,7208.69212975
8782,35,11,5975.07151063
8783,35,12,4543.1933411
8784,35,13,3195.69737483
8785,35,14,2664.28052749
8786,35,15,2279.37459718
8787,35,16,6409.28396512
8788,35,17,9347.37298075
8789,35,18,8350.61089758
8790,35,19,1074.26956462
8791,35,20,4980.31423359
8792,35,21,12029.01769694
8793,35,22,11507.27772062
8794,35,23,5659.7076602
8795,35,24,3942.17600492
8796,35,25,2776.11313077
8797,35,26,9427.6805709
8798,35,27,10803.12624989
8799,35,28,5973.27942969
8800,35,29,8636.77198236
8801,35,30,7403.15578057
8802,35,31,2126.01871285
8803,35,32,1923.9058197
8804,35,33,13753.59367521
8805,35,34,3772.0952796
8806,35,35,0.0
8807,35,36,13454.60354756
8808,35,37,13965.1097435
8809,35,38,2921.23617924
8810,35,39,6495.52925414
8811,35,40,19573.49108518
8812,35,41,12331.86325737
8813,35,42,9908.46656556
8814,35,43,24587.03756929
8815,35,44,12365.44964734
8816,35,45,8707.12986198
8817,35,46,10977.66171754
8818,35,47,30265.37275257
8819,35,48,31370.72168431
8820,35,49,8008.93807576
8821,35,50,26753.27315025
8822,35,51,6606.51896285
8823,35,52,7024.11560106
8824,35,53,7035.19188686
8825,35,54,7852.29424401
8826,35,55,20797.71730814
8827,35,56,9726.68372381
8828,35,57,12193.97530632
8829,35,58,10221.01826124
8830,35,59,8600.07869806
8831,35,60,5677.39819444
8832,35,61,10076.36697779
8833,35,62,14973.11119185
8834,35,63,5968.15235016
8835,35,64,23385.09420334
8836,35,65,5959.3677881
8837,35,66,8601.94901566
8838,35,67,13761.43238822
8839,35,68,12531.48179915
8840,35,69,39750.68628526
8841,35,70,18089.15367693
8842,35,71,49319.99119478
8843,35,72,26873.35374151
8844,35,73,50970.78319766
8845,35,74,41296.89421768
8846,35,75,28958.81295851
8847,35,76,47261.65159767
8848,35,77,52322.04407192
8849,35,78,52798.3595273
8850,35,79,31177.01891254
8851,35,80,45391.89867761
8852,35,81,43952.56010329
8853,35,82,33497.49118959
8854,35,83,13294.77697778
8855,35,84,46399.81093077
8856,35,85,35859.79222701
8857,35,86,12715.23281465
8858,35,87,15906.11414419
8859,35,88,12310.62709506
8860,35,89,14586.34146144
8861,35,90,4982.40169613
8862,35,91,3196.03143049
8863,35,92,8192.4101448
8864,35,93,5875.20862354
8865,35,94,3605.01862874
8866,35,95,4762.53493692
8867,35,96,15398.16470428
8868,35,97,19722.44738411
8869,35,98,18497.88903656
8870,35,99,3888.58348337
8871,35,100,13903.69015036
8872,35,101,2919.76463998
8873,35,102,3774.8101459
8874,35,103,20829.80466476
8875,35,104,11395.74100323
8876,35,105,6808.11559388
8877,35,106,5019.39812868
8878,35,107,3825.91274912
8879,35,108,17120.96111594
8880,35,109,10033.18775383
8881,35,110,18944.99784609
8882,35,111,11049.67427076
8883,35,112,5434.09694683
8884,35,113,20329.84290442
8885,35,114,7480.87651831
8886,35,115,23047.88512576
8887,35,116,1299.26470744
8888,35,117,6966.21809418
8889,35,118,15885.67387461
8890,35,119,24907.11477766
8891,35,120,13159.77981845
8892,35,121,7716.97668688
8893,35,122,16988.45207386
8894,35,123,591.62663498
8895,35,124,909.79972257
8896,35,125,4507.02266264
8897,35,126,14176.15080245
8898,35,127,2332.00009344
8899,35,128,8542.01746046
8900,35,129,5502.27066748
8901,35,130,3539.86077531
8902,35,131,20877.21128185
8903,35,132,1829.80729139
8904,35,133,21619.76862106
8905,35,134,20476.25318901
8906,35,135,16484.39528785
8907,35,136,14545.33032834
8908,35,137,15016.20727898
8909,35,138,16573.88969789
8910,35,139,15515.27752029
8911,35,140,14124.57917582
8912,35,141,15169.33589137
8913,35,142,19662.95142368
8914,35,143,21228.12387319
8915,35,144,18039.61830633
8916,35,145,19765.23589013
8917,35,146,14767.00239499
8918,35,147,2478.9773485
8919,35,148,6929.86850369
8920,35,149,3770.94822807
8921,35,150,12829.75883029
8922,35,151,1940.05803209
8923,35,152,6272.991669
8924,35,153,2014.07131069
8925,35,154,3230.91875772
8926,35,155,9778.92254177
8927,35,156,9510.97451553
8928,35,157,2933.38294363
8929,35,158,14419.77101361
8930,35,159,10469.36315199
8931,35,160,11230.0542964
8932,35,161,8518.3281809
8933,35,162,7875.53013142
8934,35,163,7364.24020219
8935,35,164,5555.73914555
8936,35,165,4852.82012072
8937,35,166,8038.2452221
8938,35,167,2964.15387288
8939,35,168,30421.25642482
8940,35,169,28478.57261641
8941,35,170,29181.08976962
8942,35,171,31634.77505766
8943,35,172,29800.30300608
8944,35,173,30558.49448701
8945,35,174,32000.78449473
8946,35,175,30607.89899388
8947,35,176,31261.26427804
8948,35,177,29656.56365214
8949,35,178,23978.39100338
8950,35,179,19527.05691769
8951,35,180,26093.02945214
8952,35,181,31213.80598367
8953,35,182,34846.31724257
8954,35,183,39375.46206829
8955,35,184,28351.21558976
8956,35,185,21489.9055249
8957,35,186,33816.65772426
8958,35,187,38084.84195234
8959,35,188,38780.78535232
8960,35,189,37123.48627662
8961,35,190,37301.44055143
8962,35,191,37204.40373005
8963,35,192,37333.58333175
8964,35,193,37285.74787371
8965,35,194,37295.49282103
8966,35,195,37009.97966173
8967,35,196,38914.06062667
8968,35,197,38428.96546893
8969,35,198,15955.87915955
8970,35,199,18961.91341486
8971,35,200,47482.86025439
8972,35,201,32008.10198875
8973,35,202,57085.66885628
8974,35,203,52344.70629688
8975,35,204,43942.12978119
8976,35,205,36175.03099184
8977,35,206,27899.1667849
8978,35,207,60627.60945898
8979,35,208,21981.28835211
8980,35,209,8578.17245424
8981,35,210,6504.84693745
8982,35,211,11516.5782449
8983,35,212,47352.04647097
8984,35,213,54981.8294956
8985,35,214,40276.43017877
8986,35,215,23246.1110743
8987,35,216,12812.82341331
8988,35,217,17860.46676111
8989,35,218,19659.20176202
8990,35,219,47897.14457565
8991,35,220,52182.81666457
8992,35,221,15027.50380927
8993,35,222,30604.23707124
8994,35,223,9960.41317168
8995,35,224,56883.26389737
8996,35,225,14774.02770034
8997,35,226,36351.27280264
8998,35,227,25246.9954773
8999,35,228,59005.38641045
9000,35,229,42680.56193946
9001,35,230,45116.78261655
9002,35,231,6040.70021509
9003,35,232,6072.12894855
9004,35,233,6018.87261572
9005,35,234,6274.48099432
9006,35,235,6127.69464781
9007,35,236,5994.33661849
9008,35,237,6228.89822153
9009,35,238,22733.45886552
9010,35,239,13124.42308895
9011,35,240,21018.07670649
9012,35,241,4029.49226195
9013,35,242,9265.23601366
9014,35,243,4442.88024439
9015,35,244,17584.46087456
9016,35,245,16702.81579587
9017,35,246,18531.96525906
9018,35,247,13859.15714912
9019,35,248,15768.6899402
9020,35,249,21788.00533633
9021,35,250,21720.04688656
9022,35,251,12330.88774492
9023,35,252,5386.50610478
9024,35,253,5609.12744959
9025,35,254,19341.18206031
9026,35,255,20082.58090625
9027,35,256,21600.23558275
9028,35,257,14563.05185235
9029,35,258,7670.30341239
9030,36,1,14707.18900294
9031,36,2,10497.2936062
9032,36,3,14691.20435814
9033,36,4,14243.43129585
9034,36,5,11250.10111782
9035,36,6,12345.57848709
9036,36,7,16414.51366374
9037,36,8,14706.1612486
9038,36,9,14604.5224498
9039,36,10,17957.63715825
9040,36,11,15821.34061438
9041,36,12,15118.64567121
9042,36,13,14536.17266675
9043,36,14,13400.42900008
9044,36,15,14926.86411006
9045,36,16,9247.30402043
9046,36,17,22627.87126531
9047,36,18,21690.33454176
9048,36,19,12440.92127485
9049,36,20,18421.41603777
9050,36,21,25243.56259807
9051,36,22,2264.03534559
9052,36,23,8711.79926384
9053,36,24,9757.07405014
9054,36,25,16225.0574153
9055,36,26,4685.69695517
9056,36,27,24060.10214726
9057,36,28,19422.00635943
9058,36,29,5841.0137732
9059,36,30,20795.52503381
9060,36,31,11444.68927608
9061,36,32,15377.23438022
9062,36,33,26967.82388547
9063,36,34,17173.21430247
9064,36,35,13454.60354756
9065,36,36,0.0
9066,36,37,948.23596552
9067,36,38,10702.48874166
9068,36,39,8040.4479713
9069,36,40,32724.74181098
9070,36,41,25354.36185052
9071,36,42,21730.48375495
9072,36,43,37835.87267739
9073,36,44,25215.99496966
9074,36,45,20548.90328688
9075,36,46,23006.1778373
9076,36,47,43499.96431562
9077,36,48,44595.68419691
9078,36,49,19061.72569116
9079,36,50,40018.99084432
9080,36,51,16975.31288866
9081,36,52,16365.54416634
9082,36,53,10303.67714582
9083,36,54,16817.43349104
9084,36,55,9900.29869212
9085,36,56,19108.02205911
9086,36,57,5196.62024009
9087,36,58,6534.29801521
9088,36,59,17624.26231323
9089,36,60,14569.29960134
9090,36,61,20691.79882349
9091,36,62,5355.90279074
9092,36,63,12133.5975804
9093,36,64,12748.94353115
9094,36,65,13287.36211845
9095,36,66,7940.09181483
9096,36,67,13095.2959286
9097,36,68,12931.73607979
9098,36,69,29527.00794566
9099,36,70,14593.68364075
9100,36,71,38550.52263816
9101,36,72,19620.06719697
9102,36,73,40356.70809431
9103,36,74,31011.87458954
9104,36,75,21118.89194564
9105,36,76,36459.76479046
9106,36,77,42430.11980765
9107,36,78,42397.17323838
9108,36,79,22757.02924642
9109,36,80,34865.3068167
9110,36,81,33384.320515
9111,36,82,23852.11651112
9112,36,83,18778.19803619
9113,36,84,35740.60222576
9114,36,85,25958.93434096
9115,36,86,17688.94400195
9116,36,87,13683.47929667
9117,36,88,15841.5831922
9118,36,89,20295.44143418
9119,36,90,14419.30061159
9120,36,91,15799.60547407
9121,36,92,15329.55742794
9122,36,93,15063.4489003
9123,36,94,15347.05893177
9124,36,95,15852.42881697
9125,36,96,18642.3938787
9126,36,97,22259.45571566
9127,36,98,21050.88762497
9128,36,99,16813.41701614
9129,36,100,17974.88399059
9130,36,101,16106.84290763
9131,36,102,16391.47461652
9132,36,103,23027.47591959
9133,36,104,17156.31879561
9134,36,105,14874.67751678
9135,36,106,15793.3229581
9136,36,107,15644.45743778
9137,36,108,19690.6215469
9138,36,109,16080.20611125
9139,36,110,26740.59145423
9140,36,111,21682.68964996
9141,36,112,16814.49979004
9142,36,113,27273.21652808
9143,36,114,18848.79930392
9144,36,115,28931.66177697
9145,36,116,13723.99293133
9146,36,117,18831.26272105
9147,36,118,25147.22006451
9148,36,119,30213.98793797
9149,36,120,23486.59954897
9150,36,121,19587.72639561
9151,36,122,25650.34697302
9152,36,123,13828.51792115
9153,36,124,13347.17509516
9154,36,125,16434.63609992
9155,36,126,24053.66889748
9156,36,127,13473.05091617
9157,36,128,20407.82294633
9158,36,129,17205.89107693
9159,36,130,14211.59284343
9160,36,131,27161.60090335
9161,36,132,13029.44724017
9162,36,133,27602.85534632
9163,36,134,8492.48479495
9164,36,135,5082.02235205
9165,36,136,2364.5288493
9166,36,137,9337.81241983
9167,36,138,11535.9115325
9168,36,139,3894.18213207
9169,36,140,1917.68191342
9170,36,141,4082.67315468
9171,36,142,7319.13390291
9172,36,143,9795.92632113
9173,36,144,5839.49560643
9174,36,145,9029.78591384
9175,36,146,7079.43403246
9176,36,147,11347.48086771
9177,36,148,20075.51400775
9178,36,149,10967.96851546
9179,36,150,26020.79396312
9180,36,151,14109.67236472
9181,36,152,19312.93967901
9182,36,153,12212.86402687
9183,36,154,10225.48376575
9184,36,155,23170.4000634
9185,36,156,14133.71397231
9186,36,157,10974.00762238
9187,36,158,27634.91322536
9188,36,159,14700.35669516
9189,36,160,24527.22403225
9190,36,161,21860.45355595
9191,36,162,21154.54892027
9192,36,163,12749.2169383
9193,36,164,18515.7814192
9194,36,165,11640.21702711
9195,36,166,13412.69904762
9196,36,167,10634.0937549
9197,36,168,43873.42471372
9198,36,169,41902.94297101
9199,36,170,42628.46132309
9200,36,171,45089.36954058
9201,36,172,43216.58486525
9202,36,173,43991.81696266
9203,36,174,45445.39293794
9204,36,175,43878.97571587
9205,36,176,44350.00952741
9206,36,177,43033.18586388
9207,36,178,24600.89338242
9208,36,179,21295.48412199
9209,36,180,26531.47153982
9210,36,181,32654.75349939
9211,36,182,36900.56146608
9212,36,183,41239.80278023
9213,36,184,29293.97117686
9214,36,185,22997.7565392
9215,36,186,35603.11512423
9216,36,187,40068.28435575
9217,36,188,49729.58123878
9218,36,189,46791.98129806
9219,36,190,44868.72092054
9220,36,191,46233.17170256
9221,36,192,47908.85605618
9222,36,193,46027.40705626
9223,36,194,45481.10666149
9224,36,195,47175.82555723
9225,36,196,50297.81097116
9226,36,197,45599.58819536
9227,36,198,28733.76779095
9228,36,199,31761.7681232
9229,36,200,58662.72981246
9230,36,201,44105.86642027
9231,36,202,67778.74663967
9232,36,203,63197.8548644
9233,36,204,55283.12057152
9234,36,205,47647.98010789
9235,36,206,40328.7112805
9236,36,207,71508.22290388
9237,36,208,34483.66024594
9238,36,209,11601.48412956
9239,36,210,15481.14030426
9240,36,211,7686.46219747
9241,36,212,35874.16215746
9242,36,213,43529.02071765
9243,36,214,47142.50830452
9244,36,215,29679.8379844
9245,36,216,18982.95121216
9246,36,217,24644.92725604
9247,36,218,25934.07332641
9248,36,219,53230.57499559
9249,36,220,57129.30604116
9250,36,221,22678.12443908
9251,36,222,38093.02422753
9252,36,223,16875.23943769
9253,36,224,61427.71951066
9254,36,225,21228.03734097
9255,36,226,43699.79548703
9256,36,227,32324.80457425
9257,36,228,63327.45274096
9258,36,229,48936.9276559
9259,36,230,50926.1820022
9260,36,231,14660.74632336
9261,36,232,15006.31810289
9262,36,233,14281.86522771
9263,36,234,16192.41973938
9264,36,235,15460.02067595
9265,36,236,13846.63040208
9266,36,237,15918.50859542
9267,36,238,17082.78871888
9268,36,239,14257.83913213
9269,36,240,17409.28554314
9270,36,241,10371.28782165
9271,36,242,11830.73126333
9272,36,243,9019.54335134
9273,36,244,16350.11902983
9274,36,245,15309.74779395
9275,36,246,17393.76264009
9276,36,247,13692.44474839
9277,36,248,14617.75771517
9278,36,249,17556.86654229
9279,36,250,15599.94111743
9280,36,251,14712.92728571
9281,36,252,9525.79302649
9282,36,253,8225.86191909
9283,36,254,17616.44718839
9284,36,255,17443.62606211
9285,36,256,14696.31161405
9286,36,257,13457.27990251
9287,36,258,10432.64530075
9288,37,1,15325.13364841
9289,37,2,10699.78772569
9290,37,3,15257.41383478
9291,37,4,14613.36359017
9292,37,5,11494.73016011
9293,37,6,12636.40125684
9294,37,7,17195.10819637
9295,37,8,15165.2248716
9296,37,9,15110.19670652
9297,37,10,18711.5331304
9298,37,11,16584.26589381
9299,37,12,15835.32901017
9300,37,13,15201.36799618
9301,37,14,13746.08291061
9302,37,15,15334.78462853
9303,37,16,9391.48974491
9304,37,17,23208.13504658
9305,37,18,22254.61008323
9306,37,19,12974.57444435
9307,37,20,18907.12160689
9308,37,21,25842.31181143
9309,37,22,3115.36291948
9310,37,23,9430.49082927
9311,37,24,10364.48068908
9312,37,25,16722.13596544
9313,37,26,5498.03203254
9314,37,27,24648.07833924
9315,37,28,19938.33690238
9316,37,29,6660.10394529
9317,37,30,21342.51116406
9318,37,31,12001.8529008
9319,37,32,15881.02738643
9320,37,33,27569.290348
9321,37,34,17645.37942992
9322,37,35,13965.1097435
9323,37,36,948.23596552
9324,37,37,0.0
9325,37,38,11280.41704142
9326,37,39,8795.29542294
9327,37,40,33345.53267538
9328,37,41,25985.56208133
9329,37,42,22457.08150065
9330,37,43,38439.10858401
9331,37,44,25869.43082272
9332,37,45,21266.7835802
9333,37,46,23725.51708779
9334,37,47,44109.46868461
9335,37,48,45208.00762691
9336,37,49,19812.19547043
9337,37,50,40618.98275671
9338,37,51,17734.12842093
9339,37,52,17157.78204363
9340,37,53,11148.89294582
9341,37,54,17630.18063856
9342,37,55,10321.3722866
9343,37,56,19930.58652346
9344,37,57,6140.78006021
9345,37,58,7464.96129567
9346,37,59,18444.82239332
9347,37,60,15344.91072444
9348,37,61,21476.7475275
9349,37,62,6142.76644113
9350,37,63,12940.99750343
9351,37,64,13145.06392632
9352,37,65,14088.92620686
9353,37,66,8827.18768845
9354,37,67,14042.05704412
9355,37,68,13879.167252
9356,37,69,29826.4739748
9357,37,70,15482.13107483
9358,37,71,38751.91362539
9359,37,72,20265.66472738
9360,37,73,40573.58083639
9361,37,74,31297.79598676
9362,37,75,21706.04226702
9363,37,76,36662.43841428
9364,37,77,42726.9108291
9365,37,78,42635.57346953
9366,37,79,23281.99542968
9367,37,80,35108.00661859
9368,37,81,33626.57713486
9369,37,82,24248.46555497
9370,37,83,19699.42307579
9371,37,84,35963.86587168
9372,37,85,26313.82248757
9373,37,86,18612.73517584
9374,37,87,14610.18843477
9375,37,88,16775.53813174
9376,37,89,21219.62555828
9377,37,90,15168.94391598
9378,37,91,16418.1925888
9379,37,92,16181.07415348
9380,37,93,15224.298828
9381,37,94,15675.74527069
9382,37,95,16559.4707568
9383,37,96,19587.68011535
9384,37,97,23207.02162844
9385,37,98,21998.97650393
9386,37,99,17212.28149676
9387,37,100,18911.78660212
9388,37,101,16677.19206327
9389,37,102,16765.6673104
9390,37,103,23973.15783764
9391,37,104,18062.61703944
9392,37,105,15687.78623454
9393,37,106,16039.02622548
9394,37,107,16309.39277298
9395,37,108,20638.8287695
9396,37,109,16970.67295435
9397,37,110,27646.87816982
9398,37,111,22473.49331153
9399,37,112,17077.60655441
9400,37,113,28196.85596188
9401,37,114,19580.76309284
9402,37,115,29871.35487337
9403,37,116,14305.12749576
9404,37,117,19096.94803032
9405,37,118,26008.88421317
9406,37,119,31159.08561441
9407,37,120,24301.05723737
9408,37,121,19843.21105284
9409,37,122,26531.96773044
9410,37,123,14364.49255917
9411,37,124,13803.88570905
9412,37,125,17106.2945333
9413,37,126,24888.98420651
9414,37,127,14111.19530957
9415,37,128,20652.42188994
9416,37,129,17901.11103061
9417,37,130,14509.75516931
9418,37,131,28094.58380905
9419,37,132,13431.00749994
9420,37,133,28540.00139033
9421,37,134,7584.19161469
9422,37,135,4134.95323401
9423,37,136,1430.8691406
9424,37,137,10228.19642372
9425,37,138,12410.68665395
9426,37,139,2952.22028626
9427,37,140,2651.63053716
9428,37,141,4769.01008053
9429,37,142,6433.97076264
9430,37,143,8864.64945202
9431,37,144,4923.34599094
9432,37,145,8081.68927243
9433,37,146,7936.33740141
9434,37,147,11777.14023877
9435,37,148,20475.80704491
9436,37,149,11649.8887069
9437,37,150,26405.10663286
9438,37,151,14510.72191097
9439,37,152,19701.42778667
9440,37,153,12625.29118394
9441,37,154,10750.22147913
9442,37,155,23620.15187949
9443,37,156,15034.09108364
9444,37,157,11585.31975823
9445,37,158,28020.59725397
9446,37,159,15615.17718246
9447,37,160,24942.40000917
9448,37,161,22296.45956954
9449,37,162,21576.36296736
9450,37,163,13603.6391332
9451,37,164,18899.89634889
9452,37,165,12397.40468439
9453,37,166,14282.28103702
9454,37,167,11089.99226758
9455,37,168,44380.35081547
9456,37,169,42441.19299731
9457,37,170,43144.55321827
9458,37,171,45584.19300698
9459,37,172,43659.57867712
9460,37,173,44447.78655655
9461,37,174,45913.08567431
9462,37,175,44257.92185074
9463,37,176,44678.33152932
9464,37,177,43453.80032999
9465,37,178,25528.24234086
9466,37,179,22240.71474766
9467,37,180,27451.42082282
9468,37,181,33580.14262422
9469,37,182,37829.99564805
9470,37,183,42162.35856132
9471,37,184,30216.76417975
9472,37,185,23938.70664092
9473,37,186,36530.07025997
9474,37,187,40993.75245159
9475,37,188,50565.95372251
9476,37,189,47677.72413706
9477,37,190,45800.53591874
9478,37,191,47136.9408462
9479,37,192,48761.33992254
9480,37,193,46938.05405474
9481,37,194,46403.04437452
9482,37,195,48044.4587924
9483,37,196,51110.8166028
9484,37,197,46536.89210248
9485,37,198,29404.03868789
9486,37,199,32434.7344378
9487,37,200,59492.5890403
9488,37,201,44863.89929124
9489,37,202,68636.90044423
9490,37,203,64046.69335876
9491,37,204,56101.95450306
9492,37,205,48453.50425955
9493,37,206,41053.299147
9494,37,207,72358.9115467
9495,37,208,35193.77018222
9496,37,209,12497.036237
9497,37,210,16272.51947493
9498,37,211,8634.6755356
9499,37,212,35982.1664323
9500,37,213,43624.33236482
9501,37,214,48083.56252306
9502,37,215,30614.43779331
9503,37,216,19893.00491018
9504,37,217,25565.36667439
9505,37,218,26865.09863214
9506,37,219,54178.74266482
9507,37,220,58076.35841517
9508,37,221,23574.58112578
9509,37,222,39021.57679168
9510,37,223,17752.30095676
9511,37,224,62372.23540917
9512,37,225,22143.35769665
9513,37,226,44634.01034311
9514,37,227,33253.92980372
9515,37,228,64270.09382317
9516,37,229,49882.83563169
9517,37,230,51873.98616981
9518,37,231,15449.01934435
9519,37,232,15789.99619148
9520,37,233,15074.87646145
9521,37,234,16958.73149187
9522,37,235,16237.16681765
9523,37,236,14644.11575816
9524,37,237,16689.62799137
9525,37,238,16231.30518606
9526,37,239,13875.13121702
9527,37,240,16652.2287412
9528,37,241,10706.62360772
9529,37,242,11678.7452549
9530,37,243,9559.33565519
9531,37,244,15748.49747983
9532,37,245,14721.1625835
9533,37,246,16778.02497117
9534,37,247,13236.3806043
9535,37,248,14063.15238537
9536,37,249,16766.29758227
9537,37,250,14741.65467868
9538,37,251,14403.49809988
9539,37,252,9769.51760833
9540,37,253,8887.90730863
9541,37,254,16961.77953038
9542,37,255,16738.95369241
9543,37,256,13813.70718485
9544,37,257,12941.88988436
9545,37,258,10414.02418121
9546,38,1,4086.502672
9547,38,2,4728.42259083
9548,38,3,3989.54210331
9549,38,4,4695.55002711
9550,38,5,4397.50674093
9551,38,6,4278.22191257
9552,38,7,7183.03083523
9553,38,8,4388.51206005
9554,38,9,4045.6972187
9555,38,10,8238.58078659
9556,38,11,6402.58843817
9557,38,12,5197.32524372
9558,38,13,4180.63488127
9559,38,14,4298.58938306
9560,38,15,4950.16896717
9561,38,16,5304.93295875
9562,38,17,11929.99199509
9563,38,18,10987.85300357
9564,38,19,1847.32456744
9565,38,20,7858.15306077
9566,38,21,14562.62561097
9567,38,22,8672.11091696
9568,38,23,2802.09695287
9569,38,24,1021.03953461
9570,38,25,5658.65329561
9571,38,26,6523.6769394
9572,38,27,13367.93691324
9573,38,28,8770.12235964
9574,38,29,5715.57318897
9575,38,30,10099.58533633
9576,38,31,795.22966543
9577,38,32,4804.62593188
9578,38,33,16290.09317037
9579,38,34,6682.86844091
9580,38,35,2921.23617924
9581,38,36,10702.48874166
9582,38,37,11280.41704142
9583,38,38,0.0
9584,38,39,3619.3324661
9585,38,40,22075.78726864
9586,38,41,14733.0105508
9587,38,42,11608.97776466
9588,38,43,27159.47490279
9589,38,44,14660.13308051
9590,38,45,10385.39316175
9591,38,46,12807.29019679
9592,38,47,32831.29690505
9593,38,48,33930.86458772
9594,38,49,9245.05809686
9595,38,50,29338.76079713
9596,38,51,7386.57067285
9597,38,52,7322.25788685
9598,38,53,4795.92492134
9599,38,54,8065.38705844
9600,38,55,17892.17822623
9601,38,56,10282.25871881
9602,38,57,9289.22821798
9603,38,58,7369.70119444
9604,38,59,8913.30386139
9605,38,60,5536.15334355
9606,38,61,11197.88797579
9607,38,62,12058.49582632
9608,38,63,4513.65536034
9609,38,64,20501.90293389
9610,38,65,5068.26833457
9611,38,66,5861.74641158
9612,38,67,11680.37625931
9613,38,68,10550.48978166
9614,38,69,36957.08293472
9615,38,70,15794.47887661
9616,38,71,46497.05550759
9617,38,72,24302.46402712
9618,38,73,48163.68054238
9619,38,74,38501.73318216
9620,38,75,26345.25097964
9621,38,76,44433.1585312
9622,38,77,49587.5289191
9623,38,78,50013.53627741
9624,38,79,28519.79120624
9625,38,80,42583.88854646
9626,38,81,41138.35045918
9627,38,82,30733.79296882
9628,38,83,12688.92060963
9629,38,84,43582.02866187
9630,38,85,33082.77456413
9631,38,86,11913.07922611
9632,38,87,13700.90928738
9633,38,88,11060.91960893
9634,38,89,14128.38356161
9635,38,90,5008.86171268
9636,38,91,5171.94969991
9637,38,92,7658.22596806
9638,38,93,7458.98879692
9639,38,94,5984.88741687
9640,38,95,5775.49612744
9641,38,96,14301.10892738
9642,38,97,18654.17753035
9643,38,98,17385.17990069
9644,38,99,6738.12213117
9645,38,100,12929.98874497
9646,38,101,5404.3815176
9647,38,102,6522.83010279
9648,38,103,19721.28505531
9649,38,104,10728.54907259
9650,38,105,6460.41000385
9651,38,106,7140.2420031
9652,38,107,5241.21453792
9653,38,108,15949.70797842
9654,38,109,9325.06639842
9655,38,110,19304.65383065
9656,38,111,12217.81308218
9657,38,112,7827.36866717
9658,38,113,20461.4627891
9659,38,114,8856.55276301
9660,38,115,22938.73005271
9661,38,116,3024.95536227
9662,38,117,9593.42717105
9663,38,118,16660.62443459
9664,38,119,24680.41035737
9665,38,120,14266.89452481
9666,38,121,10368.1383026
9667,38,122,17582.16705658
9668,38,123,3180.17395366
9669,38,124,3187.9905305
9670,38,125,6050.75812034
9671,38,126,15133.43120175
9672,38,127,2981.51316966
9673,38,128,11212.2533117
9674,38,129,6963.46904709
9675,38,130,5381.72916406
9676,38,131,20828.86290417
9677,38,132,3450.46411157
9678,38,133,21504.45438242
9679,38,134,18126.03823044
9680,38,135,14128.65236582
9681,38,136,11987.97328588
9682,38,137,12320.45055963
9683,38,138,14014.27774094
9684,38,139,13083.10447867
9685,38,140,11258.19229554
9686,38,141,12251.50071028
9687,38,142,17227.0071471
9688,38,143,19000.9881972
9689,38,144,15599.71964902
9690,38,145,17636.17366137
9691,38,146,11914.7561492
9692,38,147,2160.56372767
9693,38,148,9846.79285482
9694,38,149,1669.18558859
9695,38,150,15750.52401802
9696,38,151,4303.06974329
9697,38,152,9175.23687631
9698,38,153,2788.94398872
9699,38,154,895.48090444
9700,38,155,12673.47745579
9701,38,156,8257.87297456
9702,38,157,579.930944
9703,38,158,17338.9711756
9704,38,159,9223.44116213
9705,38,160,14144.5055499
9706,38,161,11429.61357371
9707,38,162,10795.28136632
9708,38,163,5978.24518069
9709,38,164,8438.67433796
9710,38,165,3252.75493307
9711,38,166,6793.86618997
9712,38,167,1683.9096224
9713,38,168,33201.56258545
9714,38,169,31205.4596495
9715,38,170,31947.20203533
9716,38,171,34432.49813519
9717,38,172,32661.63910227
9718,38,173,33405.7760798
9719,38,174,34833.6471096
9720,38,175,33514.40178122
9721,38,176,34181.71802632
9722,38,177,32537.80228192
9723,38,178,22617.51772841
9724,38,179,18273.97747645
9725,38,180,24744.0233655
9726,38,181,30169.68065834
9727,38,182,33985.79054449
9728,38,183,38521.17201368
9729,38,184,27152.69344517
9730,38,185,20247.44235292
9731,38,186,32884.13890368
9732,38,187,37244.22170039
9733,38,188,40390.40263815
9734,38,189,38301.51124708
9735,38,190,37851.73549931
9736,38,191,38183.65680593
9737,38,192,38809.51700883
9738,38,193,38178.48323448
9739,38,194,38023.54322221
9740,38,195,38347.99659394
9741,38,196,40678.22421675
9742,38,197,38876.63604903
9743,38,198,18228.67803317
9744,38,199,21259.08867664
9745,38,200,49197.49910286
9746,38,201,34025.22143153
9747,38,202,58657.31269071
9748,38,203,53959.39858139
9749,38,204,45704.7743424
9750,38,205,37963.06326021
9751,38,206,30045.77691475
9752,38,207,62266.60963308
9753,38,208,24140.94387452
9754,38,209,6667.75518795
9755,38,210,6551.54978506
9756,38,211,8772.2442039
9757,38,212,44473.65241596
9758,38,213,52110.98504757
9759,38,214,40653.90696628
9760,38,215,23296.32075027
9761,38,216,12389.34074345
9762,38,217,17871.19632907
9763,38,218,19574.21879664
9764,38,219,47922.79351506
9765,38,220,52134.87747706
9766,38,221,15209.53743991
9767,38,222,31070.66397674
9768,38,223,9554.96009038
9769,38,224,56758.78867025
9770,38,225,14555.57484198
9771,38,226,36832.39710856
9772,38,227,25520.78270894
9773,38,228,58836.23585394
9774,38,229,42911.38941047
9775,38,230,45246.92224612
9776,38,231,5826.21848514
9777,38,232,6027.04071004
9778,38,233,5615.7103648
9779,38,234,6778.67420301
9780,38,235,6300.92076687
9781,38,236,5376.07085445
9782,38,237,6605.68913153
9783,38,238,21700.3380949
9784,38,239,13055.64346939
9785,38,240,20354.85328132
9786,38,241,3183.88315439
9787,38,242,9055.76360306
9788,38,243,1775.93767612
9789,38,244,17281.16699344
9790,38,245,16309.16306388
9791,38,246,18301.9017345
9792,38,247,13532.7497632
9793,38,248,15366.38820976
9794,38,249,21021.07701782
9795,38,250,20555.32920754
9796,38,251,12513.10770205
9797,38,252,4262.64842576
9798,38,253,2688.86379509
9799,38,254,19018.36007363
9800,38,255,19590.84925702
9801,38,256,20271.42638814
9802,38,257,14073.73730311
9803,38,258,7111.05279755
9804,39,1,7012.27877035
9805,39,2,6879.73371783
9806,39,3,7272.7123954
9807,39,4,8261.18387643
9808,39,5,6992.7736046
9809,39,6,7375.19604655
9810,39,7,8407.25639725
9811,39,8,7993.08403822
9812,39,9,7574.6320644
9813,39,10,9919.3899324
9814,39,11,7789.00705414
9815,39,12,7099.00431291
9816,39,13,6648.8596973
9817,39,14,7746.04577091
9818,39,15,8568.00683375
9819,39,16,6695.76028855
9820,39,17,14951.73521664
9821,39,18,14091.89552317
9822,39,19,5429.06687108
9823,39,20,11305.59533867
9824,39,21,17477.44895675
9825,39,22,5808.90506237
9826,39,23,841.0113782
9827,39,24,2642.98500214
9828,39,25,9143.27507754
9829,39,26,3402.74651397
9830,39,27,16341.03190415
9831,39,28,12100.85952548
9832,39,29,2341.70045446
9833,39,30,13289.37117244
9834,39,31,4395.69086914
9835,39,32,8304.18750702
9836,39,33,19182.77454513
9837,39,34,10196.97215294
9838,39,35,6495.52925414
9839,39,36,8040.4479713
9840,39,37,8795.29542294
9841,39,38,3619.3324661
9842,39,39,0.0
9843,39,40,24861.63633821
9844,39,41,17485.49032158
9845,39,42,13694.60210447
9846,39,43,30010.44825376
9847,39,44,17289.24653156
9848,39,45,12520.08901298
9849,39,46,14974.65202671
9850,39,47,35647.97673265
9851,39,48,36734.92247149
9852,39,49,11022.32055718
9853,39,50,32198.62971657
9854,39,51,8939.74225355
9855,39,52,8385.25239455
9856,39,53,2869.01591462
9857,39,54,8904.93079342
9858,39,55,14307.83858221
9859,39,56,11226.53307479
9860,39,57,5708.49077551
9861,39,58,3752.18830227
9862,39,59,9741.2851958
9863,39,60,6554.48125414
9864,39,61,12689.83787094
9865,39,62,8505.90702406
9866,39,63,4241.86297411
9867,39,64,16891.44068457
9868,39,65,5352.77310834
9869,39,66,2416.55438068
9870,39,67,9000.60013995
9871,39,68,8084.56961549
9872,39,69,33348.09674953
9873,39,70,12707.99630745
9874,39,71,42879.7218764
9875,39,72,20855.65054142
9876,39,73,44549.74547575
9877,39,74,34892.04180746
9878,39,75,22857.08956436
9879,39,76,40815.01283939
9880,39,77,46002.92169724
9881,39,78,46406.46527151
9882,39,79,24993.98159264
9883,39,80,38969.99206413
9884,39,81,37522.98006303
9885,39,82,27138.69529221
9886,39,83,12001.35408745
9887,39,84,39965.76383978
9888,39,85,29480.90717191
9889,39,86,11026.66464967
9890,39,87,10774.13029301
9891,39,88,9632.6775102
9892,39,89,13537.16418298
9893,39,90,6379.17957935
9894,39,91,8071.75369952
9895,39,92,7671.73801902
9896,39,93,10663.64323361
9897,39,94,9548.60056196
9898,39,95,7845.38934472
9899,39,96,12862.87516267
9900,39,97,17082.42798104
9901,39,98,15796.22123678
9902,39,99,10351.93557607
9903,39,100,11738.41227855
9904,39,101,8603.92700134
9905,39,102,10141.52107739
9906,39,103,18068.38551097
9907,39,104,10129.97180548
9908,39,105,6976.68828582
9909,39,106,10597.22654498
9910,39,107,7742.5674117
9911,39,108,14337.17611579
9912,39,109,8837.35926112
9913,39,110,19508.04272325
9914,39,111,13692.11628686
9915,39,112,11364.85915451
9916,39,113,20349.26293048
9917,39,114,10811.10891268
9918,39,115,22464.95915806
9919,39,116,6272.10323508
9920,39,117,13185.39484336
9921,39,118,17460.41440737
9922,39,119,24024.16569431
9923,39,120,15560.36930863
9924,39,121,13963.53635007
9925,39,122,18129.22973052
9926,39,123,6657.07539887
9927,39,124,6805.22139262
9928,39,125,8504.59308355
9929,39,126,16212.96393815
9930,39,127,5723.67430067
9931,39,128,14810.25029521
9932,39,129,9215.32659095
9933,39,130,8813.49203723
9934,39,131,20483.15089618
9935,39,132,6977.98760504
9936,39,133,21057.48976091
9937,39,134,16186.76106362
9938,39,135,12304.09511593
9939,39,136,9805.60340692
9940,39,137,8805.4164313
9941,39,138,10632.02628721
9942,39,139,11140.34885374
9943,39,140,8161.11910645
9944,39,141,8843.92614979
9945,39,142,15135.88366045
9946,39,143,17276.6494873
9947,39,144,13545.1594638
9948,39,145,16128.14591578
9949,39,146,8295.53788556
9950,39,147,5413.13822007
9951,39,148,13418.10040695
9952,39,149,3113.30043729
9953,39,150,19276.37684973
9954,39,151,7900.21383493
9955,39,152,12768.43541306
9956,39,153,6225.24027981
9957,39,154,3749.02402785
9958,39,155,16116.39511279
9959,39,156,7165.23148423
9960,39,157,3574.35282561
9961,39,158,20849.33988295
9962,39,159,7998.54233203
9963,39,160,17637.27165896
9964,39,161,14919.48880995
9965,39,162,14320.79745618
9966,39,163,5209.25215958
9967,39,164,12044.0642139
9968,39,165,3602.6340483
9969,39,166,6013.33036013
9970,39,167,4668.9231473
9971,39,168,36363.20430074
9972,39,169,34279.69035294
9973,39,170,35086.36331104
9974,39,171,37623.70282483
9975,39,172,35983.35008312
9976,39,173,36696.132728
9977,39,174,38092.27998322
9978,39,175,36954.70209618
9979,39,176,37692.29111832
9980,39,177,35906.34159283
9981,39,178,20583.86074395
9982,39,179,16474.97632094
9983,39,180,22691.59655133
9984,39,181,28423.31271118
9985,39,182,32425.33499849
9986,39,183,36933.08160917
9987,39,184,25252.81388339
9988,39,185,18410.79430051
9989,39,186,31246.36261729
9990,39,187,35681.60722293
9991,39,188,41861.06401124
9992,39,189,39230.08825286
9993,39,190,37993.21047222
9994,39,191,38861.10066141
9995,39,192,40116.29066693
9996,39,193,38746.80075386
9997,39,194,38386.05656142
9998,39,195,39480.50884073
9999,39,196,42350.21249598
10000,39,197,38881.9124606
10001,39,198,20763.66054934
10002,39,199,23783.08300437
10003,39,200,50766.04552645
10004,39,201,36071.11255769
10005,39,202,60004.75857447
10006,39,203,55378.2879185
10007,39,204,47351.13500238
10008,39,205,39681.67247887
10009,39,206,32291.08141348
10010,39,207,63694.60041202
10011,39,208,26455.56751061
10012,39,209,4813.07851539
10013,39,210,7500.64309239
10014,39,211,5237.73062457
10015,39,212,40861.22396643
10016,39,213,48495.60328774
10017,39,214,40558.49414863
10018,39,215,23012.51987664
10019,39,216,11959.98153609
10020,39,217,17693.45642127
10021,39,218,19219.51084553
10022,39,219,47347.838939
10023,39,220,51449.90850032
10024,39,221,15358.99399573
10025,39,222,31175.44199339
10026,39,223,9431.88710739
10027,39,224,55962.19642808
10028,39,225,14243.50350757
10029,39,226,36896.19023249
10030,39,227,25469.46930853
10031,39,228,57978.10503028
10032,39,229,42618.54092647
10033,39,230,44815.27921473
10034,39,231,6674.01997103
10035,39,232,7007.40992487
10036,39,233,6310.13419476
10037,39,234,8163.550639
10038,39,235,7447.16200188
10039,39,236,5892.09290916
10040,39,237,7895.73267709
10041,39,238,21774.12822845
10042,39,239,14618.09521611
10043,39,240,20944.86180335
10044,39,241,5613.85958705
10045,39,242,10772.28879852
10046,39,243,2907.27481383
10047,39,244,18399.64419798
10048,39,245,17358.28962016
10049,39,246,19471.33502876
10050,39,247,14787.40809353
10051,39,248,16444.46689336
10052,39,249,21462.08312075
10053,39,250,20477.95971486
10054,39,251,14361.93798686
10055,39,252,5972.92750399
10056,39,253,1260.58559255
10057,39,254,20058.83117762
10058,39,255,20413.55477994
10059,39,256,19969.8106193
10060,39,257,15111.48445509
10061,39,258,8719.73539239
10062,40,1,18021.53400832
10063,40,2,24266.56387121
10064,40,3,18137.80401346
10065,40,4,19814.93025759
10066,40,5,23349.43965023
10067,40,6,22091.21276766
10068,40,7,17288.25880051
10069,40,8,18682.50874896
10070,40,9,18486.17829019
10071,40,10,15543.00291411
10072,40,11,17591.412102
10073,40,12,17855.23287277
10074,40,13,18223.43529761
10075,40,14,20746.55371792
10076,40,15,18884.51638499
10077,40,16,25634.83650552
10078,40,17,10231.54777038
10079,40,18,11253.40959409
10080,40,19,20469.07928362
10081,40,20,15020.5251004
10082,40,21,7544.48645923
10083,40,22,30589.26076201
10084,40,23,24101.69214218
10085,40,24,22981.35440657
10086,40,25,16988.25039432
10087,40,26,28244.98064527
10088,40,27,8774.74591378
10089,40,28,13811.02781734
10090,40,29,27200.16027785
10091,40,30,12248.16640638
10092,40,31,21382.20457846
10093,40,32,17754.26203861
10094,40,33,5822.21946892
10095,40,34,16293.57634736
10096,40,35,19573.49108518
10097,40,36,32724.74181098
10098,40,37,33345.53267538
10099,40,38,22075.78726864
10100,40,39,24861.63633821
10101,40,40,0.0
10102,40,41,7378.0105937
10103,40,42,11755.76048044
10104,40,43,5174.63648541
10105,40,44,7613.69387912
10106,40,45,12712.20590797
10107,40,46,10499.99146587
10108,40,47,10786.48458387
10109,40,48,11875.8576936
10110,40,49,14504.51449355
10111,40,50,7358.94074428
10112,40,51,16494.03746952
10113,40,52,17508.58521199
10114,40,53,23453.52699281
10115,40,54,17502.23192171
10116,40,55,38091.15326538
10117,40,56,15966.93143667
10118,40,57,30088.31734977
10119,40,58,27860.23671984
10120,40,59,17033.51958114
10121,40,60,18872.30358626
10122,40,61,13789.91995215
10123,40,62,32825.02712376
10124,40,63,21412.11729849
10125,40,64,40146.20743993
10126,40,65,20322.887693
10127,40,66,25971.81274309
10128,40,67,26963.95119152
10129,40,68,25767.80821328
10130,40,69,54518.42781284
10131,40,70,31147.37795618
10132,40,71,64154.41754202
10133,40,72,40381.9187634
10134,40,73,65537.19042376
10135,40,74,56022.17256473
10136,40,75,42608.40978742
10137,40,76,62234.30451687
10138,40,77,65930.09781877
10139,40,78,67015.66908977
10140,40,79,45019.79029327
10141,40,80,60137.39664466
10142,40,81,58828.79752373
10143,40,82,48222.90893395
10144,40,83,20621.21892034
10145,40,84,61246.34629549
10146,40,85,50607.59474396
10147,40,86,21244.89864318
10148,40,87,29032.37897455
10149,40,88,22838.56758419
10150,40,89,20372.46353299
10151,40,90,18758.82016135
10152,40,91,16928.43532316
10153,40,92,19528.73943114
10154,40,93,21546.8650544
10155,40,94,19307.6855472
10156,40,95,17088.09200025
10157,40,96,23603.30883245
10158,40,97,25846.11001371
10159,40,98,25348.09234531
10160,40,99,17333.00646926
10161,40,100,22387.21564624
10162,40,101,16721.0961918
10163,40,102,17957.44081726
10164,40,103,26753.42120478
10165,40,104,20364.69966465
10166,40,105,19116.21096429
10167,40,106,19964.6023645
10168,40,107,17122.13995122
10169,40,108,24855.01015359
10170,40,109,20235.42453058
10171,40,110,17523.07557569
10172,40,111,13186.7978694
10173,40,112,19028.02352185
10174,40,113,19454.72234646
10175,40,114,14454.2722147
10176,40,115,22331.93633404
10177,40,116,19058.88382007
10178,40,117,17662.8695766
10179,40,118,14384.26628559
10180,40,119,24193.8698772
10181,40,120,12782.78983748
10182,40,121,17379.58670463
10183,40,122,15587.39790884
10184,40,123,19097.72604021
10185,40,124,19968.33861122
10186,40,125,16357.77092727
10187,40,126,13389.57792632
10188,40,127,19252.7554736
10189,40,128,17121.04252447
10190,40,129,15704.6972816
10191,40,130,20530.56038413
10192,40,131,20790.25341706
10193,40,132,20629.1872246
10194,40,133,21573.74966218
10195,40,134,40048.93531905
10196,40,135,36057.87936502
10197,40,136,34052.63077584
10198,40,137,30941.23739882
10199,40,138,31421.47758398
10200,40,139,35079.25654452
10201,40,140,33022.67672094
10202,40,141,33522.1352744
10203,40,142,39229.6576661
10204,40,143,40770.25455502
10205,40,144,37604.25209493
10206,40,145,39264.83951865
10207,40,146,31847.62000701
10208,40,147,21995.3941205
10209,40,148,14637.29725933
10210,40,149,21797.28214054
10211,40,150,11049.69567421
10212,40,151,19667.01837626
10213,40,152,15409.94746495
10214,40,153,21296.90240498
10215,40,154,22675.91145998
10216,40,155,11404.28626414
10217,40,156,21829.89230916
10218,40,157,21760.74823648
10219,40,158,10318.57499079
10220,40,159,22120.43032341
10221,40,160,11138.54111011
10222,40,161,12668.75564966
10223,40,162,13455.85479703
10224,40,163,21587.73370077
10225,40,164,16103.40312451
10226,40,165,21434.05369653
10227,40,166,21401.63055521
10228,40,167,22537.64443989
10229,40,168,12476.17944936
10230,40,169,10018.53249097
10231,40,170,11139.62790721
10232,40,171,13853.00623484
10233,40,172,13501.2485846
10234,40,173,13805.42502676
10235,40,174,14792.97899149
10236,40,175,15939.45237917
10237,40,176,17902.6423259
10238,40,177,14000.41344924
10239,40,178,30337.174031
10240,40,179,26700.26085121
10241,40,180,31839.37809823
10242,40,181,33923.05216046
10243,40,182,35677.15335876
10244,40,183,39453.18759431
10245,40,184,32647.88845127
10246,40,185,27921.29680274
10247,40,186,35303.37245684
10248,40,187,38258.40554053
10249,40,188,22644.05417764
10250,40,189,23910.21752734
10251,40,190,28283.35301869
10252,40,191,25307.77385268
10253,40,192,22155.70121688
10254,40,193,25958.81617663
10255,40,194,27077.64417166
10256,40,195,22757.33557176
10257,40,196,21874.75808923
10258,40,197,29924.12736275
10259,40,198,4539.93821914
10260,40,199,2624.82034014
10261,40,200,30291.31362518
10262,40,201,14044.47943823
10263,40,202,40304.25077705
10264,40,203,35487.69983046
10265,40,204,26647.63508998
10266,40,205,19195.28974303
10267,40,206,9552.02795317
10268,40,207,43442.92970145
10269,40,208,4843.40352862
10270,40,209,23377.33543589
10271,40,210,18261.20166446
10272,40,211,28319.60358085
10273,40,212,63143.72559944
10274,40,213,70465.60062083
10275,40,214,31972.12195171
10276,40,215,21457.13947809
10277,40,216,19735.21591902
10278,40,217,19133.34397647
10279,40,218,20419.08806469
10280,40,219,41045.49633011
10281,40,220,45436.11938693
10282,40,221,17434.4880061
10283,40,222,23546.1367213
10284,40,223,19227.75696292
10285,40,224,50292.5280714
10286,40,225,19318.62892318
10287,40,226,27961.44724806
10288,40,227,21202.76384623
10289,40,228,52570.87028509
10290,40,229,35039.42203215
10291,40,230,37860.34574649
10292,40,231,18941.18377416
10293,40,232,18575.61081431
10294,40,233,19337.18190348
10295,40,234,17294.90324588
10296,40,235,18088.09916315
10297,40,236,19778.46669375
10298,40,237,17601.31377595
10299,40,238,40616.26734252
10300,40,239,29868.1344329
10301,40,240,38175.63728672
10302,40,241,23432.19558831
10303,40,242,27049.89557169
10304,40,243,23826.46148062
10305,40,244,34203.24108616
10306,40,245,33646.07425469
10307,40,246,34846.30143304
10308,40,247,31036.73792723
10309,40,248,32847.21759286
10310,40,249,39134.26958117
10311,40,250,39916.89253463
10312,40,251,28663.15057399
10313,40,252,24733.87586958
10314,40,253,24503.66875148
10315,40,254,35804.23661469
10316,40,255,36901.25022349
10317,40,256,40102.34128837
10318,40,257,31978.88374773
10319,40,258,26240.94295219
10320,41,1,10661.80012107
10321,41,2,17244.12979821
10322,41,3,10837.11127297
10323,41,4,12876.91556519
10324,41,5,16344.90868731
10325,41,6,15120.34504552
10326,41,7,10151.64358368
10327,41,8,11586.81161278
10328,41,9,11288.34560085
10329,41,10,8419.14778857
10330,41,11,10360.03691806
10331,41,12,10510.7522895
10332,41,13,10845.43324219
10333,41,14,13780.44455903
10334,41,15,11922.97347864
10335,41,16,18564.5255501
10336,41,17,3231.83521776
10337,41,18,4282.81450355
10338,41,19,13177.5171879
10339,41,20,8151.40823371
10340,41,21,1158.377009
10341,41,22,23212.5357633
10342,41,23,16723.77252706
10343,41,24,15622.1579182
10344,41,25,9886.90173994
10345,41,26,20867.103046
10346,41,27,1986.69173195
10347,41,28,6900.80226714
10348,41,29,19824.95509176
10349,41,30,5304.16336746
10350,41,31,14057.83211827
10351,41,32,10591.57938132
10352,41,33,1935.95548307
10353,41,34,9346.98614912
10354,41,35,12331.86325737
10355,41,36,25354.36185052
10356,41,37,25985.56208133
10357,41,38,14733.0105508
10358,41,39,17485.49032158
10359,41,40,7378.0105937
10360,41,41,0.0
10361,41,42,4963.04231223
10362,41,43,12527.46850644
10363,41,44,826.1240085
10364,41,45,5639.09997578
10365,41,46,3983.74236693
10366,41,47,18164.14393423
10367,41,48,19253.7738234
10368,41,49,7472.76108909
10369,41,50,14715.94867393
10370,41,51,9316.3406726
10371,41,52,10413.02625778
10372,41,53,16155.87346523
10373,41,54,10543.52686852
10374,41,55,30888.13177284
10375,41,56,9446.54792915
10376,41,57,22761.85578944
10377,41,58,20536.9846918
10378,41,59,10225.88150203
10379,41,60,11615.3265387
10380,41,61,7336.45557921
10381,41,62,25519.44366962
10382,41,63,14122.92316471
10383,41,64,33041.28045527
10384,41,65,13066.15998416
10385,41,66,18648.71003775
10386,41,67,20221.38106153
10387,41,68,18964.39179596
10388,41,69,47932.39692002
10389,41,70,24589.20172541
10390,41,71,57607.95976997
10391,41,72,33937.70566837
10392,41,73,59064.60193354
10393,41,74,49456.4788254
10394,41,75,36165.95264543
10395,41,76,55644.39159414
10396,41,77,59708.29131641
10397,41,78,60639.73070406
10398,41,79,38564.27414099
10399,41,80,53591.90748911
10400,41,81,52244.01339946
10401,41,82,41596.59406239
10402,41,83,14683.09283797
10403,41,84,54682.17269275
10404,41,85,43996.75860871
10405,41,86,15071.51224496
10406,41,87,22387.59169001
10407,41,88,16366.65257578
10408,41,89,14845.45022446
10409,41,90,11447.4429114
10410,41,91,9569.29237227
10411,41,92,12572.3989848
10412,41,93,15123.87298043
10413,41,94,12585.47276259
10414,41,95,9742.05754108
10415,41,96,17756.43290433
10416,41,97,20784.35591131
10417,41,98,20029.12216025
10418,41,99,10606.60128196
10419,41,100,16350.54727021
10420,41,101,9434.26217715
10421,41,102,11252.36478276
10422,41,103,21820.67453902
10423,41,104,13978.30965918
10424,41,105,11976.84131875
10425,41,106,13505.18775386
10426,41,107,9744.57434772
10427,41,108,19243.68969042
10428,41,109,13566.56979665
10429,41,110,14272.76135627
10430,41,111,7097.93709199
10431,41,112,12715.54901215
10432,41,113,16260.70226815
10433,41,114,7298.78535306
10434,41,115,19408.90057343
10435,41,116,11730.10463586
10436,41,117,11812.46243391
10437,41,118,10476.52278791
10438,41,119,21440.63153025
10439,41,120,7725.14572249
10440,41,121,11776.6722609
10441,41,122,11940.91090658
10442,41,123,11827.24749296
10443,41,124,12807.5256403
10444,41,125,8983.75045552
10445,41,126,8794.2381671
10446,41,127,11881.36867909
10447,41,128,11811.01553582
10448,41,129,8361.94399547
10449,41,130,13733.65046045
10450,41,131,17438.30701591
10451,41,132,13541.96661479
10452,41,133,18296.20325603
10453,41,134,32784.58498222
10454,41,135,28786.29954088
10455,41,136,26720.37324993
10456,41,137,23860.20326662
10457,41,138,24526.11580037
10458,41,139,27781.93056951
10459,41,140,25646.13801241
10460,41,141,26175.0722324
10461,41,142,31932.64506049
10462,41,143,33559.38415906
10463,41,144,30305.39541677
10464,41,145,32093.28788249
10465,41,146,24620.86861001
10466,41,147,14791.43236881
10467,41,148,8563.50650463
10468,41,149,14419.39831962
10469,41,150,8054.73335806
10470,41,151,12654.01878822
10471,41,152,9197.01555261
10472,41,153,14149.68797717
10473,41,154,15363.28316313
10474,41,155,6161.30177368
10475,41,156,14936.4026358
10476,41,157,14401.2362136
10477,41,158,8516.42936108
10478,41,159,15365.42584077
10479,41,160,6974.71471642
10480,41,161,6950.02840455
10481,41,162,7583.19475896
10482,41,163,14418.41061457
10483,41,164,9728.54584626
10484,41,165,14081.19943063
10485,41,166,14323.31124518
10486,41,167,15286.28112473
10487,41,168,19267.13182398
10488,41,169,17005.2138537
10489,41,170,17947.68116426
10490,41,171,20595.45357992
10491,41,172,19516.05867722
10492,41,173,20056.01898942
10493,41,174,21288.69046379
10494,41,175,21247.42064481
10495,41,176,22667.11321604
10496,41,177,19712.50562763
10497,41,178,25489.36889254
10498,41,179,21387.53300499
10499,41,180,27258.97939326
10500,41,181,30460.29862885
10501,41,182,32968.67232046
10502,41,183,37154.69440674
10503,41,184,28580.10730984
10504,41,185,22911.11584902
10505,41,186,32337.73728056
10506,41,187,35886.58831796
10507,41,188,27510.8190917
10508,41,189,27131.23058589
10509,41,190,29492.33388607
10510,41,191,27865.20993278
10511,41,192,26443.48568442
10512,41,193,28240.73549732
10513,41,194,28833.85629367
10514,41,195,26525.98307442
10515,41,196,27283.6945459
10516,41,197,30946.63948331
10517,41,198,3735.04573636
10518,41,199,6660.6040342
10519,41,200,35876.42852248
10520,41,201,19965.57900029
10521,41,202,45717.14740884
10522,41,203,40914.25710281
10523,41,204,32265.65380965
10524,41,205,24527.29594108
10525,41,206,15699.80412868
10526,41,207,49096.96328643
10527,41,208,9823.96237041
10528,41,209,16232.3460382
10529,41,210,11095.25364455
10530,41,211,21080.35607213
10531,41,212,56362.89894948
10532,41,213,63785.10219685
10533,41,214,32968.68101175
10534,41,215,18896.78827876
10535,41,216,13783.82789092
10536,41,217,15005.41465284
10537,41,218,16678.08417046
10538,41,219,41623.05958495
10539,41,220,46054.30130089
10540,41,221,12560.61393538
10541,41,222,23575.10731122
10542,41,223,12620.11978181
10543,41,224,50922.65618707
10544,41,225,14027.77851316
10545,41,226,28854.75287459
10546,41,227,19623.8227746
10547,41,228,53166.95165862
10548,41,229,35821.56229829
10549,41,230,38543.28286358
10550,41,231,11718.31239254
10551,41,232,11358.831487
10552,41,233,12106.92748075
10553,41,234,10093.79349748
10554,41,235,10877.87769734
10555,41,236,12537.74662483
10556,41,237,10399.22629314
10557,41,238,34157.34063674
10558,41,239,23617.75043263
10559,41,240,31949.69795597
10560,41,241,16281.46513015
10561,41,242,20422.22978304
10562,41,243,16494.39970523
10563,41,244,28093.82506306
10564,41,245,27421.25698575
10565,41,246,28848.43646339
10566,41,247,24684.63696422
10567,41,248,26563.7606133
10568,41,249,32853.99634825
10569,41,250,33335.90928388
10570,41,251,22495.56122326
10571,41,252,17613.2502279
10572,41,253,17130.44614271
10573,41,254,29776.0750023
10574,41,255,30772.98622275
10575,41,256,33405.54839618
10576,41,257,25571.98154691
10577,41,258,19376.50742243
10578,42,1,7676.19119024
10579,42,2,15162.96086725
10580,42,3,8282.14572631
10581,42,4,11337.6815965
10582,42,5,14360.18781579
10583,42,6,13301.16519362
10584,42,7,5590.94408688
10585,42,8,9764.56628234
10586,42,9,9152.92942645
10587,42,10,3872.28562258
10588,42,11,6007.0750418
10589,42,12,6624.4169509
10590,42,13,7430.3012264
10591,42,14,12083.11851833
10592,42,15,10434.50822219
10593,42,16,16296.45336067
10594,42,17,4886.79170353
10595,42,18,5180.70621463
10596,42,19,10452.99916516
10597,42,20,7593.74225991
10598,42,21,5667.59683502
10599,42,22,19503.13704309
10600,42,23,13026.97741682
10601,42,24,12323.47788028
10602,42,25,8295.6789918
10603,42,26,17087.38574082
10604,42,27,5239.93194359
10605,42,28,6628.72369415
10606,42,29,15972.05676766
10607,42,30,5647.19638146
10608,42,31,11092.87433505
10609,42,32,8678.97799671
10610,42,33,6894.93329247
10611,42,34,8309.64633715
10612,42,35,9908.46656556
10613,42,36,21730.48375495
10614,42,37,22457.08150065
10615,42,38,11608.97776466
10616,42,39,13694.60210447
10617,42,40,11755.76048044
10618,42,41,4963.04231223
10619,42,42,0.0
10620,42,43,16903.21654861
10621,42,44,4366.01793387
10622,42,45,1224.62432252
10623,42,46,1300.25976091
10624,42,47,22381.69304401
10625,42,48,23435.00901292
10626,42,49,2784.28154933
10627,42,50,19067.18840455
10628,42,51,4859.00368787
10629,42,52,5780.50752831
10630,42,53,11892.91516695
10631,42,54,5747.63421931
10632,42,55,26361.62173033
10633,42,56,4484.7424053
10634,42,57,18544.88901703
10635,42,58,16322.76741451
10636,42,59,5324.58952374
10637,42,60,7302.12040165
10638,42,61,2424.07002814
10639,42,62,21219.0111823
10640,42,63,9860.28553887
10641,42,64,28390.6368659
10642,42,65,8723.84411573
10643,42,66,14450.10987947
10644,42,67,15326.42010534
10645,42,68,14091.48791122
10646,42,69,43015.94704086
10647,42,70,19651.54410639
10648,42,71,52685.89000092
10649,42,72,28989.63671987
10650,42,73,54129.2760916
10651,42,74,44536.04268777
10652,42,75,31218.76370497
10653,42,76,50731.36613542
10654,42,77,54747.88766946
10655,42,78,55691.44333517
10656,42,79,33619.93315956
10657,42,80,48668.53780253
10658,42,81,47328.76834908
10659,42,82,36687.19485543
10660,42,83,9794.3911501
10661,42,84,49763.05824447
10662,42,85,39084.59954576
10663,42,86,10127.26273231
10664,42,87,17466.19519717
10665,42,88,11406.99715096
10666,42,89,10102.89023136
10667,42,90,7334.13042156
10668,42,91,6721.83851972
10669,42,92,7777.80316479
10670,42,93,14379.02337036
10671,42,94,11558.2334896
10672,42,95,5918.72055612
10673,42,96,12863.37744499
10674,42,97,16121.51191701
10675,42,98,15277.99796586
10676,42,99,9851.21000839
10677,42,100,11423.97607998
10678,42,101,7155.57461394
10679,42,102,10438.76309726
10680,42,103,17194.796264
10681,42,104,9015.96076498
10682,42,105,7400.15897002
10683,42,106,12859.11437893
10684,42,107,6377.15437288
10685,42,108,14403.47843076
10686,42,109,8631.14170242
10687,42,110,10976.30609977
10688,42,111,2499.91888666
10689,42,112,12403.54051565
10690,42,113,12822.32745057
10691,42,114,2885.0847368
10692,42,115,15943.08221909
10693,42,116,8906.8016029
10694,42,117,12287.52080661
10695,42,118,7226.72428832
10696,42,119,17981.05362345
10697,42,120,4092.38810783
10698,42,121,12565.72907479
10699,42,122,8645.98541389
10700,42,123,9323.18854559
10701,42,124,10643.16792017
10702,42,125,5574.57116116
10703,42,126,5314.34026437
10704,42,127,8629.37341025
10705,42,128,12927.76373313
10706,42,129,4646.45695116
10707,42,130,12427.05102046
10708,42,131,13814.89937533
10709,42,132,11541.41502347
10710,42,133,14669.31895503
10711,42,134,29643.8510464
10712,42,135,25664.66307271
10713,42,136,23362.22640553
10714,42,137,19185.54617641
10715,42,138,19708.59521346
10716,42,139,24573.28188582
10717,42,140,21759.22587553
10718,42,141,22028.22381338
10719,42,142,28678.93616148
10720,42,143,30580.31627487
10721,42,144,27060.6667312
10722,42,145,29241.20380671
10723,42,146,20142.41488958
10724,42,147,12322.05973381
10725,42,148,9357.29490214
10726,42,149,10844.2680413
10727,42,150,11625.6865047
10728,42,151,10946.83543334
10729,42,152,9634.29493708
10730,42,153,11916.53588628
10731,42,154,12395.9851174
10732,42,155,8659.03211567
10733,42,156,10101.88454232
10734,42,157,11152.66234507
10735,42,158,12549.79381845
10736,42,159,10463.35126204
10737,42,160,10092.94987912
10738,42,161,8671.51458679
10739,42,162,8917.30588036
10740,42,163,9874.90826783
10741,42,164,9792.54001681
10742,42,165,10111.93332201
10743,42,166,9650.70280346
10744,42,167,12607.12399633
10745,42,168,24038.30677057
10746,42,169,21688.3302232
10747,42,170,22707.34695968
10748,42,171,25387.5552862
10749,42,172,24444.01254674
10750,42,173,24956.1413189
10751,42,174,26148.51213321
10752,42,175,26210.36057982
10753,42,176,27607.40852021
10754,42,177,24664.50124481
10755,42,178,20851.09182783
10756,42,179,16622.81185902
10757,42,180,22707.43076948
10758,42,181,26373.61893976
10759,42,182,29227.77942893
10760,42,183,33568.89155097
10761,42,184,24233.53813947
10762,42,185,18239.71514337
10763,42,186,28472.81749045
10764,42,187,32279.56546751
10765,42,188,28886.68695817
10766,42,189,27323.02023523
10767,42,190,28220.78834385
10768,42,191,27566.20902309
10769,42,192,27425.75841864
10770,42,193,27737.97455087
10771,42,194,27951.77915581
10772,42,195,27130.05010964
10773,42,196,29089.99976733
10774,42,197,29503.94541397
10775,42,198,7322.85176876
10776,42,199,10251.59245111
10777,42,200,37632.76380459
10778,42,201,22454.35922611
10779,42,202,47187.11616375
10780,42,203,42455.8047666
10781,42,204,34118.82351808
10782,42,205,26366.41905258
10783,42,206,18598.44840209
10784,42,207,50748.0449142
10785,42,208,12767.13409653
10786,42,209,11643.08052457
10787,42,210,6575.74867776
10788,42,211,16635.36247648
10789,42,212,51509.15297997
10790,42,213,58898.4684036
10791,42,214,31449.81332391
10792,42,215,15691.39469801
10793,42,216,8902.67772203
10794,42,217,11042.02309336
10795,42,218,12853.9717892
10796,42,219,39651.64472715
10797,42,220,44043.52947588
10798,42,221,8285.73899849
10799,42,222,21781.91141371
10800,42,223,7668.70600992
10801,42,224,48861.58391398
10802,42,225,9422.56529169
10803,42,226,27397.42980502
10804,42,227,17012.57859949
10805,42,228,51061.80393944
10806,42,229,34092.32090377
10807,42,230,36693.40607219
10808,42,231,7311.93462643
10809,42,232,6944.44221629
10810,42,233,7711.80048935
10811,42,234,5670.03742811
10812,42,235,6457.4983612
10813,42,236,8161.70427243
10814,42,237,5970.18906058
10815,42,238,32617.77999496
10816,42,239,22645.94258658
10817,42,240,30780.12021038
10818,42,241,13899.10299922
10819,42,242,18992.41884864
10820,42,243,13365.13123688
10821,42,244,27171.52802187
10822,42,245,26361.80383572
10823,42,246,28050.20487505
10824,42,247,23527.70291908
10825,42,248,25446.90483789
10826,42,249,31592.25460651
10827,42,250,31624.73922971
10828,42,251,21684.70690644
10829,42,252,15251.79784697
10830,42,253,13610.33200565
10831,42,254,28915.55074085
10832,42,255,29759.16637065
10833,42,256,31506.13854722
10834,42,257,24305.03050662
10835,42,258,17546.763554
10836,43,1,23129.07492267
10837,43,2,29119.49196681
10838,43,3,23196.31538663
10839,43,4,24654.41691892
10840,43,5,28197.38480008
10841,43,6,26928.64296956
10842,43,7,22454.10027385
10843,43,8,23616.25895601
10844,43,9,23478.44134124
10845,43,10,20709.85946542
10846,43,11,22764.90572789
10847,43,12,23023.67058249
10848,43,13,23365.32268945
10849,43,14,25592.46325826
10850,43,15,23745.73389515
10851,43,16,30510.28988189
10852,43,17,15248.25824113
10853,43,18,16236.68551185
10854,43,19,25513.54566313
10855,43,20,19890.81243154
10856,43,21,12596.86982207
10857,43,22,35717.4467998
10858,43,23,29243.30476783
10859,43,24,28081.81298504
10860,43,25,21939.27463383
10861,43,26,33386.27090073
10862,43,27,13798.81264823
10863,43,28,18719.80601998
10864,43,29,32350.77340959
10865,43,30,17200.58529141
10866,43,31,26450.29089792
10867,43,32,22731.36907228
10868,43,33,10869.91354979
10869,43,34,21178.15969725
10870,43,35,24587.03756929
10871,43,36,37835.87267739
10872,43,37,38439.10858401
10873,43,38,27159.47490279
10874,43,39,30010.44825376
10875,43,40,5174.63648541
10876,43,41,12527.46850644
10877,43,42,16903.21654861
10878,43,43,0.0
10879,43,44,12787.51517533
10880,43,45,17880.12209733
10881,43,46,15633.87920142
10882,43,47,5678.33704288
10883,43,48,6784.31881134
10884,43,49,19664.02462947
10885,43,50,2188.48364457
10886,43,51,21664.55943249
10887,43,52,22669.25386826
10888,43,53,28628.07992388
10889,43,54,22642.57557939
10890,43,55,43255.42470278
10891,43,56,21033.26502751
10892,43,57,35261.47360188
10893,43,58,33033.60422563
10894,43,59,22148.94812647
10895,43,60,24046.58877747
10896,43,61,18868.0974066
10897,43,62,37999.60408937
10898,43,63,26586.73748251
10899,43,64,45288.82207036
10900,43,65,25496.96413975
10901,43,66,31145.06307816
10902,43,67,32024.25575363
10903,43,68,30848.61234335
10904,43,69,59471.09855531
10905,43,70,36136.62803189
10906,43,71,69080.3477608
10907,43,72,45303.19543083
10908,43,73,70429.9464621
10909,43,74,60964.76019636
10910,43,75,47523.6541525
10911,43,76,67180.36421623
10912,43,77,70709.98442478
10913,43,78,71864.16786593
10914,43,79,49934.97561119
10915,43,80,65066.96952113
10916,43,81,63776.11244497
10917,43,82,53199.71279572
10918,43,83,25481.37168767
10919,43,84,66182.60264083
10920,43,85,55575.10800032
10921,43,86,26169.80621425
10922,43,87,34056.74021828
10923,43,88,27838.89725237
10924,43,89,25104.12923639
10925,43,90,23932.30666253
10926,43,91,22037.19528405
10927,43,92,24662.68441691
10928,43,93,26095.92654782
10929,43,94,24042.79482017
10930,43,95,22255.94606231
10931,43,96,28397.95397622
10932,43,97,30316.36973241
10933,43,98,29927.45323919
10934,43,99,22100.6247336
10935,43,100,27258.06230961
10936,43,101,21775.88734512
10937,43,102,22704.74660641
10938,43,103,31156.93724764
10939,43,104,25358.83139262
10940,43,105,24280.30776196
10941,43,106,24558.59282222
10942,43,107,22267.98509008
10943,43,108,29551.2457546
10944,43,109,25303.69478652
10945,43,110,21494.66923959
10946,43,111,18207.88959072
10947,43,112,23568.35134099
10948,43,113,23310.78447382
10949,43,114,19625.10032175
10950,43,115,25947.4861138
10951,43,116,24135.88743262
10952,43,117,22023.01882109
10953,43,118,18774.81630402
10954,43,119,27660.84862906
10955,43,120,17590.80051974
10956,43,121,21636.2665368
10957,43,122,19817.66173563
10958,43,123,24132.11542386
10959,43,124,24930.2019939
10960,43,125,21511.02306112
10961,43,126,18047.08477084
10962,43,127,24373.94450124
10963,43,128,21253.92410281
10964,43,129,20872.91779077
10965,43,130,25288.10970335
10966,43,131,24661.61228136
10967,43,132,25543.93794424
10968,43,133,25382.5064992
10969,43,134,45035.0383313
10970,43,135,41055.3160382
10971,43,136,39111.50705998
10972,43,137,36083.80494499
10973,43,138,36515.52546457
10974,43,139,40101.68374617
10975,43,140,38169.72484679
10976,43,141,38691.65893868
10977,43,142,44247.5311065
10978,43,143,45708.46428534
10979,43,144,42625.49066262
10980,43,145,44172.90489783
10981,43,146,37016.84667278
10982,43,147,26974.0538918
10983,43,148,19199.28964843
10984,43,149,26934.70225706
10985,43,150,14691.40627045
10986,43,151,24547.90936806
10987,43,152,20000.89151542
10988,43,153,26243.086537
10989,43,154,27731.31352436
10990,43,155,15852.66660931
10991,43,156,26944.34193765
10992,43,157,26862.95307801
10993,43,158,13548.49333914
10994,43,159,27201.05083442
10995,43,160,15234.71466189
10996,43,161,17191.47495941
10997,43,162,17992.18041344
10998,43,163,26753.47778236
10999,43,164,20741.82787684
11000,43,165,26600.73611407
11001,43,166,26553.83856864
11002,43,167,27546.58200554
11003,43,168,7895.55005298
11004,43,169,5304.38193726
11005,43,170,6617.34560732
11006,43,171,9269.10303439
11007,43,172,9818.98252187
11008,43,173,9815.84313652
11009,43,174,10455.92076998
11010,43,175,12829.61783501
11011,43,176,15181.17082289
11012,43,177,10624.44395825
11013,43,178,34654.45211948
11014,43,179,31259.25712494
11015,43,180,36016.63009516
11016,43,181,37523.2099857
11017,43,182,38845.61381933
11018,43,183,42329.53594411
11019,43,184,36571.00837973
11020,43,185,32340.41258132
11021,43,186,38618.43698773
11022,43,187,41195.39984785
11023,43,188,20793.62233761
11024,43,189,23498.1080357
11025,43,190,29215.48393876
11026,43,191,25364.14567579
11027,43,192,20893.38285343
11028,43,193,26198.95431961
11029,43,194,27663.858239
11030,43,195,21935.58309079
11031,43,196,19497.46218582
11032,43,197,30927.99394967
11033,43,198,9610.25966469
11034,43,199,6971.25048034
11035,43,200,27453.43009555
11036,43,201,11617.7488086
11037,43,202,37468.38271863
11038,43,203,32708.63306957
11039,43,204,23868.07506843
11040,43,205,17050.6784325
11041,43,206,7534.4537822
11042,43,207,40340.4489929
11043,43,208,6595.27209432
11044,43,209,28538.29632752
11045,43,210,23429.15855908
11046,43,211,33490.98875688
11047,43,212,68166.26018721
11048,43,213,75442.99291019
11049,43,214,32928.67940924
11050,43,215,24932.40072512
11051,43,216,24611.10162449
11052,43,217,23389.99569341
11053,43,218,24472.83953779
11054,43,219,42079.40845087
11055,43,220,46369.06961934
11056,43,221,22017.7677612
11057,43,222,25475.84412436
11058,43,223,24287.30215666
11059,43,224,51150.86364237
11060,43,225,23992.07303609
11061,43,226,29125.89219989
11062,43,227,24188.51130055
11063,43,228,53425.81561882
11064,43,229,36060.93583886
11065,43,230,38884.94419161
11066,43,231,24113.70788301
11067,43,232,23747.85523866
11068,43,233,24510.06132894
11069,43,234,22466.65598736
11070,43,235,23260.09392837
11071,43,236,24951.85940864
11072,43,237,22772.96487862
11073,43,238,45015.11327324
11074,43,239,34213.7722176
11075,43,240,42436.37764644
11076,43,241,28369.88738942
11077,43,242,31646.41199402
11078,43,243,28897.02383863
11079,43,244,38421.31777301
11080,43,245,37940.6217272
11081,43,246,38989.25297505
11082,43,247,35432.34909959
11083,43,248,37184.89045612
11084,43,249,43423.93131997
11085,43,250,44400.76306317
11086,43,251,32973.18589411
11087,43,252,29646.0914346
11088,43,253,29624.48708292
11089,43,254,39957.5363524
11090,43,255,41108.75433384
11091,43,256,44663.77782313
11092,43,257,36399.99195201
11093,43,258,30985.05140026
11094,44,1,10574.50629425
11095,44,2,17375.20912564
11096,44,3,10828.72872429
11097,44,4,13064.6657212
11098,44,5,16487.09460269
11099,44,6,15281.93343679
11100,44,7,9728.83028513
11101,44,8,11713.16358178
11102,44,9,11358.34141609
11103,44,10,7984.68064295
11104,44,11,9992.4766823
11105,44,12,10248.58418515
11106,44,13,10680.86841238
11107,44,14,13951.20131485
11108,44,15,12108.13137288
11109,44,16,18670.02356631
11110,44,17,3597.81168643
11111,44,18,4605.80757073
11112,44,19,13166.44164977
11113,44,20,8415.72418034
11114,44,21,1962.42124115
11115,44,22,23050.73224076
11116,44,23,16545.2423431
11117,44,24,15520.72157425
11118,44,25,10024.57610301
11119,44,26,20683.84855091
11120,44,27,2570.52097869
11121,44,28,7171.34620371
11122,44,29,19622.09158372
11123,44,30,5601.17986611
11124,44,31,14010.15996178
11125,44,32,10688.55196006
11126,44,33,2589.22922183
11127,44,34,9563.25172773
11128,44,35,12365.44964734
11129,44,36,25215.99496966
11130,44,37,25869.43082272
11131,44,38,14660.13308051
11132,44,39,17289.24653156
11133,44,40,7613.69387912
11134,44,41,826.1240085
11135,44,42,4366.01793387
11136,44,43,12787.51517533
11137,44,44,0.0
11138,44,45,5164.16938972
11139,44,46,3288.09244615
11140,44,47,18380.86822163
11141,44,48,19460.39139023
11142,44,49,6990.64999944
11143,44,50,14972.63237184
11144,44,51,8913.65305104
11145,44,52,9971.1379017
11146,44,53,15841.40994936
11147,44,54,10046.94523997
11148,44,55,30516.34959486
11149,44,56,8824.14867106
11150,44,57,22474.6660323
11151,44,58,20246.54930854
11152,44,59,9679.40831171
11153,44,60,11266.94846238
11154,44,61,6682.41021395
11155,44,62,25212.91136745
11156,44,63,13800.83540977
11157,44,64,32625.95750305
11158,44,65,12718.67928341
11159,44,66,18358.14843199
11160,44,67,19684.59165369
11161,44,68,18441.15286538
11162,44,69,47381.0002953
11163,44,70,24017.40028233
11164,44,71,57051.62976876
11165,44,72,33352.81903635
11166,44,73,58494.9896044
11167,44,74,48901.58431982
11168,44,75,35582.20550563
11169,44,76,55096.01328781
11170,44,77,59098.01211507
11171,44,78,60053.84768141
11172,44,79,37984.2444655
11173,44,80,53034.35291764
11174,44,81,51693.7073774
11175,44,82,41050.95447707
11176,44,83,13991.19577775
11177,44,84,54128.50508425
11178,44,85,43448.92305958
11179,44,86,14413.42560197
11180,44,87,21831.19672057
11181,44,88,15763.29245553
11182,44,89,14109.40914639
11183,44,90,11145.13047546
11184,44,91,9488.62695096
11185,44,92,12081.54954292
11186,44,93,15455.38554788
11187,44,94,12851.45153497
11188,44,95,9483.0165906
11189,44,96,17062.528785
11190,44,97,20025.24057515
11191,44,98,19288.09909802
11192,44,99,10889.46984923
11193,44,100,15676.83946468
11194,44,101,9448.88136932
11195,44,102,11535.46979466
11196,44,103,21054.6561174
11197,44,104,13351.68578614
11198,44,105,11559.38218591
11199,44,106,13838.64324826
11200,44,107,9573.21658997
11201,44,108,18527.65172178
11202,44,109,12997.02391466
11203,44,110,13446.63856577
11204,44,111,6378.35114359
11205,44,112,13091.35547015
11206,44,113,15434.67814846
11207,44,114,6877.3496767
11208,44,115,18582.77855741
11209,44,116,11686.0441873
11210,44,117,12291.96045648
11211,44,118,9651.26292529
11212,44,119,20614.54254027
11213,44,120,6919.52130189
11214,44,121,12298.81899026
11215,44,122,11115.12904331
11216,44,123,11840.92606798
11217,44,124,12890.80349999
11218,44,125,8791.02212567
11219,44,126,7976.87336783
11220,44,127,11759.86603045
11221,44,128,12376.82171716
11222,44,129,8099.75045226
11223,44,130,13967.00986982
11224,44,131,16613.46855169
11225,44,132,13660.19331255
11226,44,133,17471.17108
11227,44,134,32760.62987984
11228,44,135,28760.55407618
11229,44,136,26642.17620456
11230,44,137,23430.87029946
11231,44,138,24035.17358092
11232,44,139,27736.74521961
11233,44,140,25447.32120071
11234,44,141,25911.46062397
11235,44,142,31884.24613079
11236,44,143,33569.01427735
11237,44,144,30256.68610237
11238,44,145,32125.98004607
11239,44,146,24260.05870016
11240,44,147,14839.31969667
11241,44,148,9043.32789659
11242,44,149,14254.72085324
11243,44,150,8855.74377312
11244,44,151,12812.03536416
11245,44,152,9636.34633022
11246,44,153,14233.70546208
11247,44,154,15324.35801692
11248,44,155,6831.29049489
11249,44,156,14431.08356925
11250,44,157,14301.99073371
11251,44,158,9340.58830504
11252,44,159,14822.31500017
11253,44,160,7729.72360714
11254,44,161,7529.84290204
11255,44,162,8121.41041048
11256,44,163,14019.7733217
11257,44,164,10121.79888295
11258,44,165,13829.23390447
11259,44,166,13882.46415915
11260,44,167,15300.11514771
11261,44,168,19714.68535723
11262,44,169,17405.15411294
11263,44,170,18388.10490545
11264,44,171,21055.56339031
11265,44,172,20078.71716182
11266,44,173,20591.18326002
11267,44,174,21792.34223192
11268,44,175,21887.50828807
11269,44,176,23354.51265526
11270,44,177,20309.03649649
11271,44,178,24722.92356862
11272,44,179,20648.49582379
11273,44,180,26479.22544949
11274,44,181,29643.4871895
11275,44,182,32143.14871103
11276,44,183,36328.63431476
11277,44,184,27779.09649159
11278,44,185,22151.83503806
11279,44,186,31514.01363688
11280,44,187,35060.47359848
11281,44,188,27118.188595
11282,44,189,26571.03423384
11283,44,190,28780.72946082
11284,44,191,27248.20511869
11285,44,192,25988.91567344
11286,44,193,27602.0205236
11287,44,194,28157.30079291
11288,44,195,26018.28504447
11289,44,196,26961.46898792
11290,44,197,30221.98882138
11291,44,198,3590.58853972
11292,44,199,6607.72325722
11293,44,200,35558.29196151
11294,44,201,19750.84087142
11295,44,202,45360.55646616
11296,44,203,40565.47174556
11297,44,204,31959.58010775
11298,44,205,24204.86921787
11299,44,206,15554.16816594
11300,44,207,48772.12526998
11301,44,208,9644.63665482
11302,44,209,15823.78978366
11303,44,210,10689.78315517
11304,44,211,20725.62405756
11305,44,212,55856.11463055
11306,44,213,63257.12883775
11307,44,214,32239.53478766
11308,44,215,18072.20934457
11309,44,216,13090.2921517
11310,44,217,14191.19421588
11311,44,218,15857.57851252
11312,44,219,40864.46406901
11313,44,220,45294.56737149
11314,44,221,11769.33295043
11315,44,222,22815.5184109
11316,44,223,12033.03188121
11317,44,224,50160.83828253
11318,44,225,13268.81966588
11319,44,226,28126.80711029
11320,44,227,18815.12390556
11321,44,228,52402.63983309
11322,44,229,35077.84374493
11323,44,230,37792.05291058
11324,44,231,11346.8970937
11325,44,232,10983.13509683
11326,44,233,11740.67647391
11327,44,234,9706.52273336
11328,44,235,10497.44582646
11329,44,236,12178.80476004
11330,44,237,10013.07465394
11331,44,238,34424.89087541
11332,44,239,23953.29179282
11333,44,240,32272.49639585
11334,44,241,16354.73940701
11335,44,242,20675.75596798
11336,44,243,16431.05817347
11337,44,244,28447.5086852
11338,44,245,27752.79044135
11339,44,246,29222.06883725
11340,44,247,24994.74862432
11341,44,248,26884.62756701
11342,44,249,33163.84431913
11343,44,250,33574.27628715
11344,44,251,22851.9569431
11345,44,252,17697.68703549
11346,44,253,16991.38685902
11347,44,254,30142.14640289
11348,44,255,31117.7301976
11349,44,256,33612.53585695
11350,44,257,25867.22381042
11351,44,258,19560.46330135
11352,45,1,6456.07589814
11353,45,2,13963.98731933
11354,45,3,7082.28239099
11355,45,4,10206.78889908
11356,45,5,13170.01803727
11357,45,6,12128.42547564
11358,45,7,4576.91918802
11359,45,8,8618.46070375
11360,45,9,7980.93956787
11361,45,10,2831.08166546
11362,45,11,4909.71801306
11363,45,12,5431.77447747
11364,45,13,6207.71633593
11365,45,14,10929.05514535
11366,45,15,9319.56743374
11367,45,16,15085.12448683
11368,45,17,4816.44682621
11369,45,18,4854.46017235
11370,45,19,9234.22947478
11371,45,20,6700.96658403
11372,45,21,6154.32614453
11373,45,22,18328.65832503
11374,45,23,11839.70556411
11375,45,24,11105.6401145
11376,45,25,7202.32438594
11377,45,26,15918.17367165
11378,45,27,5495.2600421
11379,45,28,5851.08756904
11380,45,29,14810.90276609
11381,45,30,5109.41796938
11382,45,31,9868.39161531
11383,45,32,7536.80299786
11384,45,33,7565.21144331
11385,45,34,7302.39365393
11386,45,35,8707.12986198
11387,45,36,20548.90328688
11388,45,37,21266.7835802
11389,45,38,10385.39316175
11390,45,39,12520.08901298
11391,45,40,12712.20590797
11392,45,41,5639.09997578
11393,45,42,1224.62432252
11394,45,43,17880.12209733
11395,45,44,5164.16938972
11396,45,45,0.0
11397,45,46,2458.79723353
11398,45,47,23407.8680272
11399,45,48,24470.70483642
11400,45,49,1833.94589782
11401,45,50,20055.33969264
11402,45,51,3787.85640099
11403,45,52,4808.834415
11404,45,53,10802.93181439
11405,45,54,4904.47454735
11406,45,55,25379.41575912
11407,45,56,4099.80454467
11408,45,57,17457.93711706
11409,45,58,15231.36714709
11410,45,59,4626.57294075
11411,45,60,6203.51098945
11412,45,61,2447.61821968
11413,45,62,20157.42091566
11414,45,63,8762.25910093
11415,45,64,27465.04133119
11416,45,65,7643.43261326
11417,45,66,13350.89856269
11418,45,67,14591.72112295
11419,45,68,13328.69068394
11420,45,69,42306.15628066
11421,45,70,18988.76395065
11422,45,71,51984.33209513
11423,45,72,28348.43119551
11424,45,73,53451.92501236
11425,45,74,43832.48748562
11426,45,75,30574.10095792
11427,45,76,50015.72840155
11428,45,77,54150.75506235
11429,45,78,55044.88306647
11430,45,79,32966.71465855
11431,45,80,47969.48587447
11432,45,81,46616.73005788
11433,45,82,35967.42075434
11434,45,83,9538.01098701
11435,45,84,49056.89913783
11436,45,85,38368.64313612
11437,45,86,9741.02813631
11438,45,87,16771.9228436
11439,45,88,10840.26647994
11440,45,89,10029.76464528
11441,45,90,6184.98493918
11442,45,91,5514.66243915
11443,45,92,6933.90081994
11444,45,93,13319.61161749
11445,45,94,10489.5079266
11446,45,95,4713.36593283
11447,45,96,12571.39860359
11448,45,97,16062.61452605
11449,45,98,15145.91843791
11450,45,99,8851.64676547
11451,45,100,11076.11119934
11452,45,101,5995.95600881
11453,45,102,9418.32144722
11454,45,103,17158.62463573
11455,45,104,8538.12329596
11456,45,105,6406.51223169
11457,45,106,11828.70885965
11458,45,107,5152.53488401
11459,45,108,14178.42168133
11460,45,109,7984.76268788
11461,45,110,11631.25642592
11462,45,111,2975.8742069
11463,45,112,11430.49669412
11464,45,113,13402.54142186
11465,45,114,1755.09467254
11466,45,115,16479.09621299
11467,45,116,7688.55441698
11468,45,117,11454.35827734
11469,45,118,7990.87349219
11470,45,119,18502.39106858
11471,45,120,4904.93901764
11472,45,121,11787.7950282
11473,45,122,9352.49299915
11474,45,123,8119.81289764
11475,45,124,9456.56971333
11476,45,125,4350.1550458
11477,45,126,6093.31729649
11478,45,127,7405.32128677
11479,45,128,12208.88133754
11480,45,129,3424.3118872
11481,45,130,11313.16521015
11482,45,131,14317.81790612
11483,45,132,10362.79453002
11484,45,133,15161.36538984
11485,45,134,28431.17403626
11486,45,135,24449.60811087
11487,45,136,22159.04058692
11488,45,137,18267.64890914
11489,45,138,18889.08760737
11490,45,139,23361.8413755
11491,45,140,20611.63331034
11492,45,141,20929.38653879
11493,45,142,27471.94551036
11494,45,143,29361.47996758
11495,45,144,25852.4230431
11496,45,145,28018.82065051
11497,45,146,19136.7299118
11498,45,147,11109.21433597
11499,45,148,8666.85420767
11500,45,149,9639.8302281
11501,45,150,11543.29398717
11502,45,151,9801.03891302
11503,45,152,8859.89028065
11504,45,153,10718.34411146
11505,45,154,11171.36847574
11506,45,155,8396.33366483
11507,45,156,9297.49290871
11508,45,157,9931.44819845
11509,45,158,12596.92515924
11510,45,159,9744.5858441
11511,45,160,9927.7985357
11512,45,161,8220.24151564
11513,45,162,8364.46087501
11514,45,163,8875.88740257
11515,45,164,8939.78196654
11516,45,165,8951.92926952
11517,45,166,8718.74793287
11518,45,167,11386.12989298
11519,45,168,24875.27787826
11520,45,169,22568.34402738
11521,45,170,23550.08085622
11522,45,171,26212.59560675
11523,45,172,25147.26137495
11524,45,173,25694.60075512
11525,45,174,26925.299942
11526,45,175,26797.1427695
11527,45,176,28105.07971776
11528,45,177,25320.75464427
11529,45,178,20787.76991896
11530,45,179,16469.36359347
11531,45,180,22699.54865659
11532,45,181,26607.9410405
11533,45,182,29596.71953712
11534,45,183,33983.3403855
11535,45,184,24345.0637974
11536,45,185,18161.79854816
11537,45,186,28795.57774239
11538,45,187,32689.51533661
11539,45,188,30102.78637515
11540,45,189,28474.30853208
11541,45,190,29197.87806914
11542,45,191,28670.96772552
11543,45,192,28627.87728776
11544,45,193,28819.88485252
11545,45,194,28985.86291558
11546,45,195,28311.67771536
11547,45,196,30314.03161289
11548,45,197,30450.48469466
11549,45,198,8361.76754297
11550,45,199,11336.07049918
11551,45,200,38855.18869737
11552,45,201,23667.81292767
11553,45,202,48401.08054096
11554,45,203,43672.81716932
11555,45,204,35342.76670321
11556,45,205,27590.88702137
11557,45,206,19786.81563241
11558,45,207,51966.7629525
11559,45,208,13935.85544162
11560,45,209,10670.64585487
11561,45,210,5549.17083658
11562,45,211,15612.93002494
11563,45,212,50723.97721003
11564,45,213,58147.86652283
11565,45,214,32379.14480611
11566,45,215,16312.85981003
11567,45,216,8671.17893941
11568,45,217,11447.94424147
11569,45,218,13291.65253671
11570,45,219,40482.16513975
11571,45,220,44860.05345311
11572,45,221,8595.19532521
11573,45,222,22692.96093977
11574,45,223,7080.01198169
11575,45,224,49662.28716445
11576,45,225,9484.21774071
11577,45,226,28346.92490192
11578,45,227,17781.89898826
11579,45,228,51851.09289633
11580,45,229,34978.93800189
11581,45,230,37552.57731811
11582,45,231,6244.34544012
11583,45,232,5877.07947197
11584,45,233,6642.91404266
11585,45,234,4594.72065041
11586,45,235,5388.42296004
11587,45,236,7089.06145491
11588,45,237,4899.98618232
11589,45,238,31429.97405183
11590,45,239,21520.54275887
11591,45,240,29622.13669346
11592,45,241,12686.75943888
11593,45,242,17832.49081137
11594,45,243,12142.94874418
11595,45,244,26041.69939795
11596,45,245,25219.88538555
11597,45,246,26931.6801907
11598,45,247,22381.8438541
11599,45,248,24301.13971248
11600,45,249,30425.73459716
11601,45,250,30426.99167066
11602,45,251,20579.54986676
11603,45,252,14037.99004341
11604,45,253,12407.9033186
11605,45,254,27789.12923161
11606,45,255,28616.47110053
11607,45,256,30298.62914237
11608,45,257,23147.63651823
11609,45,258,16358.60301663
11610,46,1,8818.25939943
11611,46,2,16213.15324777
11612,46,3,9353.99312434
11613,46,4,12251.63771346
11614,46,5,15388.12245009
11615,46,6,14290.42866757
11616,46,7,6888.47922514
11617,46,8,10714.49655734
11618,46,9,10156.58136292
11619,46,10,5172.5295927
11620,46,11,7306.1837855
11621,46,12,7890.32800196
11622,46,13,8640.10920239
11623,46,14,13037.43324568
11624,46,15,11325.51371914
11625,46,16,17384.65225894
11626,46,17,4702.65505122
11627,46,18,5248.45706728
11628,46,19,11581.01104444
11629,46,20,8204.76782441
11630,46,21,4852.73079531
11631,46,22,20783.54427129
11632,46,23,14297.93621437
11633,46,24,13548.61390233
11634,46,25,9168.41773194
11635,46,26,18370.69009173
11636,46,27,4686.07160043
11637,46,28,7125.43557879
11638,46,29,17259.19260676
11639,46,30,5914.98122336
11640,46,31,12264.6036355
11641,46,32,9628.89382165
11642,46,33,5872.63243969
11643,46,34,9057.62944461
11644,46,35,10977.66171754
11645,46,36,23006.1778373
11646,46,37,23725.51708779
11647,46,38,12807.29019679
11648,46,39,14974.65202671
11649,46,40,10499.99146587
11650,46,41,3983.74236693
11651,46,42,1300.25976091
11652,46,43,15633.87920142
11653,46,44,3288.09244615
11654,46,45,2458.79723353
11655,46,46,0.0
11656,46,47,21093.66391016
11657,46,48,22144.29696206
11658,46,49,4082.38170523
11659,46,50,17792.50636859
11660,46,51,6159.10266963
11661,46,52,7072.07176995
11662,46,53,13193.12186572
11663,46,54,7008.75946511
11664,46,55,27644.5817651
11665,46,56,5569.73294918
11666,46,57,19845.13657077
11667,46,58,17623.01004152
11668,46,59,6538.70193149
11669,46,60,8601.50864901
11670,46,61,3405.88613618
11671,46,62,22517.82863617
11672,46,63,11160.08176991
11673,46,64,29654.98954203
11674,46,65,10024.09958647
11675,46,66,15750.09811375
11676,46,67,16514.06729852
11677,46,68,15295.0993918
11678,46,69,44172.11969176
11679,46,70,20793.81227531
11680,46,71,53835.1777842
11681,46,72,30110.47854528
11682,46,73,55263.68799115
11683,46,74,45688.1848893
11684,46,75,32340.37342118
11685,46,76,51889.30627752
11686,46,77,55830.98573675
11687,46,78,56806.39177364
11688,46,79,34745.54399988
11689,46,80,49817.09531687
11690,46,81,48485.26371003
11691,46,82,37850.96570554
11692,46,83,10706.58340263
11693,46,84,50915.61043656
11694,46,85,40245.4258635
11695,46,86,11127.51894562
11696,46,87,18629.17462202
11697,46,88,12513.19411689
11698,46,89,10869.20741779
11699,46,90,8624.18968369
11700,46,91,7822.02345649
11701,46,92,9030.45922823
11702,46,93,15159.6788342
11703,46,94,12367.39176692
11704,46,95,7171.05019827
11705,46,96,13779.05648272
11706,46,97,16832.25046845
11707,46,98,16055.04480011
11708,46,99,10571.28776362
11709,46,100,12388.75503237
11710,46,101,8149.51022788
11711,46,102,11183.27388496
11712,46,103,17880.82266213
11713,46,104,10083.43277428
11714,46,105,8693.06822785
11715,46,106,13602.13609375
11716,46,107,7566.11456724
11717,46,108,15259.94754933
11718,46,109,9795.10157189
11719,46,110,10976.6336624
11720,46,111,3117.48365077
11721,46,112,13066.02112091
11722,46,113,12896.90582803
11723,46,114,4174.56033168
11724,46,115,16047.7917585
11725,46,116,10036.13472578
11726,46,117,12764.21418815
11727,46,118,7148.40610216
11728,46,119,18092.26430181
11729,46,120,4092.27992753
11730,46,121,12970.49352878
11731,46,122,8614.66654519
11732,46,123,10400.17862721
11733,46,124,11672.32343607
11734,46,125,6757.05162999
11735,46,126,5285.90212816
11736,46,127,9825.99303084
11737,46,128,13256.79972988
11738,46,129,5864.28243761
11739,46,130,13306.01290356
11740,46,131,13973.4895851
11741,46,132,12549.08427969
11742,46,133,14834.1426374
11743,46,134,30880.05685202
11744,46,135,26895.3327888
11745,46,136,24615.70249995
11746,46,137,20449.92715059
11747,46,138,20932.43155803
11748,46,139,25812.46415965
11749,46,140,23051.77098902
11750,46,141,23328.36287762
11751,46,142,29926.29845418
11752,46,143,31798.97093954
11753,46,144,28305.90192077
11754,46,145,30443.23749507
11755,46,146,21432.22688542
11756,46,147,13421.63323835
11757,46,148,9693.8817421
11758,46,149,12096.77989131
11759,46,150,11260.5016023
11760,46,151,11890.00475366
11761,46,152,10066.75889056
11762,46,153,12971.14017981
11763,46,154,13575.75529001
11764,46,155,8531.95243433
11765,46,156,11332.6083057
11766,46,157,12365.89215978
11767,46,158,12043.01873637
11768,46,159,11654.67236812
11769,46,160,9835.19807921
11770,46,161,8749.34780284
11771,46,162,9103.51756752
11772,46,163,11166.75190075
11773,46,164,10319.56004325
11774,46,165,11398.81341495
11775,46,166,10926.96712655
11776,46,167,13743.51971065
11777,46,168,22834.85372538
11778,46,169,20462.4074605
11779,46,170,21501.43123013
11780,46,171,24190.21998277
11781,46,172,23325.01511077
11782,46,173,23813.01176811
11783,46,174,24979.89602767
11784,46,175,25173.52422711
11785,46,176,26638.05761703
11786,46,177,23578.24603761
11787,46,178,21548.36523135
11788,46,179,17411.59049458
11789,46,180,23350.04167587
11790,46,181,26773.23364783
11791,46,182,29479.0641266
11792,46,183,33762.93969633
11793,46,184,24760.34314918
11794,46,185,18958.20152165
11795,46,186,28775.49358622
11796,46,187,32480.49399338
11797,46,188,27807.71277206
11798,46,189,26447.35979817
11799,46,190,27677.63754375
11800,46,191,26792.55165642
11801,46,192,26406.50009172
11802,46,193,27009.59311357
11803,46,194,27311.74235095
11804,46,195,26175.89716362
11805,46,196,27949.797453
11806,46,197,29008.27782133
11807,46,198,6038.46835419
11808,46,199,8953.29462165
11809,46,200,36509.9027301
11810,46,201,21224.05331233
11811,46,202,46114.24120943
11812,46,203,41368.47768324
11813,46,204,32978.98940072
11814,46,205,25217.21686709
11815,46,206,17328.01840202
11816,46,207,49649.95552568
11817,46,208,11481.33008579
11818,46,209,12928.04579731
11819,46,210,7873.72150484
11820,46,211,17929.17192317
11821,46,212,52705.7989379
11822,46,213,60075.25747238
11823,46,214,30978.6008507
11824,46,215,15693.0913255
11825,46,216,9806.23885768
11826,46,217,11338.20254359
11827,46,218,13095.63355828
11828,46,219,39318.24310344
11829,46,220,43726.40086255
11830,46,221,8728.0955295
11831,46,222,21356.63827252
11832,46,223,8809.9085577
11833,46,224,48563.35675626
11834,46,225,10081.88652656
11835,46,226,26900.18350812
11836,46,227,16812.01763309
11837,46,228,50778.04402429
11838,46,229,33682.93704528
11839,46,230,36321.64657326
11840,46,231,8612.13320775
11841,46,232,8244.66224269
11842,46,233,9011.99518652
11843,46,234,6970.18958854
11844,46,235,7757.75515262
11845,46,236,9461.93482935
11846,46,237,7270.44217481
11847,46,238,33622.68395987
11848,46,239,23521.2437094
11849,46,240,31714.3964359
11850,46,241,14994.18606906
11851,46,242,19942.28428238
11852,46,243,14572.19436228
11853,46,244,28050.40401353
11854,46,245,27265.49694614
11855,46,246,28906.54431503
11856,46,247,24442.27022461
11857,46,248,26359.31189963
11858,46,249,32545.20203836
11859,46,250,32658.08028862
11860,46,251,22523.95951598
11861,46,252,16350.68460335
11862,46,253,14865.32745478
11863,46,254,29786.2841172
11864,46,255,30661.71228284
11865,46,256,32571.01521972
11866,46,257,25242.99891677
11867,46,258,18564.23500638
11868,47,1,28792.97178126
11869,47,2,34773.85104298
11870,47,3,28871.94927901
11871,47,4,30309.2460005
11872,47,5,33851.1975732
11873,47,6,32580.91886181
11874,47,7,27964.21899023
11875,47,8,29288.96376258
11876,47,9,29156.3424063
11877,47,10,26227.15353771
11878,47,11,28312.4519248
11879,47,12,28629.43569018
11880,47,13,29009.47269251
11881,47,14,31247.90052567
11882,47,15,29406.09098061
11883,47,16,36169.10947909
11884,47,17,20925.78437938
11885,47,18,21914.98564992
11886,47,19,31190.87687404
11887,47,20,25556.43240877
11888,47,21,18269.50102481
11889,47,22,41372.40958709
11890,47,23,34887.90589893
11891,47,24,33749.05968177
11892,47,25,27614.55343988
11893,47,26,39031.24559693
11894,47,27,19475.35170556
11895,47,28,24391.99331505
11896,47,29,37986.18770099
11897,47,30,22877.58108277
11898,47,31,32125.02680812
11899,47,32,28408.56833048
11900,47,33,16541.46171314
11901,47,34,26844.99338968
11902,47,35,30265.37275257
11903,47,36,43499.96431562
11904,47,37,44109.46868461
11905,47,38,32831.29690505
11906,47,39,35647.97673265
11907,47,40,10786.48458387
11908,47,41,18164.14393423
11909,47,42,22381.69304401
11910,47,43,5678.33704288
11911,47,44,18380.86822163
11912,47,45,23407.8680272
11913,47,46,21093.66391016
11914,47,47,0.0
11915,47,48,1110.62706217
11916,47,49,25160.99583063
11917,47,50,3528.57122448
11918,47,51,27195.26798727
11919,47,52,28162.13878407
11920,47,53,34195.52464441
11921,47,54,28085.23912043
11922,47,55,48736.30411153
11923,47,56,26356.4081631
11924,47,57,40842.5533486
11925,47,58,38613.88045978
11926,47,59,27545.01319035
11927,47,60,29601.53718822
11928,47,61,24221.98491874
11929,47,62,43561.63220566
11930,47,63,32152.62874505
11931,47,64,50699.88581004
11932,47,65,31047.53251218
11933,47,66,36726.96607371
11934,47,67,37291.48604546
11935,47,68,36154.20364314
11936,47,69,64504.69242826
11937,47,70,41278.25921953
11938,47,71,74058.32408652
11939,47,72,50315.73067976
11940,47,73,75353.73389114
11941,47,74,65980.00035375
11942,47,75,52521.57613459
11943,47,76,72193.1174736
11944,47,77,75462.84024554
11945,47,78,76717.81393865
11946,47,79,54927.21908991
11947,47,80,70055.77782787
11948,47,81,68795.1275414
11949,47,82,58282.1435519
11950,47,83,30502.85602313
11951,47,84,71180.69789611
11952,47,85,60638.60158282
11953,47,86,31267.74603617
11954,47,87,39259.4561277
11955,47,88,33029.86133195
11956,47,89,29977.1296993
11957,47,90,29516.18837323
11958,47,91,27700.39205825
11959,47,92,30085.89318466
11960,47,93,31655.93628952
11961,47,94,29671.14218261
11962,47,95,27863.61145073
11963,47,96,33315.84353284
11964,47,97,34836.28261205
11965,47,98,34576.33074039
11966,47,99,27741.25719681
11967,47,100,32279.24694044
11968,47,101,27451.74221271
11969,47,102,28338.92659876
11970,47,103,35592.31870524
11971,47,104,30554.31443041
11972,47,105,29780.96114106
11973,47,106,30139.71609051
11974,47,107,27908.56114323
11975,47,108,34340.81472494
11976,47,109,30608.13125671
11977,47,110,25648.64113263
11978,47,111,23491.04955839
11979,47,112,29133.06652783
11980,47,113,27303.4016432
11981,47,114,25160.99887877
11982,47,115,29633.64745294
11983,47,116,29808.67860134
11984,47,117,27524.78619173
11985,47,118,23400.87845193
11986,47,119,31155.18902486
11987,47,120,22646.27801296
11988,47,121,27097.55570283
11989,47,122,24264.87740352
11990,47,123,29809.96050665
11991,47,124,30605.71725697
11992,47,125,27143.80998785
11993,47,126,22944.84784388
11994,47,127,30031.942936
11995,47,128,26664.34753797
11996,47,129,26480.19845693
11997,47,130,30920.9392193
11998,47,131,28636.43902502
11999,47,132,31213.01558052
12000,47,133,29277.54674715
12001,47,134,50710.59425959
12002,47,135,46732.23602519
12003,47,136,44788.39043004
12004,47,137,41504.74582306
12005,47,138,41831.60556101
12006,47,139,45779.94946055
12007,47,140,43809.06207773
12008,47,141,44289.60521609
12009,47,142,49925.59997679
12010,47,143,51376.35673744
12011,47,144,48303.6966918
12012,47,145,49834.52322457
12013,47,146,42524.07842479
12014,47,147,32650.69708498
12015,47,148,24788.50953454
12016,47,149,32582.67057927
12017,47,150,19986.59578455
12018,47,151,30211.54101796
12019,47,152,25595.95764702
12020,47,153,31916.47889904
12021,47,154,33407.85990582
12022,47,155,21426.20231742
12023,47,156,32322.24914927
12024,47,157,32529.43532487
12025,47,158,18700.87828276
12026,47,159,32518.07031394
12027,47,160,20697.35838673
12028,47,161,22778.62743617
12029,47,162,23579.14427257
12030,47,163,32256.0959541
12031,47,164,26349.07593972
12032,47,165,32209.97919269
12033,47,166,32015.08374968
12034,47,167,33224.79541009
12035,47,168,5899.32435842
12036,47,169,4375.63623565
12037,47,170,5389.40835444
12038,47,171,6813.40862391
12039,47,172,9238.38291555
12040,47,173,8643.34885051
12041,47,174,8357.28103065
12042,47,175,12569.05581249
12043,47,176,15155.88035046
12044,47,177,10372.07925465
12045,47,178,38956.35845668
12046,47,179,35872.04770952
12047,47,180,40145.54790828
12048,47,181,40991.74390642
12049,47,182,41824.0434686
12050,47,183,44941.97505311
12051,47,184,40408.26795761
12052,47,185,36781.4002477
12053,47,186,41760.11936229
12054,47,187,43889.06841859
12055,47,188,18892.89484035
12056,47,189,23097.42310447
12057,47,190,30024.6832387
12058,47,191,25384.24912358
12059,47,192,19685.316316
12060,47,193,26380.98702648
12061,47,194,28159.02630384
12062,47,195,21166.68237613
12063,47,196,17036.5077121
12064,47,197,31757.86035355
12065,47,198,15059.25297004
12066,47,199,12193.32774599
12067,47,200,24064.89089587
12068,47,201,10074.33849466
12069,47,202,33876.71163266
12070,47,203,29261.76166803
12071,47,204,20672.56009815
12072,47,205,15088.06085242
12073,47,206,7876.95967846
12074,47,207,36420.12630705
12075,47,208,10670.95164781
12076,47,209,34021.63844403
12077,47,210,28945.58329075
12078,47,211,39012.82707704
12079,47,212,73308.24234205
12080,47,213,80499.57257763
12081,47,214,33649.12155238
12082,47,215,28503.58945791
12083,47,216,29659.09108593
12084,47,217,27781.13250555
12085,47,218,28636.01331982
12086,47,219,42685.68445479
12087,47,220,46798.44177878
12088,47,221,26769.00715555
12089,47,222,27471.89758349
12090,47,223,29582.87480853
12091,47,224,51436.95735936
12092,47,225,28812.26728572
12093,47,226,30186.22280258
12094,47,227,27296.04503173
12095,47,228,53682.74825198
12096,47,229,36772.73703427
12097,47,230,39539.75008889
12098,47,231,29652.15935218
12099,47,232,29284.94218435
12100,47,233,30050.53894362
12101,47,234,28002.56614959
12102,47,235,28796.29065858
12103,47,236,30495.93531369
12104,47,237,28307.84097666
12105,47,238,50464.92954653
12106,47,239,39659.7528
12107,47,240,47816.68206814
12108,47,241,34041.46369143
12109,47,242,37212.24597605
12110,47,243,34571.64628243
12111,47,244,43788.48280207
12112,47,245,43350.19263091
12113,47,246,44312.91892377
12114,47,247,40899.73531289
12115,47,248,42618.8414555
12116,47,249,48818.00804784
12117,47,250,49894.98282984
12118,47,251,38405.21660093
12119,47,252,35312.95043258
12120,47,253,35283.29894276
12121,47,254,45284.11574932
12122,47,255,46462.68246798
12123,47,256,50195.17360094
12124,47,257,41877.54358055
12125,47,258,36606.30891322
12126,48,1,29889.25522278
12127,48,2,35884.34159301
12128,48,3,29973.86824818
12129,48,4,31419.70027434
12130,48,5,34961.70041499
12131,48,6,33691.45624368
12132,48,7,29021.18266052
12133,48,8,30397.66290312
12134,48,9,30262.74317802
12135,48,10,27286.40587412
12136,48,11,29377.64859398
12137,48,12,29708.52809401
12138,48,13,30099.08441464
12139,48,14,32358.33905979
12140,48,15,30516.28286908
12141,48,16,37279.42945113
12142,48,17,22029.50964926
12143,48,18,23020.65053202
12144,48,19,32294.16434887
12145,48,20,26666.1654892
12146,48,21,19370.27921871
12147,48,22,42464.7060901
12148,48,23,35977.1045682
12149,48,24,34846.45214561
12150,48,25,28722.50724226
12151,48,26,40120.27544081
12152,48,27,20578.26791539
12153,48,28,25500.75566881
12154,48,29,39072.30155065
12155,48,30,23984.71919406
12156,48,31,33226.26449947
12157,48,32,29515.59286314
12158,48,33,17641.95144088
12159,48,34,27954.61178871
12160,48,35,31370.72168431
12161,48,36,44595.68419691
12162,48,37,45208.00762691
12163,48,38,33930.86458772
12164,48,39,36734.92247149
12165,48,40,11875.8576936
12166,48,41,19253.7738234
12167,48,42,23435.00901292
12168,48,43,6784.31881134
12169,48,44,19460.39139023
12170,48,45,24470.70483642
12171,48,46,22144.29696206
12172,48,47,1110.62706217
12173,48,48,0.0
12174,48,49,26216.41884302
12175,48,50,4639.16820107
12176,48,51,28257.06555057
12177,48,52,29215.27578912
12178,48,53,35263.95696863
12179,48,54,29127.76215201
12180,48,55,49781.48650544
12181,48,56,27376.00142635
12182,48,57,41913.38248091
12183,48,58,39684.79508387
12184,48,59,28578.26106599
12185,48,60,30668.05645301
12186,48,61,25249.38704973
12187,48,62,44627.25954511
12188,48,63,33221.1070125
12189,48,64,51728.58607729
12190,48,65,32112.63689776
12191,48,66,37798.56896109
12192,48,67,38293.00759282
12193,48,68,37164.21693771
12194,48,69,65448.09585344
12195,48,70,42252.01048699
12196,48,71,74987.873097
12197,48,72,51258.98494546
12198,48,73,76271.48964867
12199,48,74,66919.1632896
12200,48,75,53460.97472046
12201,48,76,73130.45691172
12202,48,77,76344.54136363
12203,48,78,77620.43566407
12204,48,79,55864.59670466
12205,48,80,70988.43115
12206,48,81,69734.48235329
12207,48,82,59237.46244074
12208,48,83,31460.43348696
12209,48,84,72115.10156909
12210,48,85,61589.29275654
12211,48,86,32239.31582748
12212,48,87,40246.72623655
12213,48,88,34018.33229402
12214,48,89,30907.17392379
12215,48,90,30589.62716295
12216,48,91,28796.48376698
12217,48,92,31123.34177894
12218,48,93,32762.65463087
12219,48,94,30781.56730824
12220,48,95,28943.3448023
12221,48,96,34250.72028254
12222,48,97,35693.52767749
12223,48,98,35458.39027119
12224,48,99,28851.87998588
12225,48,100,33235.03639258
12226,48,101,28553.85674489
12227,48,102,29449.48175636
12228,48,103,36432.57330361
12229,48,104,31545.5093211
12230,48,105,30835.15009199
12231,48,106,31247.93759282
12232,48,107,28997.2370451
12233,48,108,35250.00658014
12234,48,109,31620.92415937
12235,48,110,26456.25876921
12236,48,111,24505.7554321
12237,48,112,30240.27804841
12238,48,113,28077.49248519
12239,48,114,26224.76272771
12240,48,115,30345.82878895
12241,48,116,30908.85754962
12242,48,117,28627.33991524
12243,48,118,24297.98227517
12244,48,119,31828.19038688
12245,48,120,23620.71491608
12246,48,121,28196.66761704
12247,48,122,25128.28499108
12248,48,123,30913.89317693
12249,48,124,31713.59989796
12250,48,125,28230.3621522
12251,48,126,23890.75715088
12252,48,127,31125.96725512
12253,48,128,27758.82996059
12254,48,129,27560.13475816
12255,48,130,32031.45400165
12256,48,131,29403.83100979
12257,48,132,32322.38836556
12258,48,133,30028.80787516
12259,48,134,51818.51870854
12260,48,135,47839.471666
12261,48,136,45891.06977168
12262,48,137,42537.65718126
12263,48,138,42841.58830555
12264,48,139,46885.6519054
12265,48,140,44896.00917326
12266,48,141,45364.52688659
12267,48,142,51031.74313454
12268,48,143,52485.98741818
12269,48,144,49409.56619647
12270,48,145,50944.73124188
12271,48,146,43576.50612328
12272,48,147,33758.07245121
12273,48,148,25897.47816243
12274,48,149,33673.12904602
12275,48,150,21073.17387359
12276,48,151,31321.50612036
12277,48,152,26705.18197892
12278,48,153,33025.03114392
12279,48,154,34510.37681034
12280,48,155,22534.58967602
12281,48,156,33349.13838595
12282,48,157,33626.55470334
12283,48,158,19774.9411079
12284,48,159,33532.27946359
12285,48,160,21798.22847428
12286,48,161,23887.61750797
12287,48,162,24688.07048196
12288,48,163,33309.88100603
12289,48,164,27458.83524905
12290,48,165,33289.3522622
12291,48,166,33059.82476096
12292,48,167,34330.67534001
12293,48,168,6185.20109384
12294,48,169,5075.71181975
12295,48,170,5901.73865901
12296,48,171,6910.12109389
12297,48,172,9628.60208499
12298,48,173,8939.23898274
12299,48,174,8456.79354495
12300,48,175,12920.70161566
12301,48,176,15503.712823
12302,48,177,10784.11193549
12303,48,178,39767.07770303
12304,48,179,36745.74696695
12305,48,180,40921.75245952
12306,48,181,41640.7716961
12307,48,182,42378.29148573
12308,48,183,45421.17868481
12309,48,184,41128.4178076
12310,48,185,37621.25164343
12311,48,186,42345.63348743
12312,48,187,44385.50242962
12313,48,188,18592.05654065
12314,48,189,23070.52789381
12315,48,190,30196.78355165
12316,48,191,25425.85021292
12317,48,192,19522.4364042
12318,48,193,26448.68494673
12319,48,194,28278.66260058
12320,48,195,21080.60536927
12321,48,196,16632.69070327
12322,48,197,31927.17229216
12323,48,198,16115.24345039
12324,48,199,13223.65320546
12325,48,200,23411.45935538
12326,48,201,10012.52137126
12327,48,202,33153.60332081
12328,48,203,28578.83899185
12329,48,204,20077.69113282
12330,48,205,14818.58268178
12331,48,206,8306.38719805
12332,48,207,35626.22472372
12333,48,208,11567.7839869
12334,48,209,35070.56376557
12335,48,210,30003.56277397
12336,48,211,40069.3637905
12337,48,212,74273.3314471
12338,48,213,81444.97823817
12339,48,214,33790.65766256
12340,48,215,29197.93128162
12341,48,216,30622.60690927
12342,48,217,28626.08802785
12343,48,218,29437.66289243
12344,48,219,42781.42849424
12345,48,220,46851.92648892
12346,48,221,27681.32751014
12347,48,222,27880.37762585
12348,48,223,30594.57820212
12349,48,224,51455.16844084
12350,48,225,29734.01304445
12351,48,226,30405.96487318
12352,48,227,27910.00636003
12353,48,228,53692.18426503
12354,48,229,36903.14179289
12355,48,230,39651.94321929
12356,48,231,30714.85850311
12357,48,232,30347.44526516
12358,48,233,31113.58170491
12359,48,234,29065.2304719
12360,48,235,29858.75010525
12361,48,236,31559.67855959
12362,48,237,29370.16702748
12363,48,238,51560.18509367
12364,48,239,40755.52395606
12365,48,240,48904.38894985
12366,48,241,35150.43573274
12367,48,242,38319.10325488
12368,48,243,35672.75446355
12369,48,244,44875.15022143
12370,48,245,44441.67544155
12371,48,246,45394.44088114
12372,48,247,41997.56710613
12373,48,248,43713.04112142
12374,48,249,49907.19532179
12375,48,250,50994.8993042
12376,48,251,39499.68621255
12377,48,252,36422.63826109
12378,48,253,36377.28409566
12379,48,254,46365.84174822
12380,48,255,47547.47872268
12381,48,256,51298.64768659
12382,48,257,42976.31022447
12383,48,258,37716.43625184
12384,49,1,5619.13265623
12385,49,2,13209.16934317
12386,49,3,6442.97923925
12387,49,4,9854.27897968
12388,49,5,12481.69252602
12389,49,6,11552.16811278
12390,49,7,2806.67439317
12391,49,8,8238.06315573
12392,49,9,7491.38107414
12393,49,10,1108.1785475
12394,49,11,3257.61633253
12395,49,12,4078.9677616
12396,49,13,5116.89242695
12397,49,14,10462.60040979
12398,49,15,9049.83833616
12399,49,16,14220.53701774
12400,49,17,6390.85013786
12401,49,18,6221.01920735
12402,49,19,8346.34496475
12403,49,20,7148.94352711
12404,49,21,7961.00023063
12405,49,22,16819.91738219
12406,49,23,10392.31447345
12407,49,24,9859.2578592
12408,49,25,7080.36492347
12409,49,26,14396.16883065
12410,49,27,7231.40786511
12411,49,28,6570.21632
12412,49,29,13267.10654138
12413,49,30,6230.91219583
12414,49,31,8827.04034643
12415,49,32,7208.41783683
12416,49,33,9397.30198484
12417,49,34,7444.20889808
12418,49,35,8008.93807576
12419,49,36,19061.72569116
12420,49,37,19812.19547043
12421,49,38,9245.05809686
12422,49,39,11022.32055718
12423,49,40,14504.51449355
12424,49,41,7472.76108909
12425,49,42,2784.28154933
12426,49,43,19664.02462947
12427,49,44,6990.64999944
12428,49,45,1833.94589782
12429,49,46,4082.38170523
12430,49,47,25160.99583063
12431,49,48,26216.41884302
12432,49,49,0.0
12433,49,50,21833.39932138
12434,49,51,2099.53054339
12435,49,52,3005.31776918
12436,49,53,9120.05894959
12437,49,54,3071.54268769
12438,49,55,23592.10721362
12439,49,56,2665.8239124
12440,49,57,15767.59474513
12441,49,58,13547.95630561
12442,49,59,2850.96538093
12443,49,60,4544.73738728
12444,49,61,2071.0321904
12445,49,62,18435.45562651
12446,49,63,7094.67939685
12447,49,64,25651.3554565
12448,49,65,5950.31533997
12449,49,66,11680.13618944
12450,49,67,12765.96762545
12451,49,68,11498.79143847
12452,49,69,40480.35057962
12453,49,70,17178.72974669
12454,49,71,50159.56147523
12455,49,72,26541.39925872
12456,49,73,51632.11687017
12457,49,74,42007.73737372
12458,49,75,28765.45047856
12459,49,76,48188.57045757
12460,49,77,52354.32667042
12461,49,78,53232.77711657
12462,49,79,31155.06258788
12463,49,80,46145.37401368
12464,49,81,44790.31192604
12465,49,82,34140.30606696
12466,49,83,8032.12298488
12467,49,84,47231.40661003
12468,49,85,36542.00463001
12469,49,86,8116.54815218
12470,49,87,14954.21042093
12471,49,88,9084.20406775
12472,49,89,8707.33885068
12473,49,90,4643.58089367
12474,49,91,4885.33627591
12475,49,92,5099.95539266
12476,49,93,13169.87968891
12477,49,94,10355.39455831
12478,49,95,3472.58042538
12479,49,96,11002.19984025
12480,49,97,14692.87441552
12481,49,98,13707.56790652
12482,49,99,8960.62545046
12483,49,100,9471.00277842
12484,49,101,5655.12125865
12485,49,102,9454.17009419
12486,49,103,15806.35381724
12487,49,104,6854.70355881
12488,49,105,4620.4992033
12489,49,106,11787.03745396
12490,49,107,4208.42289023
12491,49,108,12657.94571089
12492,49,109,6201.22024977
12493,49,110,11294.75144545
12494,49,111,3044.47999526
12495,49,112,11550.74192798
12496,49,113,12911.15437062
12497,49,114,644.27174366
12498,49,115,15880.87349996
12499,49,116,6842.24571211
12500,49,117,11889.41060372
12501,49,118,7951.01879242
12502,49,119,17864.39184184
12503,49,120,5152.06644507
12504,49,121,12324.33150175
12505,49,122,9161.31188913
12506,49,123,7419.71699822
12507,49,124,8844.5984113
12508,49,125,3504.49353999
12509,49,126,6181.18899094
12510,49,127,6328.87241712
12511,49,128,12845.25993644
12512,49,129,2514.02247343
12513,49,130,11007.18788424
12514,49,131,13691.25490436
12515,49,132,9780.89917388
12516,49,133,14508.15487849
12517,49,134,27091.34351785
12518,49,135,23133.53041792
12519,49,136,20764.62123018
12520,49,137,16450.05041713
12521,49,138,17055.25587249
12522,49,139,22018.18034759
12523,49,140,19027.60627545
12524,49,141,19255.13228567
12525,49,142,26094.13556867
12526,49,143,28077.71927918
12527,49,144,24483.96867774
12528,49,145,26787.68512617
12529,49,146,17364.15356102
12530,49,147,10266.20497427
12531,49,148,9422.88531587
12532,49,149,8293.21388254
12533,49,150,12985.85286637
12534,49,151,9393.36749534
12535,49,152,9464.89800999
12536,49,153,10006.26481421
12537,49,154,10084.15658622
12538,49,155,9711.97463272
12539,49,156,7464.62337426
12540,49,157,8742.7429197
12541,49,158,14137.74933244
12542,49,159,7927.25323648
12543,49,160,11313.22409195
12544,49,161,9329.01065183
12545,49,162,9336.42338816
12546,49,163,7095.72115664
12547,49,164,9390.38391848
12548,49,165,7421.60983262
12549,49,166,6901.97873522
12550,49,167,10431.77857354
12551,49,168,26704.80779452
12552,49,169,24389.64681333
12553,49,170,25378.67904564
12554,49,171,28043.66561876
12555,49,172,26977.38223751
12556,49,173,27527.65572005
12557,49,174,28759.21347962
12558,49,175,28603.70362632
12559,49,176,29881.02213522
12560,49,177,27143.87299675
12561,49,178,19391.55274584
12562,49,179,15002.84060409
12563,49,180,21354.0430056
12564,49,181,25529.28657043
12565,49,182,28686.75976708
12566,49,183,33126.97018893
12567,49,184,23125.69955915
12568,49,185,16761.35460817
12569,49,186,27825.17851273
12570,49,187,31829.45916098
12571,49,188,31150.1371807
12572,49,189,29167.98363654
12573,49,190,29372.95104799
12574,49,191,29199.50126531
12575,49,192,29567.75792973
12576,49,193,29276.87137443
12577,49,194,29306.67182636
12578,49,195,29137.930396
12579,49,196,31483.23778839
12580,49,197,30549.8887624
12581,49,198,10101.88820925
12582,49,199,13035.50045261
12583,49,200,39977.04417534
12584,49,201,25052.10709127
12585,49,202,49412.31890519
12586,49,203,44717.18998926
12587,49,204,36504.23132324
12588,49,205,28783.59059987
12589,49,206,21290.31313263
12590,49,207,53026.25523133
12591,49,208,15500.49777967
12592,49,209,8874.27231683
12593,49,210,3791.52501484
12594,49,211,13852.973957
12595,49,212,48890.16617807
12596,49,213,56316.03137154
12597,49,214,32434.46134697
12598,49,215,15854.9534578
12599,49,216,7204.47942798
12600,49,217,10719.39116709
12601,49,218,12579.61708444
12602,49,219,40311.71986676
12603,49,220,44655.60701915
12604,49,221,7800.13927619
12605,49,222,22739.60739748
12606,49,223,5336.02525016
12607,49,224,49421.3140765
12608,49,225,8331.92146915
12609,49,226,28459.00546651
12610,49,227,17572.61119643
12611,49,228,51585.84861454
12612,49,229,34934.61248285
12613,49,230,37445.5000428
12614,49,231,4535.54565135
12615,49,232,4168.87948465
12616,49,233,4935.09468658
12617,49,234,2905.01585346
12618,49,235,3684.33669816
12619,49,236,5385.69276759
12620,49,237,3199.90285456
12621,49,238,30679.87766213
12622,49,239,21083.39950734
12623,49,240,29025.81418715
12624,49,241,11831.46348086
12625,49,242,17269.55413249
12626,49,243,10953.13983706
12627,49,244,25571.17877927
12628,49,245,24703.71111279
12629,49,246,26501.17701562
12630,49,247,21859.13034839
12631,49,248,23771.92749044
12632,49,249,29788.40484991
12633,49,250,29617.0704639
12634,49,251,20221.05324256
12635,49,252,13155.88824264
12636,49,253,11032.31805296
12637,49,254,27326.78900474
12638,49,255,28087.88625459
12639,49,256,29417.41589817
12640,49,257,22571.79119213
12641,49,258,15656.68464375
12642,50,1,25312.88198548
12643,50,2,31245.38990379
12644,50,3,25371.9098678
12645,50,4,26780.8557493
12646,50,5,30322.71635644
12647,50,6,29052.3874031
12648,50,7,24627.04872707
12649,50,8,25765.73108638
12650,50,9,25640.75878507
12651,50,10,22883.81130839
12652,50,11,24944.90735198
12653,50,12,25211.21721451
12654,50,13,25553.14925106
12655,50,14,27719.54072829
12656,50,15,25878.32797574
12657,50,16,32641.00400448
12658,50,17,17421.0266838
12659,50,18,18402.86210344
12660,50,19,27685.74106265
12661,50,20,22030.02937285
12662,50,21,14777.11774835
12663,50,22,37903.32187381
12664,50,23,31430.94123695
12665,50,24,30263.88764245
12666,50,25,24093.83873325
12667,50,26,35573.78611379
12668,50,27,15974.13081172
12669,50,28,20868.74748387
12670,50,29,34539.03744859
12671,50,30,19360.04080429
12672,50,31,28626.83014448
12673,50,32,24890.92725917
12674,50,33,13051.39862822
12675,50,34,23318.91791698
12676,50,35,26753.27315025
12677,50,36,40018.99084432
12678,50,37,40618.98275671
12679,50,38,29338.76079713
12680,50,39,32198.62971657
12681,50,40,7358.94074428
12682,50,41,14715.94867393
12683,50,42,19067.18840455
12684,50,43,2188.48364457
12685,50,44,14972.63237184
12686,50,45,20055.33969264
12687,50,46,17792.50636859
12688,50,47,3528.57122448
12689,50,48,4639.16820107
12690,50,49,21833.39932138
12691,50,50,0.0
12692,50,51,23841.34707782
12693,50,52,24838.67439022
12694,50,53,30811.7836059
12695,50,54,24800.58180518
12696,50,55,45425.4726769
12697,50,56,23159.0962466
12698,50,57,37447.21110261
12699,50,58,35219.16327196
12700,50,59,24295.13398267
12701,50,60,26227.9903223
12702,50,61,21000.90784312
12703,50,62,40183.12489057
12704,50,63,28770.05795645
12705,50,64,47444.12542897
12706,50,65,27677.84804456
12707,50,66,33330.71955749
12708,50,67,34140.23300587
12709,50,68,32974.59750304
12710,50,69,61527.96897721
12711,50,70,38218.57306439
12712,50,71,71122.55588685
12713,50,72,47350.35421825
12714,50,73,72456.32190257
12715,50,74,63016.54722849
12716,50,75,49567.14321416
12717,50,76,69232.45858788
12718,50,77,72684.42190196
12719,50,78,73869.69301695
12720,50,79,51977.47143701
12721,50,80,67111.7221163
12722,50,81,65829.49121938
12723,50,82,55269.4933639
12724,50,83,27520.06322725
12725,50,84,68230.26196421
12726,50,85,57639.90781302
12727,50,86,28232.96786706
12728,50,87,36155.43586275
12729,50,88,29931.1838851
12730,50,89,27094.46295654
12731,50,90,26117.75130545
12732,50,91,24221.3306082
12733,50,92,26816.72683948
12734,50,93,28144.82442051
12735,50,94,26144.1253986
12736,50,95,24443.59969453
12737,50,96,30406.41587563
12738,50,97,32194.97046115
12739,50,98,31849.13500428
12740,50,99,24212.9426557
12741,50,100,29298.29032651
12742,50,101,23951.27569634
12743,50,102,24811.16462971
12744,50,103,33007.74898901
12745,50,104,27450.83824339
12746,50,105,26451.75254759
12747,50,106,26622.51832264
12748,50,107,24456.11781403
12749,50,108,31519.17991014
12750,50,109,27426.93802592
12751,50,110,23226.43412563
12752,50,111,20319.70740955
12753,50,112,25620.15531051
12754,50,113,24989.31824996
12755,50,114,21802.3937438
12756,50,115,27521.68747625
12757,50,116,26314.56688394
12758,50,117,24031.12972578
12759,50,118,20668.51884567
12760,50,119,29169.46630097
12761,50,120,19629.83840753
12762,50,121,23617.86994462
12763,50,122,21650.44545806
12764,50,123,26302.77152595
12765,50,124,27085.09196668
12766,50,125,23699.47615568
12767,50,126,20033.90548566
12768,50,127,26559.49972764
12769,50,128,23203.3301075
12770,50,129,23060.47814086
12771,50,130,27393.41345499
12772,50,131,26337.50476271
12773,50,132,27687.61497969
12774,50,133,27031.36254668
12775,50,134,47189.33188061
12776,50,135,43213.18564808
12777,50,136,41284.12714729
12778,50,137,38240.09643766
12779,50,138,38645.99727042
12780,50,139,42265.80260999
12781,50,140,40357.69215172
12782,50,141,40879.05892704
12783,50,142,46409.92285367
12784,50,143,47850.02404873
12785,50,144,44788.93452678
12786,50,145,46306.66183913
12787,50,146,39191.40719968
12788,50,147,29131.64487387
12789,50,148,21268.44028433
12790,50,149,29122.00432804
12791,50,150,16563.40953201
12792,50,151,26684.3955207
12793,50,152,22074.69687267
12794,50,153,28393.6361777
12795,50,154,29905.09858289
12796,50,155,17909.05811766
12797,50,156,29087.89067218
12798,50,157,29045.45855145
12799,50,158,15332.76184672
12800,50,159,29328.66042753
12801,50,160,17213.11915656
12802,50,161,19258.61539512
12803,50,162,20059.3549727
12804,50,163,28925.82031368
12805,50,164,22825.35381699
12806,50,165,28788.63955606
12807,50,166,28717.34426898
12808,50,167,29710.66960044
12809,50,168,6367.29333236
12810,50,169,3835.59112709
12811,50,170,5228.19272471
12812,50,171,7679.92987732
12813,50,172,8879.90145763
12814,50,173,8663.28119429
12815,50,174,9021.95073238
12816,50,175,12107.58510767
12817,50,176,14596.44409788
12818,50,177,9840.73016575
12819,50,178,36463.70405781
12820,50,179,33170.33373545
12821,50,180,37767.66861183
12822,50,181,39042.4328055
12823,50,182,40189.30939029
12824,50,183,43544.82881388
12825,50,184,38220.42671568
12826,50,185,34194.5965863
12827,50,186,40021.21786555
12828,50,187,42438.71920173
12829,50,188,20200.58174837
12830,50,189,23503.85607203
12831,50,190,29717.88941981
12832,50,191,25544.12929837
12833,50,192,20567.33882106
12834,50,193,26446.05125659
12835,50,194,28038.87747492
12836,50,195,21787.54789884
12837,50,196,18678.15656352
12838,50,197,31445.20303044
12839,50,198,11759.12513385
12840,50,199,9031.41166239
12841,50,200,26323.06486726
12842,50,201,11009.56114378
12843,50,202,36283.26380849
12844,50,203,31571.42856378
12845,50,204,22797.22292175
12846,50,205,16393.89090368
12847,50,206,7476.22785866
12848,50,207,39025.77577489
12849,50,208,8153.86568043
12850,50,209,30707.01953939
12851,50,210,25603.58183747
12852,50,211,35667.86977456
12853,50,212,70255.22681175
12854,50,213,77508.79205444
12855,50,214,33411.31949245
12856,50,215,26461.26757043
12857,50,216,26657.301496
12858,50,217,25212.11480738
12859,50,218,26216.22342179
12860,50,219,42542.97029517
12861,50,220,46773.54905107
12862,50,221,23962.56217087
12863,50,222,26414.1919632
12864,50,223,26407.50814439
12865,50,224,51508.38104161
12866,50,225,25963.40748938
12867,50,226,29723.87262394
12868,50,227,25541.96440787
12869,50,228,53775.37009001
12870,50,229,36549.98613899
12871,50,230,39359.73100354
12872,50,231,26292.3552596
12873,50,232,25926.20194004
12874,50,233,26689.1234322
12875,50,234,24644.56452969
12876,50,235,25438.19834677
12877,50,236,27131.60063358
12878,50,237,24950.7430447
12879,50,238,46995.47602948
12880,50,239,36189.92075958
12881,50,240,44375.15854723
12882,50,241,30517.24721632
12883,50,242,33700.18328768
12884,50,243,31073.55480476
12885,50,244,40351.58593974
12886,50,245,39895.64958446
12887,50,246,40894.73433737
12888,50,247,37421.95548502
12889,50,248,39154.3616837
12890,50,249,45370.92031759
12891,50,250,46408.44427965
12892,50,251,34940.52545735
12893,50,252,31786.55654084
12894,50,253,31809.60679217
12895,50,254,41864.93190121
12896,50,255,43032.03249307
12897,50,256,46695.38014973
12898,50,257,38396.11510253
12899,50,258,33080.69031175
12900,51,1,4217.79386082
12901,51,2,11624.77530929
12902,51,3,5199.50811248
12903,51,4,8744.95167954
12904,51,5,10969.08206924
12905,51,6,10164.8337071
12906,51,7,868.11127981
12907,51,8,7168.47722303
12908,51,9,6343.38249318
12909,51,10,991.92539668
12910,51,11,1158.4971888
12911,51,12,2207.37333487
12912,51,13,3462.44605939
12913,51,14,9213.64733313
12914,51,15,8062.4569427
12915,51,16,12528.86014048
12916,51,17,7719.84982567
12917,51,18,7296.40807022
12918,51,19,6736.84056237
12919,51,20,7094.22216435
12920,51,21,9663.29408283
12921,51,22,14729.63398878
12922,51,23,8329.09576997
12923,51,24,7913.24901072
12924,51,25,6378.59463364
12925,51,26,12304.36431346
12926,51,27,8784.01813558
12927,51,28,6874.00803834
12928,51,29,11171.96120062
12929,51,30,7020.12236313
12930,51,31,7060.4429221
12931,51,32,6260.98595528
12932,51,33,11205.35206697
12933,51,34,7015.80274799
12934,51,35,6606.51896285
12935,51,36,16975.31288866
12936,51,37,17734.12842093
12937,51,38,7386.57067285
12938,51,39,8939.74225355
12939,51,40,16494.03746952
12940,51,41,9316.3406726
12941,51,42,4859.00368787
12942,51,43,21664.55943249
12943,51,44,8913.65305104
12944,51,45,3787.85640099
12945,51,46,6159.10266963
12946,51,47,27195.26798727
12947,51,48,28257.06555057
12948,51,49,2099.53054339
12949,51,50,23841.34707782
12950,51,51,0.0
12951,51,52,1201.99665993
12952,51,53,7034.18701862
12953,51,54,1766.24122011
12954,51,55,21603.99873042
12955,51,56,3122.89209902
12956,51,57,13687.5058789
12957,51,58,11464.29314256
12958,51,59,2196.59462611
12959,51,60,2446.63992707
12960,51,61,3838.85463992
12961,51,62,16373.81936017
12962,51,63,5001.83050664
12963,51,64,23725.68335605
12964,51,65,3866.06619413
12965,51,66,9591.15444833
12966,51,67,11164.6139216
12967,51,68,9863.93118525
12968,51,69,38821.23015452
12969,51,70,15657.38209962
12970,51,71,48503.57830023
12971,51,72,25007.97172361
12972,51,73,50008.33675712
12973,51,74,40355.71880664
12974,51,75,27220.27967707
12975,51,76,46514.80477722
12976,51,77,50843.1413397
12977,51,78,51650.685162
12978,51,79,29591.32114856
12979,51,80,44495.84795663
12980,51,81,43124.07007723
12981,51,82,32474.98297564
12982,51,83,7565.59105825
12983,51,84,45571.26112209
12984,51,85,34878.80896031
12985,51,86,7363.31933782
12986,51,87,13399.14109373
12987,51,88,7890.53599913
12988,51,89,8567.48890901
12989,51,90,2573.74094955
12990,51,91,3828.9059996
12991,51,92,3484.05118283
12992,51,93,12185.81729689
12993,51,94,9464.47683875
12994,51,95,1845.97405125
12995,51,96,10289.15172313
12996,51,97,14307.01906898
12997,51,98,13211.10471098
12998,51,99,8400.42622554
12999,51,100,8715.85550755
13000,51,101,4841.98039904
13001,51,102,8787.77969745
13002,51,103,15435.09061346
13003,51,104,5997.76483612
13004,51,105,2663.26102498
13005,51,106,10952.4503024
13006,51,107,2858.34776813
13007,51,108,12015.82022327
13008,51,109,4999.29641366
13009,51,110,12339.55078317
13010,51,111,4860.89972177
13011,51,112,10901.734195
13012,51,113,13761.47862386
13013,51,114,2039.82354698
13014,51,115,16563.02158812
13015,51,116,5340.47574687
13016,51,117,11588.27159403
13017,51,118,9358.86149235
13018,51,119,18475.54275077
13019,51,120,6882.80435497
13020,51,121,12129.29693634
13021,51,122,10400.96074842
13022,51,123,6044.23535301
13023,51,124,7498.19314326
13024,51,125,2465.91331638
13025,51,126,7758.88073951
13026,51,127,4610.78592029
13027,51,128,12754.84688144
13028,51,129,1837.30681681
13029,51,130,9910.53735411
13030,51,131,14376.45162585
13031,51,132,8433.39406119
13032,51,133,15147.98598058
13033,51,134,25050.27780464
13034,51,135,21105.92323022
13035,51,136,18706.19978315
13036,51,137,14545.16267165
13037,51,138,15287.14744302
13038,51,139,19979.31167411
13039,51,140,16928.10289377
13040,51,141,17169.26242285
13041,51,142,24038.50619326
13042,51,143,26061.04414299
13043,51,144,22432.89389328
13044,51,145,24798.40405387
13045,51,146,15353.80365612
13046,51,147,8649.50886962
13047,51,148,9588.92727899
13048,51,149,6295.67986386
13049,51,150,13943.61101836
13050,51,151,8242.11145876
13051,51,152,9450.81346456
13052,51,153,8521.32867802
13053,51,154,8256.17912748
13054,51,155,10564.12215996
13055,51,156,5831.27535882
13056,51,157,6853.53543662
13057,51,158,15233.02193943
13058,51,159,6458.92883448
13059,51,160,12219.23254307
13060,51,161,9927.94171746
13061,51,162,9766.10767613
13062,51,163,5107.06608748
13063,51,164,9199.93682025
13064,51,165,5337.1082057
13065,51,166,5027.36509819
13066,51,167,8711.01021714
13067,51,168,28583.34817379
13068,51,169,26309.19525659
13069,51,170,27263.93312086
13070,51,171,29909.65374627
13071,51,172,28723.95977528
13072,51,173,29309.34117284
13073,51,174,30577.59681856
13074,51,175,30220.92394549
13075,51,176,31391.96089413
13076,51,177,28840.67254077
13077,51,178,18902.65039492
13078,51,179,14431.41335049
13079,51,180,20938.29132358
13080,51,181,25504.70771356
13081,51,182,28879.4804774
13082,51,183,33372.22814902
13083,51,184,22904.29623197
13084,51,185,16291.73862296
13085,51,186,27940.54108045
13086,51,187,32074.63112257
13087,51,188,33100.58154678
13088,51,189,30916.30336457
13089,51,190,30726.99613103
13090,51,191,30833.63393289
13091,51,192,31464.01147893
13092,51,193,30858.02441102
13093,51,194,30781.87085554
13094,51,195,30969.65919405
13095,51,196,33489.01920713
13096,51,197,31834.35509469
13097,51,198,12144.65999299
13098,51,199,15102.73931829
13099,51,200,41957.43925494
13100,51,201,27131.61257298
13101,51,202,51333.19823195
13102,51,203,46657.52428045
13103,51,204,38503.97822723
13104,51,205,30800.68032792
13105,51,206,23388.50683673
13106,51,207,54971.21697635
13107,51,208,17599.19180767
13108,51,209,6916.83984808
13109,51,210,1779.10116486
13110,51,211,11826.57740529
13111,51,212,47123.99163264
13112,51,213,54591.1378288
13113,51,214,33673.94476239
13114,51,215,16692.67291136
13115,51,216,6868.56713469
13116,51,217,11355.96488963
13117,51,218,13187.54404766
13118,51,219,41317.29056682
13119,51,220,45618.85490129
13120,51,221,8475.38316009
13121,51,222,24008.9543163
13122,51,223,4375.99006974
13123,51,224,50339.81373942
13124,51,225,8491.5303637
13125,51,226,29761.38068306
13126,51,227,18643.35299594
13127,51,228,52476.2502921
13128,51,229,36075.13549216
13129,51,230,38519.74430999
13130,51,231,2458.69666836
13131,51,232,2090.99431972
13132,51,233,2858.1334022
13133,51,234,811.23488289
13134,51,235,1602.43436787
13135,51,236,3306.42728594
13136,51,237,1113.80578388
13137,51,238,29008.9426866
13138,51,239,19719.09319559
13139,51,240,27485.42768618
13140,51,241,10176.07936581
13141,51,242,15816.82397527
13142,51,243,9036.76029979
13143,51,244,24153.2797145
13144,51,245,23248.25858117
13145,51,246,25116.05301501
13146,51,247,20411.43115273
13147,51,248,22308.87292037
13148,51,249,28211.330717
13149,51,250,27901.66836662
13150,51,251,18937.32661324
13151,51,252,11460.25442718
13152,51,253,9000.12432153
13153,51,254,25909.59746846
13154,51,255,26609.02744679
13155,51,256,27648.74497015
13156,51,257,21072.84628068
13157,51,258,14092.6119515
13158,52,1,4747.03209994
13159,52,2,11795.72193827
13160,52,3,5784.7273997
13161,52,4,9312.16718325
13162,52,5,11210.97870564
13163,52,6,10518.56295009
13164,52,7,371.29777423
13165,52,8,7793.63281753
13166,52,9,6945.11276014
13167,52,10,1993.98368541
13168,52,11,1051.41864569
13169,52,12,2484.13582958
13170,52,13,3832.19777595
13171,52,14,9682.22311228
13172,52,15,8714.18941828
13173,52,16,12587.05539702
13174,52,17,8915.0315932
13175,52,18,8498.29224382
13176,52,19,6972.74865492
13177,52,20,8138.11206082
13178,52,21,10807.15963398
13179,52,22,14105.70014205
13180,52,23,7854.64947637
13181,52,24,7704.97861455
13182,52,25,7211.96111908
13183,52,26,11679.94239234
13184,52,27,9956.80948711
13185,52,28,8001.63106844
13186,52,29,10528.59555611
13187,52,30,8210.15186384
13188,52,31,7120.9522351
13189,52,32,6979.76485538
13190,52,33,12318.82184565
13191,52,34,7943.40404079
13192,52,35,7024.11560106
13193,52,36,16365.54416634
13194,52,37,17157.78204363
13195,52,38,7322.25788685
13196,52,39,8385.25239455
13197,52,40,17508.58521199
13198,52,41,10413.02625778
13199,52,42,5780.50752831
13200,52,43,22669.25386826
13201,52,44,9971.1379017
13202,52,45,4808.834415
13203,52,46,7072.07176995
13204,52,47,28162.13878407
13205,52,48,29215.27578912
13206,52,49,3005.31776918
13207,52,50,24838.67439022
13208,52,51,1201.99665993
13209,52,52,0.0
13210,52,53,6217.74861863
13211,52,54,830.52925388
13212,52,55,20586.80754444
13213,52,56,2970.75494575
13214,52,57,12828.2529692
13215,52,58,10621.45724348
13216,52,59,1611.33603457
13217,52,60,1871.05452645
13218,52,61,4330.85705814
13219,52,62,15463.58947117
13220,52,63,4246.99169733
13221,52,64,22656.20691773
13222,52,65,3086.2214797
13223,52,66,8776.24720436
13224,52,67,9973.51427055
13225,52,68,8676.66789198
13226,52,69,37647.36182616
13227,52,70,14459.96869136
13228,52,71,47329.73523697
13229,52,72,23813.49834672
13230,52,73,48828.40673661
13231,52,74,39180.52205821
13232,52,75,26027.31684337
13233,52,76,45344.66512757
13234,52,77,49648.29868984
13235,52,78,50464.16912352
13236,52,79,28400.80444025
13237,52,80,43320.45042628
13238,52,81,41952.05129103
13239,52,82,31301.76488678
13240,52,83,6601.50110906
13241,52,84,44398.10936582
13242,52,85,33705.41575581
13243,52,86,6299.44802889
13244,52,87,12203.93520003
13245,52,88,6712.03010903
13246,52,89,7719.61753836
13247,52,90,2313.40833934
13248,52,91,4604.20073218
13249,52,92,2282.49982096
13250,52,93,12781.61533089
13251,52,94,10144.16171451
13252,52,95,2491.34430662
13253,52,96,9209.86073434
13254,52,97,13309.65684353
13255,52,98,12182.13826685
13256,52,99,9252.04258392
13257,52,100,7636.17159466
13258,52,101,5679.23845189
13259,52,102,9587.40982693
13260,52,103,14437.8510646
13261,52,104,4922.30234933
13262,52,105,1621.78420371
13263,52,106,11642.32698278
13264,52,107,3548.03317029
13265,52,108,10947.5608457
13266,52,109,3840.71072417
13267,52,110,12047.41677542
13268,52,111,5317.18069992
13269,52,112,11682.25037902
13270,52,113,13337.70110559
13271,52,114,3116.46558796
13272,52,115,16023.81752652
13273,52,116,5725.98383391
13274,52,117,12505.11663672
13275,52,118,9354.6858034
13276,52,119,17888.13695861
13277,52,120,7187.18427886
13278,52,121,13079.81015192
13279,52,122,10261.79250803
13280,52,123,6501.49283504
13281,52,124,7933.00520718
13282,52,125,3378.43835874
13283,52,126,7916.8563011
13284,52,127,4824.63262311
13285,52,128,13736.20321391
13286,52,129,2952.37464501
13287,52,130,10466.60578402
13288,52,131,13854.68000919
13289,52,132,8846.4235792
13290,52,133,14595.70727162
13291,52,134,24567.70374496
13292,52,135,20660.43847331
13293,52,136,18190.77002994
13294,52,137,13459.75892242
13295,52,138,14137.25366771
13296,52,139,19510.89012206
13297,52,140,16203.20175766
13298,52,141,16326.4817821
13299,52,142,23520.95006437
13300,52,143,25629.86166511
13301,52,144,21929.7691549
13302,52,145,24420.86528352
13303,52,146,14361.93975796
13304,52,147,8832.78533695
13305,52,148,10663.28699669
13306,52,149,6025.87816464
13307,52,150,15134.86207899
13308,52,151,8792.9461129
13309,52,152,10478.84577233
13310,52,153,8824.72196596
13311,52,154,8214.38996157
13312,52,155,11750.44470836
13313,52,156,4637.40625838
13314,52,157,6758.29181493
13315,52,158,16432.07998604
13316,52,159,5257.15367693
13317,52,160,13407.91315869
13318,52,161,11085.38827921
13319,52,162,10895.95417719
13320,52,163,4094.73829268
13321,52,164,10176.94107705
13322,52,165,4830.30692975
13323,52,166,3912.50669889
13324,52,167,8787.21809882
13325,52,168,29673.71389162
13326,52,169,27376.25292274
13327,52,170,28350.61853392
13328,52,171,31006.46724007
13329,52,172,29866.70382173
13330,52,173,30440.77096589
13331,52,174,31695.5292896
13332,52,175,31394.95701676
13333,52,176,32581.73472508
13334,52,177,29997.23787831
13335,52,178,17857.13245101
13336,52,179,13373.85365314
13337,52,180,19911.09284829
13338,52,181,24606.31561672
13339,52,182,28063.82785354
13340,52,183,32572.90022995
13341,52,184,21938.02546741
13342,52,185,15259.16613943
13343,52,186,27093.93079281
13344,52,187,31276.92173486
13345,52,188,33491.55824329
13346,52,189,31075.58939633
13347,52,190,30556.0670902
13348,52,191,30886.17781979
13349,52,192,31785.33225723
13350,52,193,30864.63604487
13351,52,194,30702.28577307
13352,52,195,31216.17072068
13353,52,196,33965.11099317
13354,52,197,31611.89177091
13355,52,198,13103.04791986
13356,52,199,16021.22746835
13357,52,200,42386.09624911
13358,52,201,27777.38280373
13359,52,202,51671.63251847
13360,52,203,47024.64536709
13361,52,204,38966.10058445
13362,52,205,31299.05247821
13363,52,206,24132.44242095
13364,52,207,55341.22698949
13365,52,208,18403.42825422
13366,52,209,5869.12617571
13367,52,210,885.3534299
13368,52,211,10857.53130546
13369,52,212,45979.34120176
13370,52,213,53434.26893633
13371,52,214,33417.46271522
13372,52,215,16239.06509617
13373,52,216,5973.50607643
13374,52,217,10840.17923241
13375,52,218,12635.08700845
13376,52,219,40900.80578196
13377,52,220,45173.06026921
13378,52,221,8035.06649866
13379,52,222,23793.55702181
13380,52,223,3308.84410413
13381,52,224,49864.22846571
13382,52,225,7782.69601165
13383,52,226,29555.23468915
13384,52,227,18318.23881475
13385,52,228,51983.06848631
13386,52,229,35749.39384608
13387,52,230,38148.67439241
13388,52,231,1711.23558142
13389,52,232,1388.37196679
13390,52,233,2083.70949406
13391,52,234,821.50347341
13392,52,235,1023.41286002
13393,52,236,2521.52092656
13394,52,237,795.34126178
13395,52,238,29022.52994275
13396,52,239,20017.96542018
13397,52,240,27620.9529614
13398,52,241,10297.08160017
13399,52,242,16066.41003871
13400,52,243,8858.01264716
13401,52,244,24396.66645268
13402,52,245,23464.49497398
13403,52,246,25382.14137657
13404,52,247,20643.15620213
13405,52,248,22521.80807439
13406,52,249,28313.42730856
13407,52,250,27872.89993607
13408,52,251,19298.08514059
13409,52,252,11524.87942712
13410,52,253,8604.01589055
13411,52,254,26149.12968624
13412,52,255,26797.87442888
13413,52,256,27564.08687867
13414,52,257,21260.42819186
13415,52,258,14259.69545874
13416,53,1,6530.36512862
13417,53,2,9129.82020754
13418,53,3,7174.93814782
13419,53,4,9293.2358837
13420,53,5,9020.90672448
13421,53,6,9063.87974041
13422,53,7,6336.80708797
13423,53,8,8529.10615108
13424,53,9,7876.66691886
13425,53,10,8021.29378553
13426,53,11,5894.09449517
13427,53,12,5688.50475969
13428,53,13,5799.06731895
13429,53,14,9039.80536177
13430,53,15,9309.39891246
13431,53,16,9228.85560353
13432,53,17,13995.39178266
13433,53,18,13270.73320261
13434,53,19,6132.49313959
13435,53,20,11167.19285986
13436,53,21,16325.20999199
13437,53,22,8043.28172531
13438,53,23,2884.33701379
13439,53,24,4229.54571931
13440,53,25,9211.94688461
13441,53,26,5661.78683707
13442,53,27,15285.1577846
13443,53,28,11701.59650973
13444,53,29,4502.10871115
13445,53,30,12617.64830428
13446,53,31,5338.02787694
13447,53,32,8471.00216384
13448,53,33,17970.38737377
13449,53,34,10273.22808139
13450,53,35,7035.19188686
13451,53,36,10303.67714582
13452,53,37,11148.89294582
13453,53,38,4795.92492134
13454,53,39,2869.01591462
13455,53,40,23453.52699281
13456,53,41,16155.87346523
13457,53,42,11892.91516695
13458,53,43,28628.07992388
13459,53,44,15841.40994936
13460,53,45,10802.93181439
13461,53,46,13193.12186572
13462,53,47,34195.52464441
13463,53,48,35263.95696863
13464,53,49,9120.05894959
13465,53,50,30811.7836059
13466,53,51,7034.18701862
13467,53,52,6217.74861863
13468,53,53,0.0
13469,53,54,6568.99017394
13470,53,55,14802.56994854
13471,53,56,8824.04600507
13472,53,57,6655.22129167
13473,53,58,4430.23526995
13474,53,59,7348.33626168
13475,53,60,4599.42716039
13476,53,61,10528.54583988
13477,53,62,9371.55146458
13478,53,63,2042.89998513
13479,53,64,17123.89686524
13480,53,65,3169.81938001
13481,53,66,2561.88586253
13482,53,67,6885.12909741
13483,53,68,5764.69492199
13484,53,69,33012.36880111
13485,53,70,11078.17455057
13486,53,71,42645.5282349
13487,53,72,19870.43213089
13488,53,73,44248.43645369
13489,53,74,34559.25368319
13490,53,75,21980.38264539
13491,53,76,40608.28616837
13492,53,77,45450.44821789
13493,53,78,46019.50006438
13494,53,79,24233.30231104
13495,53,80,38680.40902552
13496,53,81,37261.24097522
13497,53,82,26706.36108174
13498,53,83,9134.76243041
13499,53,84,39714.52260943
13500,53,85,29091.22628875
13501,53,86,8157.85281065
13502,53,87,8936.39922251
13503,53,88,6814.20532523
13504,53,89,10672.21254248
13505,53,90,4709.09212634
13506,53,91,7407.2240643
13507,53,92,5033.41150648
13508,53,93,12250.875064
13509,53,94,10550.59099444
13510,53,95,6450.51264107
13511,53,96,10068.76934338
13512,53,97,14342.63136189
13513,53,98,13056.74083222
13514,53,99,10841.08113037
13515,53,100,8893.35051377
13516,53,101,8237.74553093
13517,53,102,10799.84125062
13518,53,103,15357.49918604
13519,53,104,7276.7375784
13520,53,105,4642.72645529
13521,53,106,11831.38798286
13522,53,107,6731.40954583
13523,53,108,11598.3823112
13524,53,109,6013.89771098
13525,53,110,16727.16017919
13526,53,111,11487.79343117
13527,53,112,12407.72117319
13528,53,113,17512.14490519
13529,53,114,9048.08054327
13530,53,115,19597.30285197
13531,53,116,6285.94862729
13532,53,117,14001.08084698
13533,53,118,14867.55761253
13534,53,119,21156.44300833
13535,53,120,13212.67457917
13536,53,121,14748.67032309
13537,53,122,15445.03162949
13538,53,123,6949.61366475
13539,53,124,7654.35906215
13540,53,125,7350.84913543
13541,53,126,13751.14980874
13542,53,127,5345.22858283
13543,53,128,15568.17692613
13544,53,129,7810.73406459
13545,53,130,10115.41884863
13546,53,131,17622.90395193
13547,53,132,8146.35863893
13548,53,133,18191.35120315
13549,53,134,18687.54553318
13550,53,135,14901.3580562
13551,53,136,12296.87472698
13552,53,137,8226.91312676
13553,53,138,9590.35123842
13554,53,139,13710.02232788
13555,53,140,10003.48691226
13556,53,141,10135.57110921
13557,53,142,17575.8968398
13558,53,143,19857.48136467
13559,53,144,16025.14262126
13560,53,145,18793.82623182
13561,53,146,8530.40662689
13562,53,147,6948.6589523
13563,53,148,13554.97470326
13564,53,149,3316.89612188
13565,53,150,19131.65304841
13566,53,151,8829.64403864
13567,53,152,13026.93416266
13568,53,153,7563.54914869
13569,53,154,5393.19251756
13570,53,155,15809.29282675
13571,53,156,4296.37229957
13572,53,157,4399.95598848
13573,53,158,20635.67723522
13574,53,159,5137.05288274
13575,53,160,17422.56640937
13576,53,161,14755.87440795
13577,53,162,14272.98834798
13578,53,163,2464.28929339
13579,53,164,12400.70955281
13580,53,165,2372.03519163
13581,53,166,3206.8325127
13582,53,167,6365.3267109
13583,53,168,35336.50310863
13584,53,169,33140.81366941
13585,53,170,34033.19554738
13586,53,171,36635.67146926
13587,53,172,35221.5183188
13588,53,173,35874.46984507
13589,53,174,37210.09450536
13590,53,175,36437.01812292
13591,53,176,37361.93575345
13592,53,177,35235.45132637
13593,53,178,18036.71553467
13594,53,179,13811.145894
13595,53,180,20158.41391638
13596,53,181,25767.12229516
13597,53,182,29711.24321642
13598,53,183,34231.65588818
13599,53,184,22653.28101604
13600,53,185,15768.82560075
13601,53,186,28555.59453298
13602,53,187,32971.22283356
13603,53,188,39426.01869031
13604,53,189,36586.76421571
13605,53,190,35167.47584825
13606,53,191,36143.94211242
13607,53,192,37612.4708803
13608,53,193,36002.11198956
13609,53,194,35597.10370329
13610,53,195,36908.43485731
13611,53,196,40013.39638268
13612,53,197,36038.43489496
13613,53,198,19163.82044629
13614,53,199,22134.31333041
13615,53,200,48361.07893207
13616,53,201,33973.4572692
13617,53,202,57489.3764274
13618,53,203,52898.21619931
13619,53,204,44990.58444098
13620,53,205,37376.55325819
13621,53,206,30349.98353125
13622,53,207,61210.1167427
13623,53,208,24606.45530433
13624,53,209,2029.43726188
13625,53,210,5357.73422831
13626,53,211,5001.34252111
13627,53,212,40915.85952136
13628,53,213,48488.49174409
13629,53,214,37704.51029573
13630,53,215,20154.04844771
13631,53,216,9114.18938657
13632,53,217,14854.85598593
13633,53,218,16360.16379901
13634,53,219,44481.43977076
13635,53,220,48589.54037839
13636,53,221,12590.77390138
13637,53,222,28350.64657736
13638,53,223,6678.85728349
13639,53,224,53111.44441758
13640,53,225,11400.4655245
13641,53,226,34060.80497225
13642,53,227,22630.90194106
13643,53,228,55134.03015629
13644,53,229,39752.20733484
13645,53,230,41946.26472653
13646,53,231,4584.79186423
13647,53,232,4951.18601628
13648,53,233,4185.64508742
13649,53,234,6222.99991699
13650,53,235,5436.41004559
13651,53,236,3734.8504641
13652,53,237,5922.94094435
13653,53,238,24642.46512665
13654,53,239,17212.88060795
13655,53,240,23777.81429179
13656,53,241,7677.18286076
13657,53,242,13280.04057884
13658,53,243,5092.10721984
13659,53,244,21135.26578794
13660,53,245,20105.72382518
13661,53,246,22198.46202748
13662,53,247,17474.03302895
13663,53,248,19182.02023251
13664,53,249,24311.068949
13665,53,250,23346.74634427
13666,53,251,16851.36352508
13667,53,252,8365.89593712
13668,53,253,3801.21866057
13669,53,254,22816.38704593
13670,53,255,23212.65710582
13671,53,256,22831.98831857
13672,53,257,17852.00561925
13673,53,258,11234.03172611
13674,54,1,5576.4012566
13675,54,2,12586.16090446
13676,54,3,6612.58031292
13677,54,4,10142.27319514
13678,54,5,12015.39233564
13679,54,6,11338.9919902
13680,54,7,1144.14215918
13681,54,8,8620.53718933
13682,54,9,7772.96073609
13683,54,10,2255.59769488
13684,54,11,1881.87615474
13685,54,12,3314.19968554
13686,54,13,4661.88660347
13687,54,14,10511.48395022
13688,54,15,9539.60145993
13689,54,16,13349.77927162
13690,54,17,9282.40485536
13691,54,18,8945.95808732
13692,54,19,7783.1891582
13693,54,20,8847.02871327
13694,54,21,11019.24098458
13695,54,22,14553.6727214
13696,54,23,8424.53425072
13697,54,24,8397.58157098
13698,54,25,8006.43660483
13699,54,26,12136.09097362
13700,54,27,10239.75588944
13701,54,28,8639.20141597
13702,54,29,10977.07303029
13703,54,30,8735.62950831
13704,54,31,7897.96387252
13705,54,32,7796.07149374
13706,54,33,12468.84145735
13707,54,34,8709.80662958
13708,54,35,7852.29424401
13709,54,36,16817.43349104
13710,54,37,17630.18063856
13711,54,38,8065.38705844
13712,54,39,8904.93079342
13713,54,40,17502.23192171
13714,54,41,10543.52686852
13715,54,42,5747.63421931
13716,54,43,22642.57557939
13717,54,44,10046.94523997
13718,54,45,4904.47454735
13719,54,46,7008.75946511
13720,54,47,28085.23912043
13721,54,48,29127.76215201
13722,54,49,3071.54268769
13723,54,50,24800.58180518
13724,54,51,1766.24122011
13725,54,52,830.52925388
13726,54,53,6568.99017394
13727,54,54,0.0
13728,54,55,20654.3350414
13729,54,56,2326.09183685
13730,54,57,13090.48151444
13731,54,58,10909.20298126
13732,54,59,859.67103157
13733,54,60,2542.83465729
13734,54,61,3997.82047478
13735,54,62,15666.4223672
13736,54,63,4689.877681
13737,54,64,22646.53307802
13738,54,65,3552.91563185
13739,54,66,9101.40042945
13740,54,67,9701.48043939
13741,54,68,8429.07402828
13742,54,69,37413.71288158
13743,54,70,14137.75710126
13744,54,71,47093.87779288
13745,54,72,23501.5822527
13746,54,73,48572.19881703
13747,54,74,38942.22061398
13748,54,75,25722.66365787
13749,54,76,45120.44668195
13750,54,77,49326.5937425
13751,54,78,50182.79190881
13752,54,79,28107.43311027
13753,54,80,43080.48662879
13754,54,81,41722.96389587
13755,54,82,31072.42695289
13756,54,83,5832.30967629
13757,54,84,44164.98943952
13758,54,85,33474.56644223
13759,54,86,5597.70678919
13760,54,87,11901.59276884
13761,54,88,6188.60761278
13762,54,89,6910.13683593
13763,54,90,3072.6734593
13764,54,91,5405.34431286
13765,54,92,2034.95275611
13766,54,93,13611.38976827
13767,54,94,10967.72658247
13768,54,95,3298.96562823
13769,54,96,8522.97853274
13770,54,97,12562.45702108
13771,54,98,11454.61321241
13772,54,99,10044.19489995
13773,54,100,6949.62044702
13774,54,101,6469.67916971
13775,54,102,10392.2728444
13776,54,103,13690.88188537
13777,54,104,4231.55987041
13778,54,105,1942.83235184
13779,54,106,12465.45233081
13780,54,107,4358.91370696
13781,54,108,10250.59806779
13782,54,109,3279.78874887
13783,54,110,11261.67988621
13784,54,111,4927.776017
13785,54,112,12492.238644
13786,54,113,12524.37556491
13787,54,114,3343.12198237
13788,54,115,15196.37708199
13789,54,116,6553.69762177
13790,54,117,13279.00836447
13791,54,118,8670.34232881
13792,54,119,17058.12408436
13793,54,120,6670.8824811
13794,54,121,13840.75850756
13795,54,122,9523.90732761
13796,54,123,7331.47519906
13797,54,124,8761.46972616
13798,54,125,4135.63533971
13799,54,126,7315.05042632
13800,54,127,5639.15825831
13801,54,128,14483.3357031
13802,54,129,3601.39392847
13803,54,130,11297.0286802
13804,54,131,13029.07584509
13805,54,132,9673.11566886
13806,54,133,13767.6397112
13807,54,134,25088.07475348
13808,54,135,21206.26380535
13809,54,136,18699.48074593
13810,54,137,13441.3390756
13811,54,138,13989.12615532
13812,54,139,20045.25043142
13813,54,140,16571.61673365
13814,54,141,16593.83630326
13815,54,142,24021.36969681
13816,54,143,26178.65235975
13817,54,144,22440.66475621
13818,54,145,24999.4747321
13819,54,146,14474.68213582
13820,54,147,9630.41591817
13821,54,148,11351.40888574
13822,54,149,6707.68509134
13823,54,150,15647.8408979
13824,54,151,9623.29389107
13825,54,152,11199.09445357
13826,54,153,9640.96364669
13827,54,154,8960.10972976
13828,54,155,12282.93336156
13829,54,156,4393.11809495
13830,54,157,7495.26841185
13831,54,158,16903.72742471
13832,54,159,4884.5236378
13833,54,160,13931.39857309
13834,54,161,11681.05537346
13835,54,162,11530.2716983
13836,54,163,4281.01127215
13837,54,164,10924.48603163
13838,54,165,5419.51933878
13839,54,166,3935.06220342
13840,54,167,9562.3136715
13841,54,168,29759.99406244
13842,54,169,27428.45581898
13843,54,170,28431.92789275
13844,54,171,31102.41254558
13845,54,172,30048.35460309
13846,54,173,30599.00241113
13847,54,174,31827.58962381
13848,54,175,31653.46106723
13849,54,176,32895.67527303
13850,54,177,30209.94769756
13851,54,178,17142.43563224
13852,54,179,12668.07682296
13853,54,180,19183.61926395
13854,54,181,23817.28341145
13855,54,182,27252.86249407
13856,54,183,31758.99305812
13857,54,184,21176.11080487
13858,54,185,14534.77296263
13859,54,186,26290.00583301
13860,54,187,30462.63444084
13861,54,188,32958.4345809
13862,54,189,30427.94806934
13863,54,190,29790.45439336
13864,54,191,30194.49401772
13865,54,192,31215.31910895
13866,54,193,30155.71018863
13867,54,194,29963.86811689
13868,54,195,30608.7628292
13869,54,196,33481.65311628
13870,54,197,30832.57795281
13871,54,198,13043.19551859
13872,54,199,15909.5611984
13873,54,200,41870.86170026
13874,54,201,27411.75944518
13875,54,202,51104.07436402
13876,54,203,46473.49140863
13877,54,204,38471.87856425
13878,54,205,30830.93777686
13879,54,206,23846.4331227
13880,54,207,54789.87507673
13881,54,208,18177.46213633
13882,54,209,5964.02715356
13883,54,210,1517.58201001
13884,54,211,11011.66509365
13885,54,212,45820.06626836
13886,54,213,53244.56227189
13887,54,214,32629.72732748
13888,54,215,15420.13731908
13889,54,216,5175.1009599
13890,54,217,10016.32852299
13891,54,218,11807.41393558
13892,54,219,40083.35031867
13893,54,220,44351.81909135
13894,54,221,7224.78426101
13895,54,222,23018.29942661
13896,54,223,2609.92204529
13897,54,224,49039.7929013
13898,54,225,6953.50757812
13899,54,226,28780.51644244
13900,54,227,17520.01742006
13901,54,228,51157.07134284
13902,54,229,34946.92224165
13903,54,230,37338.06162912
13904,54,231,2303.71889346
13905,54,232,2047.0315725
13906,54,233,2620.66360726
13907,54,234,1631.29509586
13908,54,235,1785.87047675
13909,54,236,3016.79713325
13910,54,237,1625.06549659
13911,54,238,29760.20015362
13912,54,239,20826.47728998
13913,54,240,28393.51462435
13914,54,241,11079.09264185
13915,54,242,16868.2964885
13916,54,243,9555.68693166
13917,54,244,25194.12473151
13918,54,245,24256.80604425
13919,54,246,26183.6102141
13920,54,247,21439.56312606
13921,54,248,23313.7509783
13922,54,249,29077.09315831
13923,54,250,28597.29722627
13924,54,251,20115.56481324
13925,54,252,12291.03848196
13926,54,253,9209.41955539
13927,54,254,26945.38938347
13928,54,255,27583.32263112
13929,54,256,28269.16927378
13930,54,257,22047.45899852
13931,54,258,15046.6325338
13932,55,1,21108.46124556
13933,55,2,19520.4016204
13934,55,3,21520.42801467
13935,55,4,22356.2824397
13936,55,5,20087.56136729
13937,55,6,20940.11911102
13938,55,7,20802.91031032
13939,55,8,22280.68066024
13940,55,9,21882.35376478
13941,55,10,22548.37657745
13942,55,11,20530.71746181
13943,55,12,20488.50093288
13944,55,13,20519.12803912
13945,55,14,21685.77362216
13946,55,15,22791.41774424
13947,55,16,18505.30565002
13948,55,17,28795.70167251
13949,55,18,28049.98630758
13950,55,19,19726.68661514
13951,55,20,25581.5465213
13952,55,21,31111.69644623
13953,55,22,10423.92401604
13954,55,23,15147.71660209
13955,55,24,16880.00621435
13956,55,25,23441.72207765
13957,55,26,11665.22724505
13958,55,27,30086.02963966
13959,55,28,26298.94523167
13960,55,29,12223.3236651
13961,55,30,27350.88329966
13962,55,31,18682.23969932
13963,55,32,22608.02311081
13964,55,33,32736.07714912
13965,55,34,24500.27882991
13966,55,35,20797.71730814
13967,55,36,9900.29869212
13968,55,37,10321.3722866
13969,55,38,17892.17822623
13970,55,39,14307.83858221
13971,55,40,38091.15326538
13972,55,41,30888.13177284
13973,55,42,26361.62173033
13974,55,43,43255.42470278
13975,55,44,30516.34959486
13976,55,45,25379.41575912
13977,55,46,27644.5817651
13978,55,47,48736.30411153
13979,55,48,49781.48650544
13980,55,49,23592.10721362
13981,55,50,45425.4726769
13982,55,51,21603.99873042
13983,55,52,20586.80754444
13984,55,53,14802.56994854
13985,55,54,20654.3350414
13986,55,55,0.0
13987,55,56,22508.84323466
13988,55,57,8603.91657488
13989,55,58,10656.72970145
13990,55,59,21227.82239412
13991,55,60,19273.92361055
13992,55,61,24572.92332853
13993,55,62,5858.66599609
13994,55,63,16799.25597027
13995,55,64,2857.69238955
13996,55,65,17824.79018262
13997,55,66,12465.72076962
13998,55,67,12280.94112418
13999,55,68,13094.57526144
14000,55,69,19719.03638908
14001,55,70,10323.40465509
14002,55,71,28957.10265336
14003,55,72,10650.49688734
14004,55,73,30712.46340988
14005,55,74,21226.36612659
14006,55,75,11709.60414289
14007,55,76,26870.37058175
14008,55,77,32607.63641245
14009,55,78,32692.03503855
14010,55,79,13056.71267693
14011,55,80,25168.06713638
14012,55,81,23693.20193068
14013,55,82,13951.98223254
14014,55,83,19667.77703796
14015,55,84,26092.89094418
14016,55,85,16079.37390416
14017,55,86,18622.24612087
14018,55,87,11126.797082
14019,55,88,16576.59368587
14020,55,89,20863.86141545
14021,55,90,19485.59326883
14022,55,91,22089.00853756
14023,55,92,18670.71333434
14024,55,93,24043.26117156
14025,55,94,23608.90685077
14026,55,95,21246.96874635
14027,55,96,17988.26327194
14028,55,97,19984.86366317
14029,55,98,19111.64770624
14030,55,99,24622.65856973
14031,55,100,18165.94684597
14032,55,101,22781.05274533
14033,55,102,24362.81454581
14034,55,103,20314.19301718
14035,55,104,18833.18133367
14036,55,105,18975.32900599
14037,55,106,24417.80428052
14038,55,107,21509.37004
14039,55,108,18177.97568408
14040,55,109,18398.80293665
14041,55,110,27438.80289154
14042,55,111,25387.49392945
14043,55,112,25324.48317821
14044,55,113,27244.26542644
14045,55,114,23642.91008169
14046,55,115,27858.83872209
14047,55,116,20530.55018524
14048,55,117,27260.56391135
14049,55,118,27216.66774721
14050,55,119,28534.3737431
14051,55,120,26646.44878379
14052,55,121,28042.25672869
14053,55,122,27180.41018526
14054,55,123,20961.92401598
14055,55,124,21039.19923678
14056,55,125,22151.37452611
14057,55,126,26773.88283497
14058,55,127,19832.40678616
14059,55,128,28890.60400863
14060,55,129,22593.61208387
14061,55,130,22674.16231173
14062,55,131,26656.43891381
14063,55,132,21056.372636
14064,55,133,26802.76004396
14065,55,134,13931.21162216
14066,55,135,12989.69968314
14067,55,136,11323.88467692
14068,55,137,7376.58158166
14069,55,138,7913.49000472
14070,55,139,12302.2872091
14071,55,140,8104.80613651
14072,55,141,6149.08935395
14073,55,142,12744.49148754
14074,55,143,15479.84958296
14075,55,144,12355.44273103
14076,55,145,15792.87495146
14077,55,146,6275.48943924
14078,55,147,19362.39307035
14079,55,148,27725.02587606
14080,55,149,17288.67871013
14081,55,150,33574.04654948
14082,55,151,22064.8672964
14083,55,152,27066.47567579
14084,55,153,20244.5679192
14085,55,154,17824.49336251
14086,55,155,30368.7152903
14087,55,156,16526.33673108
14088,55,157,17882.15289825
14089,55,158,35137.47454459
14090,55,159,16511.40184441
14091,55,160,31919.12341853
14092,55,161,29204.97829351
14093,55,162,28622.37126809
14094,55,163,16503.53841063
14095,55,164,26329.77210477
14096,55,165,17061.02427557
14097,55,166,16721.69163372
14098,55,167,18578.93217392
14099,55,168,50121.16055248
14100,55,169,47893.18325474
14101,55,170,48812.45732034
14102,55,171,51427.41104469
14103,55,172,50015.73846159
14104,55,173,50675.45889084
14105,55,174,52012.45102127
14106,55,175,51154.89174921
14107,55,176,51968.53271399
14108,55,177,50010.17082359
14109,55,178,20383.49210808
14110,55,179,18700.60063637
14111,55,180,21840.78234928
14112,55,181,27889.40459227
14113,55,182,32176.69350168
14114,55,183,36086.71260955
14115,55,184,24566.18197111
14116,55,185,19777.37827283
14117,55,186,30801.57503217
14118,55,187,35068.70845893
14119,55,188,51451.41589898
14120,55,189,47351.34909967
14121,55,190,43695.03101631
14122,55,191,46234.84220081
14123,55,192,49306.62243167
14124,55,193,45785.67430473
14125,55,194,44789.09633262
14126,55,195,48194.10462143
14127,55,196,52486.40557759
14128,55,197,44064.17913082
14129,55,198,33682.63404428
14130,55,199,36563.63770311
14131,55,200,60375.50488934
14132,55,201,47383.6344771
14133,55,202,68739.79180123
14134,55,203,64432.81773548
14135,55,204,57271.99241082
14136,55,205,50031.17130837
14137,55,206,44198.58070635
14138,55,207,72609.0888531
14139,55,208,38719.89897771
14140,55,209,14718.84770373
14141,55,210,19831.67059353
14142,55,211,9817.57551182
14143,55,212,26644.89339954
14144,55,213,34304.27847281
14145,55,214,45283.40587943
14146,55,215,28918.19349309
14147,55,216,20276.68031294
14148,55,217,24953.26246701
14149,55,218,25628.62360129
14150,55,219,49923.5258344
14151,55,220,53399.01039874
14152,55,221,24019.0929415
14153,55,222,37297.4045766
14154,55,223,19417.68593033
14155,55,224,57278.77140477
14156,55,225,22063.99198402
14157,55,226,42414.20766224
14158,55,227,31736.55942206
14159,55,228,58970.95559601
14160,55,229,46512.46844068
14161,55,230,48070.16891498
14162,55,231,19173.32429611
14163,55,232,19535.37102317
14164,55,233,18782.48891037
14165,55,234,20809.94479041
14166,55,235,20019.83928151
14167,55,236,18350.3887538
14168,55,237,20503.42612657
14169,55,238,25424.14547644
14170,55,239,24155.7758689
14171,55,240,26450.72293725
14172,55,241,18912.65957022
14173,55,242,21604.28089725
14174,55,243,16695.83965965
14175,55,244,25987.56153736
14176,55,245,24980.59203587
14177,55,246,26991.65378841
14178,55,247,23554.94535056
14179,55,248,24357.14333737
14180,55,249,26389.82161985
14181,55,250,23919.30536123
14182,55,251,24604.40058068
14183,55,252,18471.27263658
14184,55,253,15238.39198772
14185,55,254,27098.15704723
14186,55,255,26739.77793719
14187,55,256,22773.47091268
14188,55,257,23258.08823852
14189,55,258,20018.09713541
14190,56,1,7340.59579598
14191,56,2,14682.84203512
14192,56,3,8314.7371863
14193,56,4,11853.84670201
14194,56,5,14055.96994592
14195,56,6,13280.31255808
14196,56,7,3103.2415379
14197,56,8,10265.13854083
14198,56,9,9450.55007623
14199,56,10,2744.77129353
14200,56,11,3897.06739486
14201,56,12,5251.71020642
14202,56,13,6561.51274433
14203,56,14,12336.08929987
14204,56,15,11144.69671605
14205,56,16,15523.62975509
14206,56,17,8902.51426977
14207,56,18,8833.15476401
14208,56,19,9812.41754474
14209,56,20,9708.30842513
14210,56,21,10127.39832645
14211,56,22,16844.07090316
14212,56,23,10750.53607171
14213,56,24,10675.05228281
14214,56,25,9351.70040144
14215,56,26,14433.19879141
14216,56,27,9572.12325868
14217,56,28,9208.72167171
14218,56,29,13272.06239612
14219,56,30,8891.44981477
14220,56,31,10046.64380074
14221,56,32,9321.63648593
14222,56,33,11375.73794287
14223,56,34,9862.80474471
14224,56,35,9726.68372381
14225,56,36,19108.02205911
14226,56,37,19930.58652346
14227,56,38,10282.25871881
14228,56,39,11226.53307479
14229,56,40,15966.93143667
14230,56,41,9446.54792915
14231,56,42,4484.7424053
14232,56,43,21033.26502751
14233,56,44,8824.14867106
14234,56,45,4099.80454467
14235,56,46,5569.73294918
14236,56,47,26356.4081631
14237,56,48,27376.00142635
14238,56,49,2665.8239124
14239,56,50,23159.0962466
14240,56,51,3122.89209902
14241,56,52,2970.75494575
14242,56,53,8824.04600507
14243,56,54,2326.09183685
14244,56,55,22508.84323466
14245,56,56,0.0
14246,56,57,15234.6427642
14247,56,58,13088.30060862
14248,56,59,1487.00191292
14249,56,60,4826.96569918
14250,56,61,2181.14050777
14251,56,62,17732.64078918
14252,56,63,6999.97384644
14253,56,64,24361.13468121
14254,56,65,5873.83453637
14255,56,66,11322.10817028
14256,56,67,10997.69390757
14257,56,68,9815.89801221
14258,56,69,38609.53197489
14259,56,70,15228.18634323
14260,56,71,48269.20882837
14261,56,72,24540.82124771
14262,56,73,49694.32907618
14263,56,74,40123.64959788
14264,56,75,26770.70349156
14265,56,76,46327.15087186
14266,56,77,50273.9279832
14267,56,78,51237.73976753
14268,56,79,29175.81417879
14269,56,80,44251.00515316
14270,56,81,42922.56453391
14271,56,82,32293.47075298
14272,56,83,5441.93312634
14273,56,84,45350.99898238
14274,56,85,34685.7503807
14275,56,86,5664.41259157
14276,56,87,13077.79700862
14277,56,88,6943.92648455
14278,56,89,6043.20411153
14279,56,90,5277.18776871
14280,56,91,6891.52655836
14281,56,92,3933.51976218
14282,56,93,15278.94386206
14283,56,94,12526.41948798
14284,56,95,4968.79211536
14285,56,96,8472.10619979
14286,56,97,12042.51052439
14287,56,98,11081.76295933
14288,56,99,11326.89336239
14289,56,100,6986.03067718
14290,56,101,7839.81813172
14291,56,102,11764.9753747
14292,56,103,13152.23523622
14293,56,104,4531.81749501
14294,56,105,4252.11691733
14295,56,106,14002.22880894
14296,56,107,5969.37980692
14297,56,108,10082.82117226
14298,56,109,4271.04233172
14299,56,110,9218.34438912
14300,56,111,2881.3772848
14301,56,112,13881.61639175
14302,56,113,10651.5187197
14303,56,114,3267.77141983
14304,56,115,13499.75136362
14305,56,116,8453.5425041
14306,56,117,14390.73489211
14307,56,118,6384.23129528
14308,56,119,15441.14758858
14309,56,120,4390.04871367
14310,56,121,14866.82713369
14311,56,122,7326.55255615
14312,56,123,9166.64714245
14313,56,124,10620.39380194
14314,56,125,5482.23886539
14315,56,126,4989.15252145
14316,56,127,7666.06237575
14317,56,128,15422.99181189
14318,56,129,4631.99226039
14319,56,130,13019.98060596
14320,56,131,11308.00502332
14321,56,132,11554.73910575
14322,56,133,12096.81193024
14323,56,134,27405.03010769
14324,56,135,23529.6502129
14325,56,136,21013.9899453
14326,56,137,15191.93939514
14327,56,138,15487.40297176
14328,56,139,22366.54294603
14329,56,140,18806.03308118
14330,56,141,18732.22890987
14331,56,142,26331.63486414
14332,56,143,28502.18521627
14333,56,144,24755.03028807
14334,56,145,27325.56656814
14335,56,146,16425.78470487
14336,56,147,11708.23130425
14337,56,148,12051.37095862
14338,56,149,8993.33721458
14339,56,150,15585.54203836
14340,56,151,11355.67093954
14341,56,152,12051.76180276
14342,56,153,11623.72311307
14343,56,154,11171.74013786
14344,56,155,12350.04220262
14345,56,156,5990.70420513
14346,56,157,9722.16277836
14347,56,158,16683.18883181
14348,56,159,6169.60422735
14349,56,160,13933.39291532
14350,56,161,11994.19508815
14351,56,162,11998.38981162
14352,56,163,6447.96410947
14353,56,164,11921.58339592
14354,56,165,7742.53120598
14355,56,166,5955.80617426
14356,56,167,11711.63729609
14357,56,168,28374.03340073
14358,56,169,25972.17656945
14359,56,170,27038.59765866
14360,56,171,29735.05541703
14361,56,172,28892.36271091
14362,56,173,29382.65670261
14363,56,174,30543.78556348
14364,56,175,30693.74617213
14365,56,176,32086.45242709
14366,56,177,29133.17327881
14367,56,178,16751.767234
14368,56,179,12392.56948839
14369,56,180,18700.46149175
14370,56,181,22879.923944
14371,56,182,26087.65031045
14372,56,183,30546.72122917
14373,56,184,20459.95301405
14374,56,185,14121.85375136
14375,56,186,25204.55811966
14376,56,187,29248.58892333
14377,56,188,30643.72201102
14378,56,189,28115.21949268
14379,56,190,27648.11946091
14380,56,191,27915.56747796
14381,56,192,28890.85340151
14382,56,193,27897.60139514
14383,56,194,27754.89694631
14384,56,195,28283.68082352
14385,56,196,31192.21000846
14386,56,197,28735.00714102
14387,56,198,11437.7734835
14388,56,199,14166.2515214
14389,56,200,39562.86537625
14390,56,201,25231.14965215
14391,56,202,48779.58928462
14392,56,203,44152.37910725
14393,56,204,36175.09855043
14394,56,205,28552.52349921
14395,56,206,21772.66562143
14396,56,207,52468.51961984
14397,56,208,16212.05430389
14398,56,209,7993.71735621
14399,56,210,3806.34989962
14400,56,211,13042.26548645
14401,56,212,47179.90515074
14402,56,213,54525.70793147
14403,56,214,30564.65466335
14404,56,215,13588.61519535
14405,56,216,4585.10446015
14406,56,217,8295.25085848
14407,56,218,10143.51780247
14408,56,219,38197.98226679
14409,56,220,42504.35490982
14410,56,221,5388.24173271
14411,56,222,20910.41733844
14412,56,223,3261.05597994
14413,56,224,47232.35688168
14414,56,225,5689.23650913
14415,56,226,26667.53370778
14416,56,227,15520.96394203
14417,56,228,49374.08800577
14418,56,229,32953.87944497
14419,56,230,35396.94203653
14420,56,231,4617.19046705
14421,56,232,4333.77020662
14422,56,233,4945.3098165
14423,56,234,3537.27746439
14424,56,235,3993.50242707
14425,56,236,5342.37001621
14426,56,237,3680.45680926
14427,56,238,31978.5601662
14428,56,239,22828.62707144
14429,56,240,30534.28467972
14430,56,241,13206.09773351
14431,56,242,18910.67700223
14432,56,243,11828.65862745
14433,56,244,27248.38021409
14434,56,245,26333.30841773
14435,56,246,28218.46214576
14436,56,247,23501.30040239
14437,56,248,25392.3348192
14438,56,249,31241.30454127
14439,56,250,30837.04700814
14440,56,251,22057.28994806
14441,56,252,14458.05010154
14442,56,253,11531.54070043
14443,56,254,29003.82868107
14444,56,255,29683.70123149
14445,56,256,30534.0821976
14446,56,257,24145.2622533
14447,56,258,17151.45672562
14448,57,1,12606.85650643
14449,57,2,11380.72431628
14450,57,3,12955.44094294
14451,57,4,13801.14685495
14452,57,5,11816.17114237
14453,57,6,12535.49729093
14454,57,7,12972.10413187
14455,57,8,13677.65269873
14456,57,9,13282.17341732
14457,57,10,14672.60699792
14458,57,11,12549.312672
14459,57,12,12252.43439573
14460,57,13,12100.98327482
14461,57,14,13173.26055806
14462,57,15,14202.03515654
14463,57,16,10601.55326111
14464,57,17,20441.92419927
14465,57,18,19637.89620174
14466,57,19,11122.77447502
14467,57,20,17004.93180107
14468,57,21,22871.15163925
14469,57,22,3644.6107016
14470,57,23,6549.31821693
14471,57,24,8279.10065231
14472,57,25,14850.48426055
14473,57,26,3390.25253975
14474,57,27,21786.03897238
14475,57,28,17764.56029731
14476,57,29,3671.527167
14477,57,30,18886.30532469
14478,57,31,10078.59597013
14479,57,32,14012.56969841
14480,57,33,24543.31131743
14481,57,34,15905.34594399
14482,57,35,12193.97530632
14483,57,36,5196.62024009
14484,57,37,6140.78006021
14485,57,38,9289.22821798
14486,57,39,5708.49077551
14487,57,40,30088.31734977
14488,57,41,22761.85578944
14489,57,42,18544.88901703
14490,57,43,35261.47360188
14491,57,44,22474.6660323
14492,57,45,17457.93711706
14493,57,46,19845.13657077
14494,57,47,40842.5533486
14495,57,48,41913.38248091
14496,57,49,15767.59474513
14497,57,50,37447.21110261
14498,57,51,13687.5058789
14499,57,52,12828.2529692
14500,57,53,6655.22129167
14501,57,54,13090.48151444
14502,57,55,8603.91657488
14503,57,56,15234.6427642
14504,57,57,0.0
14505,57,58,2228.67568248
14506,57,59,13805.83060868
14507,57,60,11254.53869032
14508,57,61,17086.70714498
14509,57,62,2813.21013744
14510,57,63,8695.98398931
14511,57,64,11234.564598
14512,57,65,9821.47617089
14513,57,66,4116.53297913
14514,57,67,7906.66833922
14515,57,68,7823.95243301
14516,57,69,27881.47250359
14517,57,70,9679.4988982
14518,57,71,37331.57501534
14519,57,72,16160.83457994
14520,57,73,39034.00637896
14521,57,74,29418.09905764
14522,57,75,17978.45795093
14523,57,76,35256.85320134
14524,57,77,40646.08364216
14525,57,78,40937.00129386
14526,57,79,19948.79298358
14527,57,80,33459.11853143
14528,57,81,32000.18956444
14529,57,82,21772.08289927
14530,57,83,14000.95733986
14531,57,84,34431.83215123
14532,57,85,24067.97762081
14533,57,86,12893.42913043
14534,57,87,8546.75574165
14535,57,88,10941.42840837
14536,57,89,15474.97373187
14537,57,90,11329.60504607
14538,57,91,13624.9926858
14539,57,92,11307.25911801
14540,57,93,15743.60674495
14541,57,94,15068.51306377
14542,57,95,13021.15702192
14543,57,96,13563.90336242
14544,57,97,17076.0521176
14545,57,98,15877.91554136
14546,57,99,16023.24056061
14547,57,100,13020.95425448
14548,57,101,14250.72920899
14549,57,102,15775.67654693
14550,57,103,17833.11432053
14551,57,104,12554.99931638
14552,57,105,11220.05476237
14553,57,106,15961.51666693
14554,57,107,13142.3238471
14555,57,108,14535.70379388
14556,57,109,11659.84087614
14557,57,110,22058.57018523
14558,57,111,18011.05601042
14559,57,112,16823.89804429
14560,57,113,22426.52851738
14561,57,114,15703.20006716
14562,57,115,23911.99044252
14563,57,116,11959.24732337
14564,57,117,18724.93184542
14565,57,118,20859.53757104
14566,57,119,25122.51487709
14567,57,120,19598.83482804
14568,57,121,19506.92717544
14569,57,122,21190.99593942
14570,57,123,12365.52368948
14571,57,124,12445.27339034
14572,57,125,13840.30495208
14573,57,126,19992.32468793
14574,57,127,11319.05773791
14575,57,128,20356.23763052
14576,57,129,14399.93615356
14577,57,130,14192.99847967
14578,57,131,22220.10304072
14579,57,132,12500.9028378
14580,57,133,22614.77341428
14581,57,134,13462.42692706
14582,57,135,10274.59919136
14583,57,136,7560.13650052
14584,57,137,4538.35697168
14585,57,138,6777.59249046
14586,57,139,9090.80182171
14587,57,140,3977.26220854
14588,57,141,3503.35485598
14589,57,142,12218.00167401
14590,57,143,14858.84891367
14591,57,144,10877.66336362
14592,57,145,14203.81085997
14593,57,146,2917.4154497
14594,57,147,10829.37200614
14595,57,148,19122.11870954
14596,57,149,8736.30460304
14597,57,150,24984.09399714
14598,57,151,13489.53627384
14599,57,152,18462.70647348
14600,57,153,11700.43864029
14601,57,154,9251.26401066
14602,57,155,21807.80538143
14603,57,156,9657.18790341
14604,57,157,9282.11019177
14605,57,158,26554.7414869
14606,57,159,10048.13613966
14607,57,160,23340.35130838
14608,57,161,20623.37829992
14609,57,162,20029.04936357
14610,57,163,8812.24756659
14611,57,164,17727.70681696
14612,57,165,8702.11488294
14613,57,166,9288.21659355
14614,57,167,10047.24735937
14615,57,168,41855.37251029
14616,57,169,39705.92576203
14617,57,170,40563.23332458
14618,57,171,43136.85079588
14619,57,172,41592.37646121
14620,57,173,42283.34794626
14621,57,174,43655.45133192
14622,57,175,42631.36362459
14623,57,176,43395.29630429
14624,57,177,41544.76203573
14625,57,178,19446.55145997
14626,57,179,16100.16582755
14627,57,180,21405.67724254
14628,57,181,27504.22095628
14629,57,182,31734.83921611
14630,57,183,36097.28124869
14631,57,184,24154.77628776
14632,57,185,17803.35596417
14633,57,186,30446.09903376
14634,57,187,34915.50234252
14635,57,188,45522.38267521
14636,57,189,42223.26026791
14637,57,190,39915.38344413
14638,57,191,41522.18176536
14639,57,192,43588.73329072
14640,57,193,41260.03155366
14641,57,194,40617.67945995
14642,57,195,42737.1597352
14643,57,196,46255.28206714
14644,57,197,40591.3162945
14645,57,198,25818.18103729
14646,57,199,28789.23390124
14647,57,200,54484.00393995
14648,57,201,40465.72189039
14649,57,202,63387.16756837
14650,57,203,58878.08137935
14651,57,204,51188.10713161
14652,57,205,43665.5236997
14653,57,206,36935.80251731
14654,57,207,67166.06650186
14655,57,208,31231.51346963
14656,57,209,7278.10494263
14657,57,210,11987.72532999
14658,57,211,2581.91245392
14659,57,212,35202.26484851
14660,57,213,42848.86127158
14661,57,214,42093.14966825
14662,57,215,24715.96344525
14663,57,216,14320.21036753
14664,57,217,19839.47362426
14665,57,218,21016.51116828
14666,57,219,48056.6115393
14667,57,220,51939.96475463
14668,57,221,18111.11138429
14669,57,222,33177.40969721
14670,57,223,12568.67095522
14671,57,224,56231.47886256
14672,57,225,16492.63614034
14673,57,226,38723.96977988
14674,57,227,27412.23698242
14675,57,228,58131.04380731
14676,57,229,43825.63042626
14677,57,230,45779.35659292
14678,57,231,11233.17498008
14679,57,232,11600.53720939
14680,57,233,10833.35317255
14681,57,234,12876.28655895
14682,57,235,12087.41334246
14683,57,236,10383.23922071
14684,57,237,12574.98247845
14685,57,238,22046.83540889
14686,57,239,17531.62888994
14687,57,240,22052.60192026
14688,57,241,10546.90212608
14689,57,242,14264.89598766
14690,57,243,8158.41936532
14691,57,244,20432.88610981
14692,57,245,19364.5281953
14693,57,246,21512.00148132
14694,57,247,17282.8993239
14695,57,248,18560.20594685
14696,57,249,22316.24369776
14697,57,250,20591.32333269
14698,57,251,17660.51334533
14699,57,252,10332.0447168
14700,57,253,6648.00063439
14701,57,254,21880.5421312
14702,57,255,21897.17397963
14703,57,256,19762.07273775
14704,57,257,17285.18435867
14705,57,258,12399.91198747
14706,58,1,10460.38107281
14707,58,2,10115.29620341
14708,58,3,10866.70577268
14709,58,4,12004.02192284
14710,58,5,10412.27305746
14711,58,6,10971.47653653
14712,58,7,10757.13048351
14713,58,8,11729.4559347
14714,58,9,11273.09968333
14715,58,10,12450.79061161
14716,58,11,10323.70671288
14717,58,12,10029.60264401
14718,58,13,9914.23915221
14719,58,14,11455.80133023
14720,58,15,12319.52857358
14721,58,16,9566.95697145
14722,58,17,18245.11602665
14723,58,18,17456.40902891
14724,58,19,9163.05406203
14725,58,20,14930.8542897
14726,58,21,20656.34521224
14727,58,22,4458.42505773
14728,58,23,4571.17179945
14729,58,24,6393.06126029
14730,58,25,12806.96335687
14731,58,26,2814.21638094
14732,58,27,19579.35474893
14733,58,28,15643.91704564
14734,58,29,2325.87006754
14735,58,30,16724.26258127
14736,58,31,8140.10912225
14737,58,32,11982.55609168
14738,58,33,22324.02682139
14739,58,34,13870.84545899
14740,58,35,10221.01826124
14741,58,36,6534.29801521
14742,58,37,7464.96129567
14743,58,38,7369.70119444
14744,58,39,3752.18830227
14745,58,40,27860.23671984
14746,58,41,20536.9846918
14747,58,42,16322.76741451
14748,58,43,33033.60422563
14749,58,44,20246.54930854
14750,58,45,15231.36714709
14751,58,46,17623.01004152
14752,58,47,38613.88045978
14753,58,48,39684.79508387
14754,58,49,13547.95630561
14755,58,50,35219.16327196
14756,58,51,11464.29314256
14757,58,52,10621.45724348
14758,58,53,4430.23526995
14759,58,54,10909.20298126
14760,58,55,10656.72970145
14761,58,56,13088.30060862
14762,58,57,2228.67568248
14763,58,58,0.0
14764,58,59,11643.25407398
14765,58,60,9028.46388229
14766,58,61,14899.74716629
14767,58,62,4997.77149802
14768,58,63,6469.10806412
14769,58,64,13174.82605153
14770,58,65,7598.98569486
14771,58,66,1888.71471357
14772,58,67,6998.35858143
14773,58,68,6571.38369518
14774,58,69,29598.52427403
14775,58,70,9775.78063087
14776,58,71,39127.73247451
14777,58,72,17294.76949845
14778,58,73,40797.86952744
14779,58,74,31142.03967025
14780,58,75,19239.54727626
14781,58,76,37063.47363391
14782,58,77,42270.94440371
14783,58,78,42657.71388163
14784,58,79,21328.91328561
14785,58,80,35218.1468804
14786,58,81,33770.83498301
14787,58,82,23400.01680851
14788,58,83,12251.48192298
14789,58,84,36213.57987426
14790,58,85,25736.37274041
14791,58,86,11158.49653122
14792,58,87,8195.40287502
14793,58,88,9311.4547427
14794,58,89,13764.06388167
14795,58,90,9101.4191805
14796,58,91,11458.7410991
14797,58,92,9177.82931879
14798,58,93,14243.74621713
14799,58,94,13288.85700883
14800,58,95,10798.15075115
14801,58,96,12186.81815846
14802,58,97,15998.21280058
14803,58,98,14751.97223017
14804,58,99,14093.22102235
14805,58,100,11452.15103073
14806,58,101,12125.93977984
14807,58,102,13892.53003625
14808,58,103,16847.61266632
14809,58,104,10674.91300161
14810,58,105,9020.51113364
14811,58,106,14293.72663757
14812,58,107,10941.97158132
14813,58,108,13346.57928745
14814,58,109,9676.29350374
14815,58,110,20247.29803974
14816,58,111,15835.90359127
14817,58,112,15092.55911562
14818,58,113,20741.80130139
14819,58,114,13476.89658806
14820,58,115,22417.87772947
14821,58,116,9880.32281781
14822,58,117,16932.25264547
14823,58,118,18848.31158483
14824,58,119,23743.2225675
14825,58,120,17467.64349366
14826,58,121,17711.31110574
14827,58,122,19253.40050504
14828,58,123,10342.27317141
14829,58,124,10556.87004819
14830,58,125,11629.1542144
14831,58,126,17905.26138906
14832,58,127,9179.74624473
14833,58,128,18558.6939287
14834,58,129,12175.48534798
14835,58,130,12510.14039967
14836,58,131,20629.69125429
14837,58,132,10714.58969234
14838,58,133,21079.5001278
14839,58,134,15018.11105528
14840,58,135,11526.38700312
14841,58,136,8797.45419609
14842,58,137,5238.92616494
14843,58,138,7273.55009789
14844,58,139,10314.20388751
14845,58,140,5797.11771918
14846,58,141,5707.8340919
14847,58,142,13821.26115844
14848,58,143,16328.88019974
14849,58,144,12372.13611583
14850,58,145,15495.68115735
14851,58,146,4547.52556615
14852,58,147,9107.55441597
14853,58,148,17120.75218348
14854,58,149,6634.2732855
14855,58,150,22930.75844963
14856,58,151,11650.64271978
14857,58,152,16489.62045048
14858,58,153,9945.47156494
14859,58,154,7464.97267397
14860,58,155,19712.27516072
14861,58,156,7690.92738817
14862,58,157,7287.97148761
14863,58,158,24487.46709555
14864,58,159,8193.48909321
14865,58,160,21267.50528158
14866,58,161,18555.86454233
14867,58,162,17986.12458712
14868,58,163,6644.3667505
14869,58,164,15776.37773561
14870,58,165,6491.76088687
14871,58,166,7173.07178009
14872,58,167,8341.2806077
14873,58,168,39649.44078941
14874,58,169,37489.86805037
14875,58,170,38354.69345384
14876,58,171,40935.06886678
14877,58,172,39421.62323721
14878,58,173,40103.38106018
14879,58,174,41466.87694858
14880,58,175,40506.01558212
14881,58,176,41313.0201742
14882,58,177,39389.43190378
14883,58,178,18825.84595563
14884,58,179,15143.55080148
14885,58,180,20862.10562426
14886,58,181,26851.71597709
14887,58,182,31011.99115889
14888,58,183,35444.37127453
14889,58,184,23554.51066571
14890,58,185,16956.97600845
14891,58,186,29760.41992208
14892,58,187,34232.2764708
14893,58,188,43505.83242027
14894,58,189,40357.51640827
14895,58,190,38335.65340637
14896,58,191,39740.19580758
14897,58,192,41611.5766988
14898,58,193,39516.91712658
14899,58,194,38950.77109384
14900,58,195,40808.49056404
14901,58,196,44189.33725074
14902,58,197,39075.87794856
14903,58,198,23590.84033396
14904,58,199,26564.24777661
14905,58,200,52461.60712859
14906,58,201,38310.18987027
14907,58,202,61444.77517937
14908,58,203,56906.1879104
14909,58,204,49138.99247119
14910,58,205,41582.49266419
14911,58,206,34744.52779893
14912,58,207,65204.67125275
14913,58,208,29023.53498647
14914,58,209,5215.24559157
14915,58,210,9774.14251649
14916,58,211,1818.97921281
14917,58,212,37133.50121051
14918,58,213,44760.94274152
14919,58,214,40633.6152678
14920,58,215,23150.32160091
14921,58,216,12484.92898857
14922,58,217,18118.11796446
14923,58,218,19400.40503296
14924,58,219,46872.83252973
14925,58,220,50836.08581746
14926,58,221,16224.06290593
14927,58,222,31558.72671128
14928,58,223,10539.48334361
14929,58,224,55209.54607036
14930,58,225,14712.91248368
14931,58,226,37169.48756634
14932,58,227,25790.52718011
14933,58,228,57152.22370909
14934,58,229,42471.69518536
14935,58,230,44507.27329906
14936,58,231,9012.49891896
14937,58,232,9379.48477783
14938,58,233,8612.87275652
14939,58,234,10653.0763723
14940,58,235,9865.58387199
14941,58,236,8162.34869535
14942,58,237,10352.59370059
14943,58,238,22634.09113419
14944,58,239,17036.49626316
14945,58,240,22323.45773262
14946,58,241,9071.56227996
14947,58,242,13483.29612412
14948,58,243,6485.07307195
14949,58,244,20326.16921415
14950,58,245,19258.20931347
14951,58,246,21411.68873909
14952,58,247,16955.99158422
14953,58,248,18401.47908072
14954,58,249,22686.44798439
14955,58,250,21225.39189169
14956,58,251,17005.53646892
14957,58,252,9102.68417174
14958,58,253,4861.57744474
14959,58,254,21870.64205003
14960,58,255,22020.74909156
14961,58,256,20506.75556354
14962,58,257,17087.88405719
14963,58,258,11504.63943172
14964,59,1,6276.65615686
14965,59,2,13406.98108348
14966,59,3,7296.86337619
14967,59,4,10842.0206566
14968,59,5,12820.43249783
14969,59,6,12114.1877655
14970,59,7,1842.12285194
14971,59,8,9293.37364546
14972,59,9,8453.99690863
14973,59,10,2322.4708542
14974,59,11,2635.20026323
14975,59,12,4058.97696305
14976,59,13,5404.5163852
14977,59,14,11248.94081583
14978,59,15,10201.88469385
14979,59,16,14190.13435631
14980,59,17,9223.62248617
14981,59,18,8983.24519188
14982,59,19,8579.98725051
14983,59,20,9241.7287696
14984,59,21,10780.89847996
14985,59,22,15360.23678272
14986,59,23,9273.651793
14987,59,24,9255.9977652
14988,59,25,8571.28983995
14989,59,26,12947.81707059
14990,59,27,10080.78914939
14991,59,28,8925.6302551
14992,59,29,11787.00299808
14993,59,30,8870.38334507
14994,59,31,8729.17710332
14995,59,32,8424.04410223
14996,59,33,12160.71361603
14997,59,34,9209.44577877
14998,59,35,8600.07869806
14999,59,36,17624.26231323
15000,59,37,18444.82239332
15001,59,38,8913.30386139
15002,59,39,9741.2851958
15003,59,40,17033.51958114
15004,59,41,10225.88150203
15005,59,42,5324.58952374
15006,59,43,22148.94812647
15007,59,44,9679.40831171
15008,59,45,4626.57294075
15009,59,46,6538.70193149
15010,59,47,27545.01319035
15011,59,48,28578.26106599
15012,59,49,2850.96538093
15013,59,50,24295.13398267
15014,59,51,2196.59462611
15015,59,52,1611.33603457
15016,59,53,7348.33626168
15017,59,54,859.67103157
15018,59,55,21227.82239412
15019,59,56,1487.00191292
15020,59,57,13805.83060868
15021,59,58,11643.25407398
15022,59,59,0.0
15023,59,60,3399.99300326
15024,59,61,3346.72886754
15025,59,62,16341.31058205
15026,59,63,5512.99220275
15027,59,64,23156.70458056
15028,59,65,4389.19506621
15029,59,66,9859.56179503
15030,59,67,10005.18372645
15031,59,68,8766.92381683
15032,59,69,37708.24300322
15033,59,70,14368.00630734
15034,59,71,47382.62490829
15035,59,72,23724.58096171
15036,59,73,48839.66456587
15037,59,74,39231.35386745
15038,59,75,25951.07232291
15039,59,76,45421.56087515
15040,59,77,49524.1910534
15041,59,78,50423.51600244
15042,59,79,28345.73719348
15043,59,80,43366.33397571
15044,59,81,42020.33075957
15045,59,82,31374.80760924
15046,59,83,5436.90467935
15047,59,84,44457.42398426
15048,59,85,33773.94565607
15049,59,86,5360.30497023
15050,59,87,12161.7171478
15051,59,88,6233.26325333
15052,59,89,6377.07028934
15053,59,90,3910.58494116
15054,59,91,6002.16262196
15055,59,92,2561.41569004
15056,59,93,14302.85169942
15057,59,94,11618.0957145
15058,59,95,3937.30382028
15059,59,96,8281.49521955
15060,59,97,12180.47728462
15061,59,98,11118.27225238
15062,59,99,10596.17151916
15063,59,100,6723.11979158
15064,59,101,7033.2020783
15065,59,102,10977.02762439
15066,59,103,13306.50727027
15067,59,104,4047.53589975
15068,59,105,2765.54866288
15069,59,106,13111.69158731
15070,59,107,4990.78420008
15071,59,108,9979.71164509
15072,59,109,3358.66097534
15073,59,110,10436.11854757
15074,59,111,4214.9242165
15075,59,112,13088.48505722
15076,59,113,11738.4019329
15077,59,114,3269.31091238
15078,59,115,14458.84341213
15079,59,116,7305.81918699
15080,59,117,13780.92272197
15081,59,118,7810.78672914
15082,59,119,16344.53005584
15083,59,120,5865.60573717
15084,59,121,14314.0251034
15085,59,122,8670.69258329
15086,59,123,8064.63744636
15087,59,124,9506.49250633
15088,59,125,4660.81952303
15089,59,126,6472.02263376
15090,59,127,6430.00329518
15091,59,128,14927.7287269
15092,59,129,3985.63729601
15093,59,130,12002.89827949
15094,59,131,12282.03753656
15095,59,132,10427.30782151
15096,59,133,13035.07379584
15097,59,134,25918.22345965
15098,59,135,22045.03016886
15099,59,136,19527.02103328
15100,59,137,13959.83920376
15101,59,138,14393.86204141
15102,59,139,20880.80001321
15103,59,140,17340.51749316
15104,59,141,17307.44987253
15105,59,142,24844.72617713
15106,59,143,27017.60958725
15107,59,144,23268.04779136
15108,59,145,25846.50722206
15109,59,146,15090.54209845
15110,59,147,10443.92519413
15111,59,148,11700.51866905
15112,59,149,7566.68380333
15113,59,150,15734.2101946
15114,59,151,10328.72654986
15115,59,152,11602.53583911
15116,59,153,10426.58886411
15117,59,154,9807.31608413
15118,59,155,12405.72023096
15119,59,156,4796.74164465
15120,59,157,8345.02698929
15121,59,158,16934.8800603
15122,59,159,5143.30500198
15123,59,160,14036.37628236
15124,59,161,11891.21316298
15125,59,162,11796.18650679
15126,59,163,4999.00922856
15127,59,164,11378.5302758
15128,59,165,6274.45268026
15129,59,166,4562.67196824
15130,59,167,10395.04003015
15131,59,168,29360.98860566
15132,59,169,26999.95567928
15133,59,170,28029.27964195
15134,59,171,30711.50306971
15135,59,172,29740.64254352
15136,59,173,30267.85284085
15137,59,174,31470.34288353
15138,59,175,31423.04206791
15139,59,176,32723.79925976
15140,59,177,29933.29240672
15141,59,178,16817.73960208
15142,59,179,12370.83402792
15143,59,180,18830.72904702
15144,59,181,23317.97862357
15145,59,182,26682.96367433
15146,59,183,31176.57444981
15147,59,184,20747.0318123
15148,59,185,14195.97721927
15149,59,186,25744.85167942
15150,59,187,29879.06381249
15151,59,188,32130.7209287
15152,59,189,29570.53728192
15153,59,190,28950.24062787
15154,59,191,29334.98746805
15155,59,192,30375.16325267
15156,59,193,29297.54542803
15157,59,194,29111.86273279
15158,59,195,29758.53213837
15159,59,196,32674.24953069
15160,59,197,30001.67153962
15161,59,198,12538.87430566
15162,59,199,15354.64316023
15163,59,200,41049.31182158
15164,59,201,26666.97315914
15165,59,202,50263.77057231
15166,59,203,45638.57698501
15167,59,204,37659.23533327
15168,59,205,30030.93776015
15169,59,206,23153.22074642
15170,59,207,53954.61782247
15171,59,208,17530.83293427
15172,59,209,6606.55363763
15173,59,210,2373.88534094
15174,59,211,11664.48051241
15175,59,212,46184.5649275
15176,59,213,53577.7693511
15177,59,214,31806.1598557
15178,59,215,14647.57954798
15179,59,216,4699.63040353
15180,59,217,9262.92344005
15181,59,218,11073.12183892
15182,59,219,39305.02973685
15183,59,220,43584.10438707
15184,59,221,6434.31545049
15185,59,222,22184.24323189
15186,59,223,2490.00037021
15187,59,224,48283.47741138
15188,59,225,6304.44628866
15189,59,226,27946.14943263
15190,59,227,16708.22433881
15191,59,228,50407.7370749
15192,59,229,34140.56583605
15193,59,230,36544.94490496
15194,59,231,3163.16404953
15195,59,232,2904.00037746
15196,59,233,3475.18851126
15197,59,234,2326.23583874
15198,59,235,2617.56266852
15199,59,236,3862.74918434
15200,59,237,2390.16689492
15201,59,238,30611.39964279
15202,59,239,21624.91432008
15203,59,240,29228.65350285
15204,59,241,11907.02932139
15205,59,242,17676.44520541
15206,59,243,10413.7411555
15207,59,244,26007.55528884
15208,59,245,25075.82672963
15209,59,246,26992.10158702
15210,59,247,22254.22546127
15211,59,248,24133.14377808
15212,59,249,29917.51517938
15213,59,250,29451.96781638
15214,59,251,20896.6890609
15215,59,252,13129.458809
15216,59,253,10064.40870756
15217,59,254,27760.17887898
15218,59,255,28408.7799287
15219,59,256,29127.10642922
15220,59,257,22871.49189309
15221,59,258,15870.66742105
15222,60,1,3707.30171441
15223,60,2,10122.15027
15224,60,3,4736.94048469
15225,60,4,8093.81636846
15226,60,5,9599.39279794
15227,60,6,9020.71182915
15228,60,7,1853.71404607
15229,60,8,6703.91817311
15230,60,9,5854.95596902
15231,60,10,3438.33286639
15232,60,11,1295.7983182
15233,60,12,1620.590645
15234,60,13,2686.25202289
15235,60,14,8327.26875216
15236,60,15,7635.49878109
15237,60,16,10833.66751281
15238,60,17,9688.59045306
15239,60,18,9093.12117156
15240,60,19,5424.81210382
15241,60,20,7891.25214976
15242,60,21,11860.63662893
15243,60,22,12316.20920504
15244,60,23,5996.60141929
15245,60,24,5856.58127431
15246,60,25,6507.95377209
15247,60,26,9888.93649344
15248,60,27,10887.22758262
15249,60,28,8046.13124544
15250,60,29,8748.12796261
15251,60,30,8605.99811453
15252,60,31,5417.46070424
15253,60,32,6076.71507278
15254,60,33,13465.27515595
15255,60,34,7406.29595238
15256,60,35,5677.39819444
15257,60,36,14569.29960134
15258,60,37,15344.91072444
15259,60,38,5536.15334355
15260,60,39,6554.48125414
15261,60,40,18872.30358626
15262,60,41,11615.3265387
15263,60,42,7302.12040165
15264,60,43,24046.58877747
15265,60,44,11266.94846238
15266,60,45,6203.51098945
15267,60,46,8601.50864901
15268,60,47,29601.53718822
15269,60,48,30668.05645301
15270,60,49,4544.73738728
15271,60,50,26227.9903223
15272,60,51,2446.63992707
15273,60,52,1871.05452645
15274,60,53,4599.42716039
15275,60,54,2542.83465729
15276,60,55,19273.92361055
15277,60,56,4826.96569918
15278,60,57,11254.53869032
15279,60,58,9028.46388229
15280,60,59,3399.99300326
15281,60,60,0.0
15282,60,61,6135.59387264
15283,60,62,13960.16675793
15284,60,63,2559.97183163
15285,60,64,21469.50750908
15286,60,65,1452.04609119
15287,60,66,7150.48907711
15288,60,67,9448.05187144
15289,60,68,8131.60238511
15290,60,69,36865.86097135
15291,60,70,13976.69505564
15292,60,71,46541.2652927
15293,60,72,23241.82297251
15294,60,73,48082.54916459
15295,60,74,38406.78379251
15296,60,75,25430.54591647
15297,60,76,44533.3530102
15298,60,77,49049.11595641
15299,60,78,49772.42778435
15300,60,79,27770.78821179
15301,60,80,42545.01675692
15302,60,81,41154.91244705
15303,60,82,30522.67409262
15304,60,83,7617.68823864
15305,60,84,43606.77187892
15306,60,85,32924.62670801
15307,60,86,7071.14431308
15308,60,87,11704.59376459
15309,60,88,6934.54131843
15310,60,89,8921.83199985
15311,60,90,704.70451327
15312,60,91,3995.33981201
15313,60,92,2541.00200213
15314,60,93,11546.42782235
15315,60,94,9074.12404768
15316,60,95,2199.0526031
15317,60,96,9841.69732807
15318,60,97,14116.72326305
15319,60,98,12918.35450771
15320,60,99,8509.41254929
15321,60,100,8307.95681338
15322,60,101,5078.86920123
15323,60,102,8735.55714239
15324,60,103,15234.17503362
15325,60,104,5731.08197974
15326,60,105,1143.02239254
15327,60,106,10561.44046266
15328,60,107,2969.69701403
15329,60,108,11583.33026444
15330,60,109,4396.61375211
15331,60,110,13769.70418945
15332,60,111,7140.45875852
15333,60,112,10752.82925641
15334,60,113,14963.17395359
15335,60,114,4448.66687871
15336,60,115,17533.85871757
15337,60,116,4401.88792198
15338,60,117,11833.27514975
15339,60,118,11202.54662765
15340,60,119,19339.98226761
15341,60,120,9050.14253959
15342,60,121,12476.91493164
15343,60,122,12065.9252371
15344,60,123,5228.09016923
15345,60,124,6577.35984477
15346,60,125,3252.48044098
15347,60,126,9787.40318461
15348,60,127,3355.7261079
15349,60,128,13200.31749546
15350,60,129,3392.54252673
15351,60,130,9209.94411021
15352,60,131,15392.29995631
15353,60,132,7441.9179534
15354,60,133,16099.41953091
15355,60,134,22721.67611896
15356,60,135,18804.02189996
15357,60,136,16353.41917648
15358,60,137,12343.41499014
15359,60,138,13270.8279893
15360,60,139,17659.69539612
15361,60,140,14485.90710628
15362,60,141,14729.71542482
15363,60,142,21685.9795167
15364,60,143,23771.37829946
15365,60,144,20089.47515052
15366,60,145,22553.80561626
15367,60,146,13005.54725059
15368,60,147,7198.33658549
15369,60,148,10443.08482746
15370,60,149,4169.26446279
15371,60,150,15443.48846673
15372,60,151,7564.57508573
15373,60,152,10121.24662952
15374,60,153,7301.51766612
15375,60,154,6431.62786412
15376,60,155,12045.60250491
15377,60,156,4339.22540524
15378,60,157,4962.39491994
15379,60,158,16842.79452922
15380,60,159,5195.80453076
15381,60,160,13705.63235777
15382,60,161,11196.58796892
15383,60,162,10878.20460803
15384,60,163,2912.10435227
15385,60,164,9690.22338765
15386,60,165,2972.02969936
15387,60,166,3116.45777114
15388,60,167,7071.29933255
15389,60,168,30855.17472648
15390,60,169,28619.61193186
15391,60,170,29543.11803678
15392,60,171,32168.81214331
15393,60,172,30874.1644998
15394,60,173,31491.47256657
15395,60,174,32792.2703117
15396,60,175,32245.27967018
15397,60,176,33310.02310322
15398,60,177,30943.79507106
15399,60,178,18494.7669189
15400,60,179,14011.66520507
15401,60,180,20590.39345072
15402,60,181,25570.80559229
15403,60,182,29171.84420836
15404,60,183,33699.7423117
15405,60,184,22764.66010728
15406,60,185,15953.41040234
15407,60,186,28150.02146275
15408,60,187,32408.63203257
15409,60,188,35350.92599876
15410,60,189,32940.81222792
15411,60,190,32315.97453322
15412,60,191,32731.71938033
15413,60,192,33653.66957594
15414,60,193,32697.48269789
15415,60,194,32504.50945185
15416,60,195,33087.16896618
15417,60,196,35804.19271503
15418,60,197,33342.5743758
15419,60,198,14564.67703381
15420,60,199,17536.02713474
15421,60,200,44238.46824365
15422,60,201,29540.6915353
15423,60,202,53539.08418643
15424,60,203,48888.55143152
15425,60,204,40809.72573303
15426,60,205,33130.68649302
15427,60,206,25827.25860019
15428,60,207,57204.98157893
15429,60,208,20045.21962248
15430,60,209,4720.93282421
15431,60,210,1026.1920064
15432,60,211,9465.53072139
15433,60,212,45033.66418469
15434,60,213,52544.01554021
15435,60,214,35126.16932864
15436,60,215,17827.6871248
15437,60,216,7148.40422596
15438,60,217,12403.6264343
15439,60,218,14150.29981464
15440,60,219,42484.63580391
15441,60,220,46728.18179673
15442,60,221,9687.96712865
15443,60,222,25534.82109835
15444,60,223,4286.64084862
15445,60,224,51388.80945151
15446,60,225,9181.3644681
15447,60,226,31296.70106942
15448,60,227,19999.79639059
15449,60,228,53489.30780474
15450,60,229,37409.21531813
15451,60,230,39772.184955
15452,60,231,367.40950747
15453,60,232,495.99457981
15454,60,233,558.33137518
15455,60,234,1640.29491466
15456,60,235,892.68353824
15457,60,236,932.88451584
15458,60,237,1353.21956042
15459,60,238,27221.42667108
15460,60,239,18411.56965502
15461,60,240,25883.96202167
15462,60,241,8598.17304549
15463,60,242,14432.03145092
15464,60,243,7013.88490982
15465,60,244,22736.62150684
15466,60,245,21785.85607087
15467,60,246,23738.06274138
15468,60,247,18981.23592308
15469,60,248,20842.35121151
15470,60,249,26556.56716095
15471,60,250,26055.08165079
15472,60,251,17749.49900937
15473,60,252,9780.40049022
15474,60,253,6734.6107503
15475,60,254,24483.6674965
15476,60,255,25095.67346237
15477,60,256,25727.13750808
15478,60,257,19565.30058387
15479,60,258,12569.90409536
15480,61,1,7680.54775392
15481,61,2,15262.36655013
15482,61,3,8513.99230744
15483,61,4,11913.45411476
15484,61,5,14544.37512551
15485,61,6,13622.66929412
15486,61,7,4282.63283148
15487,61,8,10297.29350489
15488,61,9,9558.80849922
15489,61,10,2962.65093017
15490,61,11,4938.23732801
15491,61,12,6000.67937447
15492,61,13,7130.69879992
15493,61,14,12531.69916354
15494,61,15,11095.80873809
15495,61,16,16250.15427324
15496,61,17,7169.4643515
15497,61,18,7289.79730759
15498,61,19,10387.15537122
15499,61,20,8940.64340171
15500,61,21,8086.75777456
15501,61,22,18433.52470818
15502,61,23,12120.40411294
15503,61,24,11750.67678955
15504,61,25,9087.43146515
15505,61,26,16006.8998117
15506,61,27,7648.0984033
15507,61,28,8201.09541916
15508,61,29,14857.54637544
15509,61,30,7552.15543926
15510,61,31,10822.84099697
15511,61,32,9257.68642209
15512,61,33,9253.28111781
15513,61,34,9372.25088161
15514,61,35,10076.36697779
15515,61,36,20691.79882349
15516,61,37,21476.7475275
15517,61,38,11197.88797579
15518,61,39,12689.83787094
15519,61,40,13789.91995215
15520,61,41,7336.45557921
15521,61,42,2424.07002814
15522,61,43,18868.0974066
15523,61,44,6682.41021395
15524,61,45,2447.61821968
15525,61,46,3405.88613618
15526,61,47,24221.98491874
15527,61,48,25249.38704973
15528,61,49,2071.0321904
15529,61,50,21000.90784312
15530,61,51,3838.85463992
15531,61,52,4330.85705814
15532,61,53,10528.54583988
15533,61,54,3997.82047478
15534,61,55,24572.92332853
15535,61,56,2181.14050777
15536,61,57,17086.70714498
15537,61,58,14899.74716629
15538,61,59,3346.72886754
15539,61,60,6135.59387264
15540,61,61,0.0
15541,61,62,19660.76865466
15542,61,63,8577.39276346
15543,61,64,26479.23969473
15544,61,65,7416.92172368
15545,61,66,13077.38265648
15546,61,67,13174.17320388
15547,61,68,11982.54602495
15548,61,69,40788.65618611
15549,61,70,17406.59624999
15550,61,71,50446.64908413
15551,61,72,26711.10312216
15552,61,73,51867.71727934
15553,61,74,42301.96342816
15554,61,75,28941.02516674
15555,61,76,48506.35036083
15556,61,77,52425.10171048
15557,61,78,53404.04987181
15558,61,79,31347.36791379
15559,61,80,46428.4038024
15560,61,81,45101.60700339
15561,61,82,34473.88861323
15562,61,83,7372.53110308
15563,61,84,47529.22350772
15564,61,85,36865.72992436
15565,61,86,7735.83010863
15566,61,87,15258.93560853
15567,61,88,9113.95564649
15568,61,89,7699.87527722
15569,61,90,6389.84798409
15570,61,91,6955.08391655
15571,61,92,5907.82986882
15572,61,93,15202.27071903
15573,61,94,12378.70449761
15574,61,95,5467.93946011
15575,61,96,10443.31448377
15576,61,97,13729.16541168
15577,61,98,12864.93049545
15578,61,99,10909.32583397
15579,61,100,9016.64133962
15580,61,101,7698.47112516
15581,61,102,11429.07241865
15582,61,103,14811.48270028
15583,61,104,6677.75132359
15584,61,105,5887.56627806
15585,61,106,13791.436163
15586,61,107,6265.46752396
15587,61,108,11979.51750977
15588,61,109,6445.51956158
15589,61,110,9356.14663866
15590,61,111,1022.31384614
15591,61,112,13505.1759288
15592,61,113,11056.34082866
15593,61,114,2649.44951191
15594,61,115,14096.93152665
15595,61,116,8896.93527886
15596,61,117,13711.09831406
15597,61,118,5902.44645896
15598,61,119,16109.37314922
15599,61,120,3096.32925379
15600,61,121,14092.98713691
15601,61,122,7157.87128135
15602,61,123,9487.90568301
15603,61,124,10915.16965104
15604,61,125,5574.61474096
15605,61,126,4111.00469261
15606,61,127,8332.75632536
15607,61,128,14556.04060805
15608,61,129,4585.05023765
15609,61,130,13062.4506479
15610,61,131,11923.14015909
15611,61,132,11851.74906074
15612,61,133,12759.83467434
15613,61,134,28850.4927156
15614,61,135,24920.01799548
15615,61,136,22487.86547693
15616,61,137,17291.16992365
15617,61,138,17647.45495999
15618,61,139,23784.14789363
15619,61,140,20526.71565221
15620,61,141,20589.97423478
15621,61,142,27820.77055931
15622,61,143,29881.19439106
15623,61,144,26222.43322975
15624,61,145,28631.30537638
15625,61,146,18435.11933076
15626,61,147,12309.59238883
15627,61,148,11045.59726634
15628,61,149,10132.82818741
15629,61,150,13923.81310113
15630,61,151,11457.42684445
15631,61,152,11184.24472603
15632,61,153,12069.53523509
15633,61,154,12054.91369826
15634,61,155,10828.62675373
15635,61,156,8100.30421535
15636,61,157,10675.95749546
15637,61,158,14912.7352513
15638,61,159,8334.44689344
15639,61,160,12336.87862804
15640,61,161,10666.61366593
15641,61,162,10795.7455143
15642,61,163,8278.82409848
15643,61,164,11194.84358341
15644,61,165,9102.13209779
15645,61,166,7898.52447705
15646,61,167,12447.55877956
15647,61,168,26192.9159634
15648,61,169,23792.24412642
15649,61,170,24857.46167706
15650,61,171,27554.11688429
15651,61,172,26729.53052718
15652,61,173,27211.76705764
15653,61,174,28366.45433348
15654,61,175,28568.7101387
15655,61,176,30001.97090178
15656,61,177,26983.64283168
15657,61,178,18459.60647684
15658,61,179,14206.33389947
15659,61,180,20338.48432979
15660,61,181,24164.77745666
15661,61,182,27152.86806755
15662,61,183,31546.29739424
15663,61,184,21930.63230133
15664,61,185,15842.28929677
15665,61,186,26348.24507049
15666,61,187,30251.76070519
15667,61,188,29263.87200193
15668,61,189,27139.88140045
15669,61,190,27311.71163588
15670,61,191,27140.05720915
15671,61,192,27627.18940792
15672,61,193,27210.08777286
15673,61,194,27235.85197372
15674,61,195,27150.6200049
15675,61,196,29675.45374135
15676,61,197,28499.45499958
15677,61,198,9265.3185955
15678,61,199,12028.67074976
15679,61,200,38128.50829099
15680,61,201,23449.31873713
15681,61,202,47494.4949922
15682,61,203,42819.16548807
15683,61,204,34685.3738258
15684,61,205,26997.17294409
15685,61,206,19849.2312783
15686,61,207,51133.16962351
15687,61,208,14190.65566127
15688,61,209,9939.98366883
15689,61,210,5212.76123415
15690,61,211,14996.15583637
15691,61,212,49359.81592278
15692,61,213,56706.76368735
15693,61,214,30392.41442735
15694,61,215,13986.80883431
15695,61,216,6479.47139693
15696,61,217,9021.27032363
15697,61,218,10871.78703326
15698,61,219,38332.35264304
15699,61,220,42689.20216297
15700,61,221,6152.27438408
15701,61,222,20695.78660247
15702,61,223,5440.92331254
15703,61,224,47469.54218221
15704,61,225,7077.40489612
15705,61,226,26406.00744198
15706,61,227,15594.81158806
15707,61,228,49644.06291572
15708,61,229,32915.8691165
15709,61,230,35445.0244608
15710,61,231,6031.09327724
15711,61,232,5686.90038347
15712,61,233,6412.2888535
15713,61,234,4554.19606428
15714,61,235,5242.95818526
15715,61,236,6852.29802161
15716,61,237,4804.05832084
15717,61,238,32721.69621453
15718,61,239,23153.97994827
15719,61,240,31090.52041778
15720,61,241,13868.28165669
15721,61,242,19339.00877811
15722,61,243,12869.50677809
15723,61,244,27642.19223878
15724,61,245,26773.92112139
15725,61,246,28571.92883144
15726,61,247,23929.39356776
15727,61,248,25841.76229189
15728,61,249,31848.63325964
15729,61,250,31645.83762937
15730,61,251,22287.73311343
15731,61,252,15183.30230896
15732,61,253,12820.60829573
15733,61,254,29397.81743493
15734,61,255,30157.31979119
15735,61,256,31426.52507743
15736,61,257,24639.34956115
15737,61,258,17714.8452533
15738,62,1,15419.65038355
15739,62,2,13771.31468101
15740,62,3,15764.71506524
15741,62,4,16497.65164693
15742,62,5,14293.82813276
15743,62,6,15107.10101001
15744,62,7,15630.13691977
15745,62,8,16444.54406297
15746,62,9,16071.58045987
15747,62,10,17351.06896286
15748,62,11,15249.62170417
15749,62,12,15019.4907074
15750,62,13,14904.75685614
15751,62,14,15830.00649668
15752,62,15,16939.28719418
15753,62,16,12842.1654984
15754,62,17,23241.06506168
15755,62,18,22444.66271205
15756,62,19,13899.76234815
15757,62,20,19809.76495822
15758,62,21,25652.13904187
15759,62,22,4958.86358494
15760,62,23,9346.7603935
15761,62,24,11042.09969246
15762,62,25,17648.63788608
15763,62,26,5826.96673387
15764,62,27,24577.12580986
15765,62,28,20576.93956366
15766,62,29,6368.59943898
15767,62,30,21697.9130618
15768,62,31,12851.35266495
15769,62,32,16807.56325977
15770,62,33,27316.16598538
15771,62,34,18700.08286116
15772,62,35,14973.11119185
15773,62,36,5355.90279074
15774,62,37,6142.76644113
15775,62,38,12058.49582632
15776,62,39,8505.90702406
15777,62,40,32825.02712376
15778,62,41,25519.44366962
15779,62,42,21219.0111823
15780,62,43,37999.60408937
15781,62,44,25212.91136745
15782,62,45,20157.42091566
15783,62,46,22517.82863617
15784,62,47,43561.63220566
15785,62,48,44627.25954511
15786,62,49,18435.45562651
15787,62,50,40183.12489057
15788,62,51,16373.81936017
15789,62,52,15463.58947117
15790,62,53,9371.55146458
15791,62,54,15666.4223672
15792,62,55,5858.66599609
15793,62,56,17732.64078918
15794,62,57,2813.21013744
15795,62,58,4997.77149802
15796,62,59,16341.31058205
15797,62,60,13960.16675793
15798,62,61,19660.76865466
15799,62,62,0.0
15800,62,63,11413.0818359
15801,62,64,8581.6255444
15802,62,65,12514.62628887
15803,62,66,6878.51430822
15804,62,67,9109.89572202
15805,62,68,9402.96962225
15806,62,69,25377.57834767
15807,62,70,9542.78575655
15808,62,71,34739.73609617
15809,62,72,14409.83821707
15810,62,73,36469.18658933
15811,62,74,26904.15474981
15812,62,75,16041.6490846
15813,62,76,32657.94900555
15814,62,77,38209.5076438
15815,62,78,38409.47374038
15816,62,79,17848.34113552
15817,62,80,30905.27400351
15818,62,81,29437.77526476
15819,62,82,19380.53772405
15820,62,83,15934.44302256
15821,62,84,31856.01800748
15822,62,85,21624.0885837
15823,62,86,14828.20045961
15824,62,87,9057.01718802
15825,62,88,12794.60125296
15826,62,89,17335.15587091
15827,62,90,14073.82029133
15828,62,91,16435.35969894
15829,62,92,13801.4907887
15830,62,93,18247.83233372
15831,62,94,17750.66395771
15832,62,95,15787.43955858
15833,62,96,15039.10125588
15834,62,97,18098.58494505
15835,62,98,16986.13527375
15836,62,99,18778.05721986
15837,62,100,14745.53946468
15838,62,101,17063.66041628
15839,62,102,18509.24284608
15840,62,103,18724.22918618
15841,62,104,14682.32812859
15842,62,105,13844.17744756
15843,62,106,18574.41015775
15844,62,107,15938.56441936
15845,62,108,15754.44645486
15846,62,109,13938.40222906
15847,62,110,23991.86807884
15848,62,111,20556.21245087
15849,62,112,19471.79662655
15850,62,113,24177.59258198
15851,62,114,18402.83761129
15852,62,115,25388.79961869
15853,62,116,14767.36007225
15854,62,117,21403.07666527
15855,62,118,23101.33789773
15856,62,119,26434.08862281
15857,62,120,22051.05121231
15858,62,121,22184.88180781
15859,62,122,23316.47403125
15860,62,123,15160.36167828
15861,62,124,15190.4900051
15862,62,125,16626.67954759
15863,62,126,22363.68159861
15864,62,127,14132.11953304
15865,62,128,23033.42168141
15866,62,129,17161.39089177
15867,62,130,16824.16621937
15868,62,131,23842.49594511
15869,62,132,15197.80345229
15870,62,133,24158.54215133
15871,62,134,12502.57019239
15872,62,135,9979.75171573
15873,62,136,7514.03913237
15874,62,137,4418.26356034
15875,62,138,6433.43782104
15876,62,139,8923.97918702
15877,62,140,3491.69444855
15878,62,141,1575.72013675
15879,62,142,11214.31219125
15880,62,143,14008.8313874
15881,62,144,10134.03640637
15882,62,145,13670.19418178
15883,62,146,2013.86486281
15884,62,147,13504.08963681
15885,62,148,21902.9345869
15886,62,149,11548.74755136
15887,62,150,27780.58709156
15888,62,151,16208.28912815
15889,62,152,21232.77256764
15890,62,153,14385.93764011
15891,62,154,11968.72892789
15892,62,155,24616.0714755
15893,62,156,11948.14895552
15894,62,157,12074.34643553
15895,62,158,29355.15245126
15896,62,159,12193.61929111
15897,62,160,26143.02269452
15898,62,161,23425.34122906
15899,62,162,22823.98867516
15900,62,163,11392.60368147
15901,62,164,20489.32772707
15902,62,165,11489.53235106
15903,62,166,11782.30279475
15904,62,167,12720.57961808
15905,62,168,44647.2043487
15906,62,169,42484.24227207
15907,62,170,43352.22301173
15908,62,171,45932.57861778
15909,62,172,44403.00913549
15910,62,173,45091.37998012
15911,62,174,46459.89555971
15912,62,175,45443.29262179
15913,62,176,46198.1333241
15914,62,177,44357.6254666
15915,62,178,19846.01165832
15916,62,179,16991.56964629
15917,62,180,21675.04461938
15918,62,181,27841.50178369
15919,62,182,32129.96266359
15920,62,183,36375.65659534
15921,62,184,24459.68421349
15922,62,185,18519.34609529
15923,62,186,30802.1545394
15924,62,187,35239.64146081
15925,62,188,47715.60520776
15926,62,189,44169.22930256
15927,62,190,41434.7406216
15928,62,191,43338.5869742
15929,62,192,45715.83760364
15930,62,193,43017.69446981
15931,62,194,42262.76047806
15932,62,195,44784.18300789
15933,62,196,48537.72101981
15934,62,197,42016.1633767
15935,62,198,28518.12218943
15936,62,199,31470.57626293
15937,62,200,56679.33270961
15938,62,201,42934.59209489
15939,62,202,65435.4779924
15940,62,203,60980.57343487
15941,62,204,53434.91321543
15942,62,205,45982.78362622
15943,62,206,39494.23694642
15944,62,207,69244.64898963
15945,62,208,33842.38553719
15946,62,209,9739.99803573
15947,62,210,14644.5421981
15948,62,211,4698.39348905
15949,62,212,32500.93254621
15950,62,213,40157.92345573
15951,62,214,43433.9659732
15952,62,215,26284.58636094
15953,62,216,16361.6784838
15954,62,217,21663.18035122
15955,62,218,22684.80279592
15956,62,219,48996.43597928
15957,62,220,52760.9986175
15958,62,221,20183.22474441
15959,62,222,34775.64000969
15960,62,223,14899.12850475
15961,62,224,56931.90682597
15962,62,225,18431.29993869
15963,62,226,40210.45151974
15964,62,227,29041.942126
15965,62,228,58769.45844374
15966,62,229,45012.70577244
15967,62,230,46847.03374574
15968,62,231,13915.12749372
15969,62,232,14282.82712689
15970,62,233,13515.82171863
15971,62,234,15564.21468657
15972,62,235,14771.40720704
15973,62,236,13068.61746945
15974,62,237,15260.07109905
15975,62,238,22360.13669549
15976,62,239,19159.52540758
15977,62,240,22764.97816627
15978,62,241,13087.05018357
15979,62,242,16218.94190321
15980,62,243,10837.1737854
15981,62,244,21607.57377284
15982,62,245,20554.54790213
15983,62,246,22665.08319042
15984,62,247,18743.96669282
15985,62,248,19820.68301081
15986,62,249,22902.76055468
15987,62,250,20864.90741743
15988,62,251,19442.45636245
15989,62,252,12717.74225355
15990,62,253,9391.4129775
15991,62,254,22926.58096061
15992,62,255,22788.0274275
15993,62,256,19901.50507212
15994,62,257,18609.60923196
15995,62,258,14489.0416844
15996,63,1,4895.71506459
15997,63,2,9219.67956431
15998,63,3,5705.67326314
15999,63,4,8394.30507668
16000,63,5,8908.3857068
16001,63,6,8662.94129347
16002,63,7,4333.73743432
16003,63,8,7349.49461856
16004,63,9,6594.0074348
16005,63,10,5991.70663494
16006,63,11,3855.70030028
16007,63,12,3703.62582144
16008,63,13,4028.66156078
16009,63,14,8339.63098222
16010,63,15,8217.10585945
16011,63,16,9624.24942107
16012,63,17,12027.98919665
16013,63,18,11341.53176884
16014,63,19,5276.12460012
16015,63,20,9520.44351603
16016,63,21,14313.17922912
16017,63,22,9870.9122471
16018,63,23,3856.91422456
16019,63,24,4383.44332831
16020,63,25,7727.11310395
16021,63,26,7449.42134145
16022,63,27,13292.01618321
16023,63,28,9932.24928928
16024,63,29,6292.70174234
16025,63,30,10738.39784073
16026,63,31,4774.91912867
16027,63,32,7074.26589131
16028,63,33,15947.49710631
16029,63,34,8755.15504302
16030,63,35,5968.15235016
16031,63,36,12133.5975804
16032,63,37,12940.99750343
16033,63,38,4513.65536034
16034,63,39,4241.86297411
16035,63,40,21412.11729849
16036,63,41,14122.92316471
16037,63,42,9860.28553887
16038,63,43,26586.73748251
16039,63,44,13800.83540977
16040,63,45,8762.25910093
16041,63,46,11160.08176991
16042,63,47,32152.62874505
16043,63,48,33221.1070125
16044,63,49,7094.67939685
16045,63,50,28770.05795645
16046,63,51,5001.83050664
16047,63,52,4246.99169733
16048,63,53,2042.89998513
16049,63,54,4689.877681
16050,63,55,16799.25597027
16051,63,56,6999.97384644
16052,63,57,8695.98398931
16053,63,58,6469.10806412
16054,63,59,5512.99220275
16055,63,60,2559.97183163
16056,63,61,8577.39276346
16057,63,62,11413.0818359
16058,63,63,0.0
16059,63,64,19066.88408608
16060,63,65,1161.08192456
16061,63,66,4590.60054062
16062,63,67,7868.78594929
16063,63,68,6603.6168939
16064,63,69,34748.52589553
16065,63,70,12305.66698411
16066,63,71,44404.89441761
16067,63,72,21370.47868437
16068,63,73,45981.58086277
16069,63,74,36293.7297896
16070,63,75,23521.68665236
16071,63,76,42379.63795979
16072,63,77,47081.15524569
16073,63,78,47717.92891329
16074,63,79,25818.61582451
16075,63,80,40424.54664881
16076,63,81,39017.43244596
16077,63,82,28420.91460866
16078,63,83,8264.22599195
16079,63,84,41471.20407863
16080,63,85,30815.60216032
16081,63,86,7432.40839833
16082,63,87,10070.83598332
16083,63,88,6565.00926265
16084,63,89,9747.87172917
16085,63,90,2686.52088344
16086,63,91,5636.52971677
16087,63,92,3491.61996372
16088,63,93,11635.72543685
16089,63,94,9573.14470078
16090,63,95,4453.07865963
16091,63,96,9791.39695786
16092,63,97,14146.57361862
16093,63,98,12881.37452652
16094,63,99,9532.08122773
16095,63,100,8418.05666767
16096,63,101,6570.88779341
16097,63,102,9593.07162405
16098,63,103,15219.69314614
16099,63,104,6311.01279662
16100,63,105,2749.04984569
16101,63,106,10967.47321073
16102,63,107,4844.54674519
16103,63,108,11452.66418016
16104,63,109,4924.9522618
16105,63,110,15381.9177509
16106,63,111,9557.23547489
16107,63,112,11395.44499167
16108,63,113,16343.05830022
16109,63,114,7007.85262257
16110,63,115,18648.16599889
16111,63,116,4958.34598984
16112,63,117,12805.52651014
16113,63,118,13221.30732997
16114,63,119,20322.61603859
16115,63,120,11360.3941559
16116,63,121,13520.34498395
16117,63,122,13918.00766335
16118,63,123,5731.97120446
16119,63,124,6739.10427715
16120,63,125,5399.42992696
16121,63,126,11979.73365099
16122,63,127,3884.19631386
16123,63,128,14309.88111026
16124,63,129,5794.63340959
16125,63,130,9365.62729619
16126,63,131,16589.23265938
16127,63,132,7414.47882357
16128,63,133,17220.81674869
16129,63,134,20405.63819131
16130,63,135,16542.20283879
16131,63,136,14014.03288814
16132,63,137,10041.65469094
16133,63,138,11193.11539428
16134,63,139,15372.85347864
16135,63,140,11962.01907301
16136,63,141,12169.78540159
16137,63,142,19332.80787829
16138,63,143,21514.26776985
16139,63,144,17755.05694364
16140,63,145,20368.80747818
16141,63,146,10523.80267268
16142,63,147,6592.09235884
16143,63,148,11993.76921245
16144,63,149,2847.10287384
16145,63,150,17389.90984897
16146,63,151,7887.1548701
16147,63,152,11536.22276247
16148,63,153,7001.18268003
16149,63,154,5327.55014416
16150,63,155,14028.60496512
16151,63,156,3749.07938669
16152,63,157,3970.69757751
16153,63,158,18859.39641401
16154,63,159,4718.38747527
16155,63,160,15664.79057878
16156,63,161,13042.27719983
16157,63,162,12615.07424933
16158,63,163,1473.8658507
16159,63,164,10974.93605722
16160,63,165,1263.65719652
16161,63,166,2280.35822206
16162,63,167,6197.52275532
16163,63,168,33324.34716954
16164,63,169,31115.76653199
16165,63,170,32018.0480683
16166,63,171,34628.45280857
16167,63,172,33255.52794743
16168,63,173,33895.99511478
16169,63,174,35219.67669513
16170,63,175,34528.15103117
16171,63,176,35506.03475297
16172,63,177,33289.49195815
16173,63,178,18185.82838569
16174,63,179,13799.79892249
16175,63,180,20310.69940404
16176,63,181,25666.65505229
16177,63,182,29472.13696765
16178,63,183,34007.54535625
16179,63,184,22675.92715187
16180,63,185,15773.85300919
16181,63,186,28372.21607736
16182,63,187,32730.58687646
16183,63,188,37643.56838262
16184,63,189,34994.72867514
16185,63,190,33923.74304416
16186,63,191,34654.83561049
16187,63,192,35881.65021661
16188,63,193,34560.27950396
16189,63,194,34248.07677555
16190,63,195,35238.71736053
16191,63,196,38169.91637481
16192,63,197,34864.26869758
16193,63,198,17122.21331973
16194,63,199,20095.89741957
16195,63,200,46559.70283651
16196,63,201,32024.09244142
16197,63,202,55769.30392844
16198,63,203,51149.84697563
16199,63,204,43161.52214924
16200,63,205,35515.39867732
16201,63,206,28356.0134375
16202,63,207,59465.5789616
16203,63,208,22591.86433572
16204,63,209,2705.80396589
16205,63,210,3369.34448401
16206,63,211,6982.12259356
16207,63,212,42770.64833031
16208,63,213,50318.50877814
16209,63,214,36584.32112751
16210,63,215,19095.53694673
16211,63,216,8057.04047597
16212,63,217,13704.52582876
16213,63,218,15325.19852537
16214,63,219,43626.21066787
16215,63,220,47798.54509188
16216,63,221,11229.95280188
16217,63,222,27110.32354034
16218,63,223,5339.00305488
16219,63,224,52385.99775286
16220,63,225,10297.7522898
16221,63,226,32853.7480152
16222,63,227,21453.33205958
16223,63,228,54444.78599478
16224,63,229,38738.38713444
16225,63,230,41009.72954077
16226,63,231,2569.70460422
16227,63,232,2931.80862189
16228,63,233,2175.53585356
16229,63,234,4191.58254626
16230,63,235,3411.6221749
16231,63,236,1728.38153601
16232,63,237,3894.7770742
16233,63,238,25643.84787097
16234,63,239,17521.46374489
16235,63,240,24549.86455838
16236,63,241,7682.69111965
16237,63,242,13526.69669945
16238,63,243,5489.94456682
16239,63,244,21657.39867532
16240,63,245,20659.86538341
16241,63,246,22696.51171951
16242,63,247,17930.07372218
16243,63,248,19721.68467321
16244,63,249,25151.33446158
16245,63,250,24407.21174989
16246,63,251,17016.74030334
16247,63,252,8642.16014345
16248,63,253,4722.69765874
16249,63,254,23377.07630727
16250,63,255,23876.73059707
16251,63,256,23982.2390322
16252,63,257,18408.67080659
16253,63,258,11537.91220386
16254,64,1,23549.67268475
16255,64,2,22321.69208887
16256,64,3,24022.1649339
16257,64,4,25034.19820493
16258,64,5,22867.48995317
16259,64,6,23688.32500615
16260,64,7,22898.61764293
16261,64,8,24884.2378537
16262,64,9,24446.98631792
16263,64,10,24641.43662076
16264,64,11,22693.60310581
16265,64,12,22770.5098632
16266,64,13,22903.66665308
16267,64,14,24391.27438475
16268,64,15,25431.59676909
16269,64,16,21331.16472521
16270,64,17,31094.85331289
16271,64,18,30392.63677891
16272,64,19,22320.42055354
16273,64,20,28088.52241537
16274,64,21,33329.67963641
16275,64,22,13263.56839603
16276,64,23,17725.48133211
16277,64,24,19499.96599406
16278,64,25,25979.39276837
16279,64,26,14408.562296
16280,64,27,32344.98305298
16281,64,28,28751.39693762
16282,64,29,14895.43169898
16283,64,30,29736.30582523
16284,64,31,21285.11800295
16285,64,32,25157.13955948
16286,64,33,34918.93746043
16287,64,34,27044.46399583
16288,64,35,23385.09420334
16289,64,36,12748.94353115
16290,64,37,13145.06392632
16291,64,38,20501.90293389
16292,64,39,16891.44068457
16293,64,40,40146.20743993
16294,64,41,33041.28045527
16295,64,42,28390.6368659
16296,64,43,45288.82207036
16297,64,44,32625.95750305
16298,64,45,27465.04133119
16299,64,46,29654.98954203
16300,64,47,50699.88581004
16301,64,48,51728.58607729
16302,64,49,25651.3554565
16303,64,50,47444.12542897
16304,64,51,23725.68335605
16305,64,52,22656.20691773
16306,64,53,17123.89686524
16307,64,54,22646.53307802
16308,64,55,2857.69238955
16309,64,56,24361.13468121
16310,64,57,11234.564598
16311,64,58,13174.82605153
16312,64,59,23156.70458056
16313,64,60,21469.50750908
16314,64,61,26479.23969473
16315,64,62,8581.6255444
16316,64,63,19066.88408608
16317,64,64,0.0
16318,64,65,20035.14392592
16319,64,66,14912.29486884
16320,64,67,13683.11898627
16321,64,68,14670.86565568
16322,64,69,16871.26864476
16323,64,70,10846.5178126
16324,64,71,26161.60293314
16325,64,72,8651.36097181
16326,64,73,27900.96914998
16327,64,74,18383.29303547
16328,64,75,9336.51065191
16329,64,76,24078.41574132
16330,64,77,29754.31908768
16331,64,78,29863.46315014
16332,64,79,10427.2251194
16333,64,80,22346.04258529
16334,64,81,20874.2609473
16335,64,82,11106.59841718
16336,64,83,21036.52956999
16337,64,84,23284.31419035
16338,64,85,13221.79457315
16339,64,86,20045.95903281
16340,64,87,12148.26537252
16341,64,88,18053.06877866
16342,64,89,22105.4920904
16343,64,90,21739.2207851
16344,64,91,24495.97226592
16345,64,92,20627.39860664
16346,64,93,26823.12176702
16347,64,94,26298.24574396
16348,64,95,23516.78089984
16349,64,96,19029.07178304
16350,64,97,20455.32733457
16351,64,98,19724.34174704
16352,64,99,27239.96364174
16353,64,100,19423.94661798
16354,64,101,25240.69255874
16355,64,102,27005.99893564
16356,64,103,20631.68029061
16357,64,104,20424.80392197
16358,64,105,21069.06053035
16359,64,106,27151.44638726
16360,64,107,23855.30036757
16361,64,108,18963.87122572
16362,64,109,20152.38600585
16363,64,110,28527.2685659
16364,64,111,27239.69590159
16365,64,112,28038.4810831
16366,64,113,28141.81235297
16367,64,114,25752.90875833
16368,64,115,28447.78525689
16369,64,116,23043.68540742
16370,64,117,29954.25058949
16371,64,118,28656.69180523
16372,64,119,28929.24774818
16373,64,120,28353.54654066
16374,64,121,30736.33752245
16375,64,122,28488.14350384
16376,64,123,23517.03270438
16377,64,124,23672.18204365
16378,64,125,24459.94263791
16379,64,126,28377.61378758
16380,64,127,22289.85667569
16381,64,128,31585.54488625
16382,64,129,24835.34595127
16383,64,130,25395.83646587
16384,64,131,27435.64362782
16385,64,132,23733.71840977
16386,64,133,27494.82527952
16387,64,134,16160.00606696
16388,64,135,15614.44506291
16389,64,136,14099.34260412
16390,64,137,9205.26110372
16391,64,138,9095.60389132
16392,64,139,15003.08500784
16393,64,140,10962.25661923
16394,64,141,8993.53599533
16395,64,142,15043.04512228
16396,64,143,17673.67433175
16397,64,144,14836.38471536
16398,64,145,18158.51256315
16399,64,146,8656.8862489
16400,64,147,22054.5271243
16401,64,148,30295.01366652
16402,64,149,19794.85015957
16403,64,150,36093.69914455
16404,64,151,24723.83770969
16405,64,152,29657.66121249
16406,64,153,22930.01119543
16407,64,154,20485.79292719
16408,64,155,32843.62918115
16409,64,156,18379.63117488
16410,64,157,20455.44705823
16411,64,158,37640.37622318
16412,64,159,18240.66498946
16413,64,160,34418.75128502
16414,64,161,31713.57751085
16415,64,162,31156.06570125
16416,64,163,18623.85593892
16417,64,164,28935.45675771
16418,64,165,19441.17771018
16419,64,166,18749.37674257
16420,64,167,21271.28589679
16421,64,168,52306.65396374
16422,64,169,50030.4991016
16423,64,170,50988.79657904
16424,64,171,53628.26442622
16425,64,172,52321.299064
16426,64,173,52954.14332598
16427,64,174,54261.66563409
16428,64,175,53558.05598419
16429,64,176,54440.73256288
16430,64,177,52353.58531901
16431,64,178,20187.31707833
16432,64,179,19127.52700198
16433,64,180,21421.63993569
16434,64,181,27289.58262542
16435,64,182,31517.74165198
16436,64,183,35226.81864199
16437,64,184,24054.77465419
16438,64,185,19950.78492846
16439,64,186,30136.80477929
16440,64,187,34274.52801193
16441,64,188,52528.46251508
16442,64,189,48142.81806748
16443,64,190,44025.53880133
16444,64,191,46880.18243768
16445,64,192,50311.36207306
16446,64,193,46366.12355597
16447,64,194,45249.59007059
16448,64,195,49104.56163091
16449,64,196,53680.13975505
16450,64,197,44284.49979637
16451,64,198,35685.02407531
16452,64,199,38507.15865565
16453,64,200,61402.59636374
16454,64,201,48886.45986086
16455,64,202,69528.10267659
16456,64,203,65313.03349567
16457,64,204,58387.44721567
16458,64,205,51290.33349722
16459,64,206,45867.34189181
16460,64,207,73422.54243639
16461,64,208,40516.93758171
16462,64,209,16808.99629273
16463,64,210,21946.58308355
16464,64,211,12127.89797663
16465,64,212,23972.10766751
16466,64,213,31614.84902951
16467,64,214,45396.09228898
16468,64,215,29574.00414564
16469,64,216,21720.93184868
16470,64,217,25998.63294581
16471,64,218,26489.2898554
16472,64,219,49553.88404117
16473,64,220,52873.08391108
16474,64,221,25355.84303464
16475,64,222,37807.45002079
16476,64,223,21180.55140827
16477,64,224,56597.80036497
16478,64,225,23332.24484697
16479,64,226,42724.13169287
16480,64,227,32388.40398526
16481,64,228,58214.91478505
16482,64,229,46443.07877251
16483,64,230,47855.22340276
16484,64,231,21337.1660554
16485,64,232,21691.77076572
16486,64,233,20955.86193534
16487,64,234,22948.75004712
16488,64,235,22168.48128371
16489,64,236,20537.75974889
16490,64,237,22643.94163548
16491,64,238,27909.06871457
16492,64,239,26998.81503446
16493,64,240,29077.37757531
16494,64,241,21668.59796084
16495,64,242,24460.99680882
16496,64,243,19383.10274338
16497,64,244,28749.99864288
16498,64,245,27752.97911256
16499,64,246,29742.56615167
16500,64,247,26381.30008409
16501,64,248,27147.54812047
16502,64,249,28971.87195128
16503,64,250,26412.90583011
16504,64,251,27457.83203178
16505,64,252,21270.16735087
16506,64,253,17880.84928632
16507,64,254,29821.0902754
16508,64,255,29421.31729229
16509,64,256,25230.70649005
16510,64,257,26065.99032545
16511,64,258,22865.53392759
16512,65,1,4449.23562977
16513,65,2,9789.92692364
16514,65,3,5382.95067956
16515,65,4,8422.57196057
16516,65,5,9384.08750715
16517,65,6,8989.30904786
16518,65,7,3175.94394582
16519,65,8,7206.9333439
16520,65,9,6395.65763881
16521,65,10,4851.80705073
16522,65,11,2735.08592201
16523,65,12,2823.718639
16524,65,13,3474.82568946
16525,65,14,8497.05798333
16526,65,15,8115.78581159
16527,65,16,10328.28963232
16528,65,17,11088.3047941
16529,65,18,10454.63809886
16530,65,19,5449.24890931
16531,65,20,8944.99963116
16532,65,21,13300.04812067
16533,65,22,11025.66469196
16534,65,23,4899.67173493
16535,65,24,5142.54973635
16536,65,25,7327.79952224
16537,65,26,8602.00651091
16538,65,27,12311.6515952
16539,65,28,9232.97350088
16540,65,29,7447.49381133
16541,65,30,9914.44846651
16542,65,31,5160.78377479
16543,65,32,6767.05458456
16544,65,33,14912.13480676
16545,65,34,8306.74992291
16546,65,35,5959.3677881
16547,65,36,13287.36211845
16548,65,37,14088.92620686
16549,65,38,5068.26833457
16550,65,39,5352.77310834
16551,65,40,20322.887693
16552,65,41,13066.15998416
16553,65,42,8723.84411573
16554,65,43,25496.96413975
16555,65,44,12718.67928341
16556,65,45,7643.43261326
16557,65,46,10024.09958647
16558,65,47,31047.53251218
16559,65,48,32112.63689776
16560,65,49,5950.31533997
16561,65,50,27677.84804456
16562,65,51,3866.06619413
16563,65,52,3086.2214797
16564,65,53,3169.81938001
16565,65,54,3552.91563185
16566,65,55,17824.79018262
16567,65,56,5873.83453637
16568,65,57,9821.47617089
16569,65,58,7598.98569486
16570,65,59,4389.19506621
16571,65,60,1452.04609119
16572,65,61,7416.92172368
16573,65,62,12514.62628887
16574,65,63,1161.08192456
16575,65,64,20035.14392592
16576,65,65,0.0
16577,65,66,5730.06541575
16578,65,67,8303.34751205
16579,65,68,6998.42302575
16580,65,69,35531.00935916
16581,65,70,12811.34602532
16582,65,71,45200.38604473
16583,65,72,22002.98767782
16584,65,73,46755.86663147
16585,65,74,37073.90373204
16586,65,75,24177.19755642
16587,65,76,43185.48816772
16588,65,77,47777.53647405
16589,65,78,48464.77775741
16590,65,79,26500.40362858
16591,65,80,41209.87381965
16592,65,81,39812.90054589
16593,65,82,29192.43364789
16594,65,83,7632.81178441
16595,65,84,42265.84687497
16596,65,85,31592.17895558
16597,65,86,6906.14356889
16598,65,87,10548.01826356
16599,65,88,6351.31320041
16600,65,89,9060.71049632
16601,65,90,1750.76174856
16602,65,91,5009.14056217
16603,65,92,2605.19770804
16604,65,93,11786.64191925
16605,65,94,9523.81139207
16606,65,95,3523.12882541
16607,65,96,9470.47070838
16608,65,97,13815.66224693
16609,65,98,12574.4272891
16610,65,99,9242.40290227
16611,65,100,8012.46326499
16612,65,101,6029.20404583
16613,65,102,9380.10467621
16614,65,103,14912.4335252
16615,65,104,5675.23051792
16616,65,105,1628.29165538
16617,65,106,10971.38434291
16618,65,107,4093.32720676
16619,65,108,11179.87722743
16620,65,109,4271.45613271
16621,65,110,14436.27627932
16622,65,111,8398.72323531
16623,65,112,11294.43591162
16624,65,113,15479.26355307
16625,65,114,5888.52705758
16626,65,115,17886.34420648
16627,65,116,4798.3174693
16628,65,117,12559.87134486
16629,65,118,12147.88076237
16630,65,119,19614.11920105
16631,65,120,10217.45384345
16632,65,121,13244.46010726
16633,65,122,12893.48519825
16634,65,123,5620.30941496
16635,65,124,6805.32518433
16636,65,125,4535.18312689
16637,65,126,10861.21763505
16638,65,127,3684.23194142
16639,65,128,14005.81730692
16640,65,129,4803.12041935
16641,65,130,9469.53662486
16642,65,131,15792.22051345
16643,65,132,7577.47485863
16644,65,133,16453.37089375
16645,65,134,21535.2570613
16646,65,135,17655.9596689
16647,65,136,15147.44741675
16648,65,137,10932.72876864
16649,65,138,11937.37287616
16650,65,139,16493.02842603
16651,65,140,13122.20567785
16652,65,141,13305.29665597
16653,65,142,20471.22077295
16654,65,143,22628.52671642
16655,65,144,18888.57047074
16656,65,145,21461.77730092
16657,65,146,11554.94603424
16658,65,147,7002.27934923
16659,65,148,11469.26847204
16660,65,149,3480.6580032
16661,65,150,16677.9042944
16662,65,151,7898.9570982
16663,65,152,11075.19041729
16664,65,153,7280.59197593
16665,65,154,5938.86395974
16666,65,155,13291.91169033
16667,65,156,3559.7857901
16668,65,157,4493.20505449
16669,65,158,18111.33831405
16670,65,159,4511.70882797
16671,65,160,14943.57276919
16672,65,161,12374.56875757
16673,65,162,12001.05750173
16674,65,163,1626.1832098
16675,65,164,10572.92755061
16676,65,165,1975.18440635
16677,65,166,2115.70735831
16678,65,167,6721.09447225
16679,65,168,32300.63379998
16680,65,169,30069.71040206
16681,65,170,30989.6913879
16682,65,171,33612.25336716
16683,65,172,32295.63821458
16684,65,173,32920.18228435
16685,65,174,34227.63690371
16686,65,175,33632.35370126
16687,65,176,34663.27587996
16688,65,177,32353.39693311
16689,65,178,18020.05618397
16690,65,179,13575.75452285
16691,65,180,20136.09621007
16692,65,181,25332.52880647
16693,65,182,29053.71380955
16694,65,183,33589.52937932
16695,65,184,22419.19344222
16696,65,185,15542.40653102
16697,65,186,27986.24926477
16698,65,187,32305.61588084
16699,65,188,36511.20215287
16700,65,189,33924.24334624
16701,65,190,32996.71512214
16702,65,191,33623.69274472
16703,65,192,34764.27640977
16704,65,193,33548.16704015
16705,65,194,33274.8771097
16706,65,195,34140.96468035
16707,65,196,37022.77842314
16708,65,197,33967.87936978
16709,65,198,16005.0450039
16710,65,199,18968.54125496
16711,65,200,45421.71236157
16712,65,201,30863.0595142
16713,65,202,54652.92400289
16714,65,203,50025.60766608
16715,65,204,42017.21744565
16716,65,205,34364.84590809
16717,65,206,27198.53207423
16718,65,207,58341.88205895
16719,65,208,21441.13096282
16720,65,209,3356.73087835
16721,65,210,2208.37093758
16722,65,211,8014.23019305
16723,65,212,43645.34877324
16724,65,213,51169.78417368
16725,65,214,35711.39252157
16726,65,215,18277.4284541
16727,65,216,7321.92824876
16728,65,217,12861.74813047
16729,65,218,14533.09286094
16730,65,219,42874.00791048
16731,65,220,47075.18432512
16732,65,221,10295.14593967
16733,65,222,26190.93663616
16734,65,223,4502.87014043
16735,65,224,51692.51253921
16736,65,225,9505.62660863
16737,65,226,31943.98393177
16738,65,227,20571.66975561
16739,65,228,53768.27408772
16740,65,229,37913.52960486
16741,65,230,40220.03725079
16742,65,231,1415.88861037
16743,65,232,1781.56347487
16744,65,233,1018.14402827
16745,65,234,3054.8794912
16746,65,235,2266.66850206
16747,65,236,568.40012821
16748,65,237,2753.66073317
16749,65,238,26528.34055833
16750,65,239,18120.26436129
16751,65,240,25339.38392076
16752,65,241,8244.66080438
16753,65,242,14120.71421556
16754,65,243,6290.86113509
16755,65,244,22341.43601098
16756,65,245,21361.59341211
16757,65,246,23366.47918097
16758,65,247,18596.62162719
16759,65,248,20419.84856884
16760,65,249,25969.25104853
16761,65,250,25317.26796296
16762,65,251,17548.06987683
16763,65,252,9309.32439488
16764,65,253,5722.11543157
16765,65,254,24074.35276362
16766,65,255,24619.8489503
16767,65,256,24927.87745671
16768,65,257,19119.32146682
16769,65,258,12177.26781026
16770,66,1,8648.09276024
16771,66,2,9257.33297871
16772,66,3,9115.14823189
16773,66,4,10555.83419653
16774,66,5,9404.04426949
16775,66,6,9783.96743716
16776,66,7,8898.66947248
16777,66,8,10123.7426827
16778,66,9,9605.42764497
16779,66,10,10579.75674654
16780,66,11,8446.26576827
16781,66,12,8142.66762138
16782,66,13,8060.65932566
16783,66,14,10098.64138804
16784,66,15,10778.41138607
16785,66,16,8958.69405908
16786,66,17,16376.52070013
16787,66,18,15601.07379184
16788,66,19,7571.64885563
16789,66,20,13180.1150262
16790,66,21,18773.71251119
16791,66,22,5716.07489021
16792,66,23,3107.05392402
16793,66,24,4961.37971578
16794,66,25,11094.29996871
16795,66,26,3497.71380052
16796,66,27,17702.68099774
16797,66,28,13846.38021154
16798,66,29,2450.68026386
16799,66,30,14886.71721844
16800,66,31,6590.90517229
16801,66,32,10288.08506513
16802,66,33,20438.47124415
16803,66,34,12163.06481423
16804,66,35,8601.94901566
16805,66,36,7940.09181483
16806,66,37,8827.18768845
16807,66,38,5861.74641158
16808,66,39,2416.55438068
16809,66,40,25971.81274309
16810,66,41,18648.71003775
16811,66,42,14450.10987947
16812,66,43,31145.06307816
16813,66,44,18358.14843199
16814,66,45,13350.89856269
16815,66,46,15750.09811375
16816,66,47,36726.96607371
16817,66,48,37798.56896109
16818,66,49,11680.13618944
16819,66,50,33330.71955749
16820,66,51,9591.15444833
16821,66,52,8776.24720436
16822,66,53,2561.88586253
16823,66,54,9101.40042945
16824,66,55,12465.72076962
16825,66,56,11322.10817028
16826,66,57,4116.53297913
16827,66,58,1888.71471357
16828,66,59,9859.56179503
16829,66,60,7150.48907711
16830,66,61,13077.38265648
16831,66,62,6878.51430822
16832,66,63,4590.60054062
16833,66,64,14912.29486884
16834,66,65,5730.06541575
16835,66,66,0.0
16836,66,67,6806.40840892
16837,66,68,6049.6230975
16838,66,69,31148.80928252
16839,66,70,10315.9243508
16840,66,71,40725.15340329
16841,66,72,18472.33532295
16842,66,73,42370.32348123
16843,66,74,32695.0794866
16844,66,75,20494.98616916
16845,66,76,38670.14238749
16846,66,77,43738.70604634
16847,66,78,44196.82313914
16848,66,79,22659.13008488
16849,66,80,36791.87733812
16850,66,81,35354.48311043
16851,66,82,24899.48481814
16852,66,83,10965.19596131
16853,66,84,37802.89619343
16854,66,85,27258.83835156
16855,66,86,9905.25186949
16856,66,87,8439.4256585
16857,66,88,8221.02599583
16858,66,89,12502.33340473
16859,66,90,7213.07206699
16860,66,91,9623.47540266
16861,66,92,7452.09731521
16862,66,93,13071.44447183
16863,66,94,11845.60564203
16864,66,95,8911.03656457
16865,66,96,11305.96807046
16866,66,97,15354.60605593
16867,66,98,14079.42469237
16868,66,99,12490.51002115
16869,66,100,10380.45343238
16870,66,101,10331.60994011
16871,66,102,12338.73021706
16872,66,103,16281.13920722
16873,66,104,9257.7470018
16874,66,105,7189.99859215
16875,66,106,12954.12611127
16876,66,107,9073.72347999
16877,66,108,12635.1742454
16878,66,109,8143.48716983
16879,66,110,18834.68810455
16880,66,111,14027.76463991
16881,66,112,13682.76606998
16882,66,113,19457.55480118
16883,66,114,11597.22060165
16884,66,115,21316.09481518
16885,66,116,8145.15322674
16886,66,117,15450.34816104
16887,66,118,17225.85587861
16888,66,119,22746.59979016
16889,66,120,15711.10930872
16890,66,121,16222.63051481
16891,66,122,17710.28341867
16892,66,123,8666.03172834
16893,66,124,9027.72048953
16894,66,125,9750.81765064
16895,66,126,16199.51534809
16896,66,127,7380.12358122
16897,66,128,17064.31275589
16898,66,129,10287.52755766
16899,66,130,11174.81967656
16900,66,131,19441.46206274
16901,66,132,9294.73121866
16902,66,133,19943.98014221
16903,66,134,16409.17743172
16904,66,135,12741.70482048
16905,66,136,10062.98904279
16906,66,137,6458.96522078
16907,66,138,8223.40240624
16908,66,139,11533.07176232
16909,66,140,7484.43216528
16910,66,141,7579.23753193
16911,66,142,15256.36021936
16912,66,143,17647.04199864
16913,66,144,13745.41482358
16914,66,145,16688.64616976
16915,66,146,6255.6032415
16916,66,147,7789.78728189
16917,66,148,15435.12642051
16918,66,149,4902.83623599
16919,66,150,21185.98423042
16920,66,151,10162.23805613
16921,66,152,14833.44583481
16922,66,153,8572.80132243
16923,66,154,6119.53559691
16924,66,155,17932.71892173
16925,66,156,6218.22697488
16926,66,157,5686.94785687
16927,66,158,22728.57508241
16928,66,159,6858.25361339
16929,66,160,19506.90200634
16930,66,161,16803.98607486
16931,66,162,16258.54639918
16932,66,163,4880.78525774
16933,66,164,14144.24868599
16934,66,165,4618.45878865
16935,66,166,5490.10837539
16936,66,167,7062.50393027
16937,66,168,37771.85144238
16938,66,169,35605.83349002
16939,66,170,36475.39505569
16940,66,171,39060.28770398
16941,66,172,37570.04488479
16942,66,173,38244.65168914
16943,66,174,39601.58629395
16944,66,175,38690.5527736
16945,66,176,39532.89106594
16946,66,177,37549.98716419
16947,66,178,18571.69935571
16948,66,179,14627.68120415
16949,66,180,20656.99657451
16950,66,181,26509.8377746
16951,66,182,30589.18532784
16952,66,183,35068.67239151
16953,66,184,23278.48496141
16954,66,185,16519.13851378
16955,66,186,29375.61699619
16956,66,187,33833.49794198
16957,66,188,41850.25927797
16958,66,189,38852.68747642
16959,66,190,37107.82641856
16960,66,191,38317.26000041
16961,66,192,39996.21598527
16962,66,193,38131.68501521
16963,66,194,37639.22298733
16964,66,195,39241.60926644
16965,66,196,42483.82189551
16966,66,197,37907.57411471
16967,66,198,21708.23473146
16968,66,199,24685.86617666
16969,66,200,50796.91911998
16970,66,201,36513.14108859
16971,66,202,59855.26139978
16972,66,203,55289.54687103
16973,66,204,47448.78960153
16974,66,205,39860.49481053
16975,66,206,32908.44795168
16976,66,207,63595.90739926
16977,66,208,27168.33819305
16978,66,209,3675.48684799
16979,66,210,7919.09263936
16980,66,211,2917.95014624
16981,66,212,38829.7491861
16982,66,213,46439.6343924
16983,66,214,39515.28774295
16984,66,215,21974.65160202
16985,66,216,11097.86648682
16986,66,217,16809.97125813
16987,66,218,18193.12286516
16988,66,219,45998.91037391
16989,66,220,50029.16931213
16990,66,221,14749.24661559
16991,66,222,30305.72223915
16992,66,223,8937.81518084
16993,66,224,54471.01740808
16994,66,225,13366.58286516
16995,66,226,35967.37985043
16996,66,227,24549.68314988
16997,66,228,56450.05637388
16998,66,229,41448.54642489
16999,66,230,43556.2931013
17000,66,231,7145.68513791
17001,66,232,7511.62307289
17002,66,233,6746.85060729
17003,66,234,8780.3058294
17004,66,235,7995.88365704
17005,66,236,6296.04550434
17006,66,237,8481.53373951
17007,66,238,23215.59828232
17008,66,239,16760.7093884
17009,66,240,22646.97062385
17010,66,241,8026.72118219
17011,66,242,13007.87945965
17012,66,243,5323.67438377
17013,66,244,20349.43158282
17014,66,245,19292.38591173
17015,66,246,21430.72317943
17016,66,247,16828.17342035
17017,66,248,18400.37501816
17018,66,249,23089.54938433
17019,66,250,21855.10875073
17020,66,251,16588.4987181
17021,66,252,8315.99417816
17022,66,253,3670.94834339
17023,66,254,21962.51870455
17024,66,255,22223.75122525
17025,66,256,21231.14019854
17026,66,257,17069.97721967
17027,66,258,10969.17768562
17028,67,1,12709.51974697
17029,67,2,15828.40220654
17030,67,3,13567.48984858
17031,67,4,16113.87242451
17032,67,5,15821.97499311
17033,67,6,15940.27190496
17034,67,7,10296.98023686
17035,67,8,15193.54482011
17036,67,9,14456.99215171
17037,67,10,11917.53732419
17038,67,11,10386.57268975
17039,67,12,11041.58153021
17040,67,13,11767.35554316
17041,67,14,15911.80468579
17042,67,15,16035.72413791
17043,67,16,15692.4576728
17044,67,17,18884.08973663
17045,67,18,18416.50235316
17046,67,19,12943.56901745
17047,67,20,17247.94591218
17048,67,21,20720.7169941
17049,67,22,11297.45198923
17050,67,23,9431.20982845
17051,67,24,11056.52115462
17052,67,25,15573.76863461
17053,67,26,9784.58605656
17054,67,27,19919.91895292
17055,67,28,17488.67854452
17056,67,29,9031.88834718
17057,67,30,18015.94994611
17058,67,31,12210.11271943
17059,67,32,14941.16626121
17060,67,33,22153.28171443
17061,67,34,16581.91441081
17062,67,35,13761.43238822
17063,67,36,13095.2959286
17064,67,37,14042.05704412
17065,67,38,11680.37625931
17066,67,39,9000.60013995
17067,67,40,26963.95119152
17068,67,41,20221.38106153
17069,67,42,15326.42010534
17070,67,43,32024.25575363
17071,67,44,19684.59165369
17072,67,45,14591.72112295
17073,67,46,16514.06729852
17074,67,47,37291.48604546
17075,67,48,38293.00759282
17076,67,49,12765.96762545
17077,67,50,34140.23300587
17078,67,51,11164.6139216
17079,67,52,9973.51427055
17080,67,53,6885.12909741
17081,67,54,9701.48043939
17082,67,55,12280.94112418
17083,67,56,10997.69390757
17084,67,57,7906.66833922
17085,67,58,6998.35858143
17086,67,59,10005.18372645
17087,67,60,9448.05187144
17088,67,61,13174.17320388
17089,67,62,9109.89572202
17090,67,63,7868.78594929
17091,67,64,13683.11898627
17092,67,65,8303.34751205
17093,67,66,6806.40840892
17094,67,67,0.0
17095,67,68,1316.84128458
17096,67,69,27714.5932064
17097,67,70,4529.22353005
17098,67,71,37393.59893596
17099,67,72,13846.65904949
17100,67,73,38871.58441699
17101,67,74,29241.78367886
17102,67,75,16056.18007541
17103,67,76,35424.16803085
17104,67,77,39681.23520526
17105,67,78,40493.12523854
17106,67,79,18427.30559643
17107,67,80,33379.58739806
17108,67,81,32025.01075386
17109,67,82,21375.92798115
17110,67,83,7395.23930891
17111,67,84,34465.52943467
17112,67,85,23776.94138371
17113,67,86,6373.20383364
17114,67,87,2256.77268204
17115,67,88,4370.89191969
17116,67,89,8592.56083854
17117,67,90,9984.17469028
17118,67,91,13311.37403031
17119,67,92,7708.55709814
17120,67,93,19135.77838308
17121,67,94,17344.18259268
17122,67,95,11642.60684329
17123,67,96,5954.42990666
17124,67,97,9170.12883146
17125,67,98,7982.92790917
17126,67,99,17400.82460738
17127,67,100,5899.55232669
17128,67,101,14328.62311665
17129,67,102,17450.73434845
17130,67,103,9936.64008418
17131,67,104,6780.94989924
17132,67,105,8625.7092932
17133,67,106,18673.84232794
17134,67,107,12365.63885353
17135,67,108,6679.23325795
17136,67,109,6728.74861923
17137,67,110,15213.77232209
17138,67,111,13820.55817424
17139,67,112,19190.48445642
17140,67,113,15192.9375017
17141,67,114,13030.95629399
17142,67,115,16280.20684943
17143,67,116,12821.5454214
17144,67,117,20666.01817676
17145,67,118,14989.31836797
17146,67,119,17344.66380418
17147,67,120,14744.23500196
17148,67,121,21386.2177977
17149,67,122,14902.00385989
17150,67,123,13577.57317623
17151,67,124,14458.40589826
17152,67,125,12699.44227089
17153,67,126,14707.74722663
17154,67,127,11752.92277896
17155,67,128,22178.31819287
17156,67,129,12706.89084571
17157,67,130,16981.93431255
17158,67,131,14775.94509252
17159,67,132,15008.85500682
17160,67,133,15062.395974
17161,67,134,21303.65495647
17162,67,135,18177.00819423
17163,67,136,15453.67273546
17164,67,137,5080.0822808
17165,67,138,4600.87114626
17166,67,139,16986.7820352
17167,67,140,11797.63757506
17168,67,141,10592.47941029
17169,67,142,20039.31795487
17170,67,143,22732.92491039
17171,67,144,18757.36707405
17172,67,145,22110.45753994
17173,67,146,7193.78619924
17174,67,147,13828.79572838
17175,67,148,19771.07131234
17176,67,149,10168.78708219
17177,67,150,24887.94877617
17178,67,151,15630.45061926
17179,67,152,19359.88173495
17180,67,153,14446.43817755
17181,67,154,12242.85832371
17182,67,155,21488.32374757
17183,67,156,5336.74055459
17184,67,157,11278.43887143
17185,67,158,26268.94429188
17186,67,159,4863.07018043
17187,67,160,23149.89239212
17188,67,161,20638.83393737
17189,67,162,20293.29149891
17190,67,163,6680.06919213
17191,67,164,18826.1412211
17192,67,165,8908.96000022
17193,67,166,6331.83607206
17194,67,167,13221.46701264
17195,67,168,39348.84540398
17196,67,169,36963.77631272
17197,67,170,38015.16157963
17198,67,171,40703.97459604
17199,67,172,39736.8454466
17200,67,173,40271.64695583
17201,67,174,41474.71892206
17202,67,175,41350.26898633
17203,67,176,42555.22436069
17204,67,177,39909.77535627
17205,67,178,11842.8448347
17206,67,179,8209.67296066
17207,67,180,13900.35730508
17208,67,181,19855.38107095
17209,67,182,24015.12229095
17210,67,183,28446.53670816
17211,67,184,16569.06259609
17212,67,185,9974.16119813
17213,67,186,22762.06641253
17214,67,187,27233.94292338
17215,67,188,39193.30277116
17216,67,189,35287.67473959
17217,67,190,32325.73886195
17218,67,191,34341.28370508
17219,67,192,37080.30873195
17220,67,193,33982.29178715
17221,67,194,33177.27996013
17222,67,195,36027.17314639
17223,67,196,40205.94200016
17224,67,197,32910.43728923
17225,67,198,22435.25280966
17226,67,199,25124.6525296
17227,67,200,48130.61828934
17228,67,201,35210.59366945
17229,67,202,56636.68730727
17230,67,203,52264.49918749
17231,67,204,45001.13917597
17232,67,205,37752.51278946
17233,67,206,32201.96765752
17234,67,207,60481.42425793
17235,67,208,26939.63192947
17236,67,209,5187.94957765
17237,67,210,9503.08342622
17238,67,211,5448.09485451
17239,67,212,36192.14542926
17240,67,213,43572.67663932
17241,67,214,34345.85862167
17242,67,215,17191.831848
17243,67,216,8044.37221961
17244,67,217,12774.90907401
17245,67,218,13648.80986185
17246,67,219,40153.37317277
17247,67,220,44034.47306374
17248,67,221,11743.59519702
17249,67,222,25681.72583376
17250,67,223,7738.3822185
17251,67,224,48340.69205064
17252,67,225,9784.87477251
17253,67,226,31100.55635948
17254,67,227,19965.39988738
17255,67,228,50254.23507714
17256,67,229,35988.80466233
17257,67,230,37899.38323558
17258,67,231,9177.87153928
17259,67,232,9456.78018853
17260,67,233,8890.98603734
17261,67,234,10515.87045738
17262,67,235,9848.7030382
17263,67,236,8602.46188786
17264,67,237,10244.45230442
17265,67,238,29628.96373767
17266,67,239,23559.71372242
17267,67,240,29291.44100231
17268,67,241,14452.94369552
17269,67,242,19764.66671185
17270,67,243,11768.64730983
17271,67,244,27133.10223012
17272,67,245,26072.2351179
17273,67,246,28216.28385184
17274,67,247,23633.20059697
17275,67,248,25188.22194885
17276,67,249,29674.25532192
17277,67,250,28214.00239069
17278,67,251,23353.0475716
17279,67,252,14962.19611226
17280,67,253,10226.79438474
17281,67,254,28726.8115341
17282,67,255,28940.40207907
17283,67,256,27471.19749359
17284,67,257,23860.21128225
17285,67,258,17714.86942795
17286,68,1,11417.3578182
17287,68,2,14824.78680479
17288,68,3,12288.84439995
17289,68,4,14908.08297935
17290,68,5,14768.81312932
17291,68,6,14825.31009111
17292,68,7,8995.89143196
17293,68,8,13946.11338994
17294,68,9,13197.56104213
17295,68,10,10631.14466634
17296,68,11,9073.17428539
17297,68,12,9726.72286665
17298,68,13,10467.42942386
17299,68,14,14739.77731938
17300,68,15,14799.629089
17301,68,16,14772.38542135
17302,68,17,17581.50803091
17303,68,18,17105.55272322
17304,68,19,11741.88367606
17305,68,20,15940.75842657
17306,68,21,19444.71617709
17307,68,22,10996.42206487
17308,68,23,8437.91908077
17309,68,24,9981.81743444
17310,68,25,14286.73587541
17311,68,26,9264.6666189
17312,68,27,18629.7585163
17313,68,28,16173.32929127
17314,68,29,8403.35022386
17315,68,30,16700.21006745
17316,68,31,11045.64662755
17317,68,32,13666.26290662
17318,68,33,20893.57934965
17319,68,34,15288.6312773
17320,68,35,12531.48179915
17321,68,36,12931.73607979
17322,68,37,13879.167252
17323,68,38,10550.48978166
17324,68,39,8084.56961549
17325,68,40,25767.80821328
17326,68,41,18964.39179596
17327,68,42,14091.48791122
17328,68,43,30848.61234335
17329,68,44,18441.15286538
17330,68,45,13328.69068394
17331,68,46,15295.0993918
17332,68,47,36154.20364314
17333,68,48,37164.21693771
17334,68,49,11498.79143847
17335,68,50,32974.59750304
17336,68,51,9863.93118525
17337,68,52,8676.66789198
17338,68,53,5764.69492199
17339,68,54,8429.07402828
17340,68,55,13094.57526144
17341,68,56,9815.89801221
17342,68,57,7823.95243301
17343,68,58,6571.38369518
17344,68,59,8766.92381683
17345,68,60,8131.60238511
17346,68,61,11982.54602495
17347,68,62,9402.96962225
17348,68,63,6603.6168939
17349,68,64,14670.86565568
17350,68,65,6998.42302575
17351,68,66,6049.6230975
17352,68,67,1316.84128458
17353,68,68,0.0
17354,68,69,28986.50556291
17355,68,70,5846.05972153
17356,68,71,38667.63526315
17357,68,72,15155.60546255
17358,68,73,40155.59756531
17359,68,74,30516.45490172
17360,68,75,17361.97332749
17361,68,76,36691.74672432
17362,68,77,40988.54123783
17363,68,78,41787.61390842
17364,68,79,19728.35605367
17365,68,80,34655.48383561
17366,68,81,33294.90830133
17367,68,82,22644.04415613
17368,68,83,6641.01016655
17369,68,84,35737.89232836
17370,68,85,25046.55762224
17371,68,86,5562.07259802
17372,68,87,3573.59523063
17373,68,88,3501.55021617
17374,68,89,7968.1973745
17375,68,90,8671.01849545
17376,68,91,12003.9300563
17377,68,92,6421.69501242
17378,68,93,17987.35803579
17379,68,94,16125.39632842
17380,68,95,10325.82877133
17381,68,96,5741.35676206
17382,68,97,9428.541295
17383,68,98,8180.65240108
17384,68,99,16131.52917747
17385,68,100,5344.39459016
17386,68,101,13026.67546781
17387,68,102,16195.82083052
17388,68,103,10297.43056729
17389,68,104,5762.26105656
17390,68,105,7312.18334355
17391,68,106,17475.21970008
17392,68,107,11052.81715835
17393,68,108,6781.54639096
17394,68,109,5548.58278067
17395,68,110,14632.69112105
17396,68,111,12664.84909768
17397,68,112,17965.14835835
17398,68,113,14775.06204084
17399,68,114,11747.97535363
17400,68,115,16102.44483989
17401,68,116,11561.82316051
17402,68,117,19409.01539319
17403,68,118,14124.02924234
17404,68,119,17300.29052225
17405,68,120,13685.38864729
17406,68,121,20123.36150334
17407,68,122,14141.78813556
17408,68,123,12328.58028131
17409,68,124,13249.51059528
17410,68,125,11382.76503439
17411,68,126,13720.22391416
17412,68,127,10483.7788971
17413,68,128,20910.07000354
17414,68,129,11393.00657401
17415,68,130,15802.87771506
17416,68,131,14469.39088651
17417,68,132,13829.42507288
17418,68,133,14825.47902319
17419,68,134,21286.31396157
17420,68,135,17999.81626019
17421,68,136,15264.34812071
17422,68,137,5745.94737744
17423,68,138,5677.48483725
17424,68,139,16795.41134257
17425,68,140,11790.9315144
17426,68,141,10803.87109499
17427,68,142,20040.86541257
17428,68,143,22675.08291455
17429,68,144,18693.7634834
17430,68,145,21959.65942659
17431,68,146,7604.1752842
17432,68,147,12708.38846989
17433,68,148,18467.68155862
17434,68,149,8997.87895415
17435,68,150,23571.10806913
17436,68,151,14417.56794875
17437,68,152,18064.41737787
17438,68,153,13293.80632747
17439,68,154,11155.27489523
17440,68,155,20171.48690848
17441,68,156,4045.94812273
17442,68,157,10124.1433309
17443,68,158,24952.80744396
17444,68,159,3648.10817332
17445,68,160,21833.05159141
17446,68,161,19323.64314339
17447,68,162,18981.38592384
17448,68,163,5378.4806328
17449,68,164,17539.15628941
17450,68,165,7681.37757638
17451,68,166,5015.25257037
17452,68,167,12129.25285715
17453,68,168,38126.52101783
17454,68,169,35755.50820812
17455,68,170,36794.19668754
17456,68,171,39478.07226346
17457,68,172,38475.83413848
17458,68,173,39019.4878164
17459,68,174,40233.47395203
17460,68,175,40064.8087951
17461,68,176,41255.88376836
17462,68,177,38638.14681048
17463,68,178,12532.28435307
17464,68,179,8613.15259667
17465,68,180,14627.70874015
17466,68,181,20461.05413384
17467,68,182,24554.67612726
17468,68,183,29025.33734147
17469,68,184,17231.58278134
17470,68,185,10479.70522855
17471,68,186,23332.50493468
17472,68,187,27794.24965314
17473,68,188,38516.05732487
17474,68,189,34788.69926521
17475,68,190,32128.73565765
17476,68,191,33935.62501912
17477,68,192,36448.93510808
17478,68,193,33618.53344002
17479,68,194,32892.83188745
17480,68,195,35454.20164968
17481,68,196,39461.42969364
17482,68,197,32778.49928955
17483,68,198,21247.79584808
17484,68,199,23972.80896342
17485,68,200,47468.53821335
17486,68,201,34298.65674273
17487,68,202,56092.47305097
17488,68,203,51676.75978037
17489,68,204,44294.51289544
17490,68,205,36973.94463461
17491,68,206,31200.29023422
17492,68,207,59919.03662399
17493,68,208,25864.3473577
17494,68,209,3956.58508816
17495,68,210,8191.83283594
17496,68,211,5257.10933725
17497,68,212,37417.694225
17498,68,213,44820.99033063
17499,68,214,34270.15476224
17500,68,215,16939.74557387
17501,68,216,7194.29735752
17502,68,217,12267.69946237
17503,68,218,13294.74648594
17504,68,219,40324.4678366
17505,68,220,44269.85080206
17506,68,221,10977.6813725
17507,68,222,25422.40274067
17508,68,223,6571.77383412
17509,68,224,48638.21655442
17510,68,225,9107.98853853
17511,68,226,30925.85042323
17512,68,227,19670.97609495
17513,68,228,50583.16903039
17514,68,229,36012.11750636
17515,68,230,37995.74160421
17516,68,231,7861.0432263
17517,68,232,8140.61993828
17518,68,233,7574.69693125
17519,68,234,9206.90613472
17520,68,235,8534.60487236
17521,68,236,7289.03996785
17522,68,237,8933.54028255
17523,68,238,29149.8717815
17524,68,239,22699.54927401
17525,68,240,28680.96354178
17526,68,241,13411.54871448
17527,68,242,18850.36089937
17528,68,243,10759.67758508
17529,68,244,26386.39275534
17530,68,245,25332.17027466
17531,68,246,27465.89337597
17532,68,247,22831.52386175
17533,68,248,24434.8109528
17534,68,249,29103.06635377
17535,68,250,27758.78928635
17536,68,251,22439.41044059
17537,68,252,13995.27376142
17538,68,253,9274.67053082
17539,68,254,28008.19821511
17540,68,255,28272.63814763
17541,68,256,27065.9825535
17542,68,257,23102.8569489
17543,68,258,16796.4302121
17544,69,1,39540.4863337
17545,69,2,39148.89029728
17546,69,3,40162.28694897
17547,69,4,41601.01777137
17548,69,5,39658.34409912
17549,69,6,40416.44133763
17550,69,7,37954.42434646
17551,69,8,41272.0548831
17552,69,9,40742.12329242
17553,69,10,39614.66701211
17554,69,11,37949.56793419
17555,69,12,38354.34930848
17556,69,13,38759.76887852
17557,69,14,41025.23763885
17558,69,15,41904.72544564
17559,69,16,38191.15588161
17560,69,17,46509.60817899
17561,69,18,45958.16853921
17562,69,19,38715.00461874
17563,69,20,44179.42252444
17564,69,21,48431.20041487
17565,69,22,30134.50277663
17566,69,23,34155.12209069
17567,69,24,35990.72730946
17568,69,25,42183.62780381
17569,69,26,31174.77977961
17570,69,27,47603.51419097
17571,69,28,44676.4737511
17572,69,29,31545.65170619
17573,69,30,45445.42043747
17574,69,31,37714.52755912
17575,69,32,41402.80880902
17576,69,33,49865.69423715
17577,69,34,43251.97170281
17578,69,35,39750.68628526
17579,69,36,29527.00794566
17580,69,37,29826.4739748
17581,69,38,36957.08293472
17582,69,39,33348.09674953
17583,69,40,54518.42781284
17584,69,41,47932.39692002
17585,69,42,43015.94704086
17586,69,43,59471.09855531
17587,69,44,47381.0002953
17588,69,45,42306.15628066
17589,69,46,44172.11969176
17590,69,47,64504.69242826
17591,69,48,65448.09585344
17592,69,49,40480.35057962
17593,69,50,61527.96897721
17594,69,51,38821.23015452
17595,69,52,37647.36182616
17596,69,53,33012.36880111
17597,69,54,37413.71288158
17598,69,55,19719.03638908
17599,69,56,38609.53197489
17600,69,57,27881.47250359
17601,69,58,29598.52427403
17602,69,59,37708.24300322
17603,69,60,36865.86097135
17604,69,61,40788.65618611
17605,69,62,25377.57834767
17606,69,63,34748.52589553
17607,69,64,16871.26864476
17608,69,65,35531.00935916
17609,69,66,31148.80928252
17610,69,67,27714.5932064
17611,69,68,28986.50556291
17612,69,69,0.0
17613,69,70,23382.43469935
17614,69,71,9682.40585895
17615,69,72,14189.22856399
17616,69,73,11236.16173969
17617,69,74,1547.17450644
17618,69,75,11991.90196044
17619,69,76,7717.74101635
17620,69,77,12903.2410706
17621,69,78,13060.40225917
17622,69,79,9600.11730034
17623,69,80,5679.19765197
17624,69,81,4313.14525218
17625,69,82,6346.56676759
17626,69,83,34013.46796288
17627,69,84,6751.38889054
17628,69,85,3942.76586163
17629,69,86,33301.31884992
17630,69,87,25549.81434897
17631,69,88,31687.2551837
17632,69,89,34549.37350519
17633,69,90,37281.69643576
17634,69,91,40374.16013235
17635,69,92,35406.98879827
17636,69,93,43605.42943756
17637,69,94,42883.79791502
17638,69,95,39042.78362963
17639,69,96,31201.01327888
17640,69,97,30387.07207162
17641,69,98,30316.15660754
17642,69,99,43639.16423398
17643,69,100,32235.15302505
17644,69,101,41247.03877159
17645,69,102,43473.4310725
17646,69,103,29940.11928005
17647,69,104,34155.71510514
17648,69,105,36205.34848206
17649,69,106,43835.37784403
17650,69,107,39582.12244378
17651,69,108,30298.33386592
17652,69,109,34385.6337092
17653,69,110,39788.61033228
17654,69,111,41334.95631722
17655,69,112,44673.39747901
17656,69,113,38686.80632105
17657,69,114,40733.34863784
17658,69,115,37689.38610798
17659,69,116,39229.99927664
17660,69,117,46530.48209419
17661,69,118,41232.86241793
17662,69,119,37273.38555764
17663,69,120,41899.15881764
17664,69,121,47309.77026881
17665,69,122,40587.63964585
17666,69,123,39801.169566
17667,69,124,40144.36087083
17668,69,125,40066.11856919
17669,69,126,41560.09343807
17670,69,127,38349.87420433
17671,69,128,48157.21777964
17672,69,129,40239.36739377
17673,69,130,42060.50533744
17674,69,131,37578.29667647
17675,69,132,40308.59551944
17676,69,133,37275.59876908
17677,69,134,30978.57486821
17678,69,135,31635.7950249
17679,69,136,30613.69095859
17680,69,137,24794.15851469
17681,69,138,23596.51847755
17682,69,139,31271.19717228
17683,69,140,27799.41892628
17684,69,141,25864.47803072
17685,69,142,30158.89391469
17686,69,143,32257.19379439
17687,69,144,30480.39896887
17688,69,145,33253.75011464
17689,69,146,25079.66795086
17690,69,147,38674.40381418
17691,69,148,46536.84969365
17692,69,149,36026.84759977
17693,69,150,52128.95507959
17694,69,151,41248.29764516
17695,69,152,45964.67421008
17696,69,153,39528.97439345
17697,69,154,37053.24283508
17698,69,155,48776.85233198
17699,69,156,33031.17839201
17700,69,157,36829.37940201
17701,69,158,53607.85265454
17702,69,159,32566.9753653
17703,69,160,50409.19705678
17704,69,161,47762.22848702
17705,69,162,47284.88999075
17706,69,163,33957.20502187
17707,69,164,45288.56565709
17708,69,165,35384.30170067
17709,69,166,33836.90494122
17710,69,167,37897.40683542
17711,69,168,66970.62533587
17712,69,169,64536.80628818
17713,69,170,65633.9397507
17714,69,171,68336.46452282
17715,69,172,67448.37717262
17716,69,173,67972.05523946
17717,69,174,69151.92877555
17718,69,175,69041.74477862
17719,69,176,70173.08998182
17720,69,177,67623.61903106
17721,69,178,27471.91421022
17722,69,179,29156.85300232
17723,69,180,27382.0379409
17724,69,181,31057.9406847
17725,69,182,34253.06193663
17726,69,183,36279.81973089
17727,69,184,28941.51755567
17728,69,185,28831.71349623
17729,69,186,33054.54496089
17730,69,187,35842.30164711
17731,69,188,62422.76694956
17732,69,189,56868.99899212
17733,69,190,50730.99664766
17734,69,191,54967.54194637
17735,69,192,59949.79509066
17736,69,193,54165.9765959
17737,69,194,52524.8718763
17738,69,195,58350.63312731
17739,69,196,64076.79756149
17740,69,197,50417.58280955
17741,69,198,49978.93544314
17742,69,199,52505.81980829
17743,69,200,70787.77535421
17744,69,201,60807.27069808
17745,69,202,77520.96998438
17746,69,203,73874.02594669
17747,69,204,68278.80864813
17748,69,205,62061.15919197
17749,69,206,58576.32838617
17750,69,207,81452.76796128
17751,69,208,53898.29930197
17752,69,209,32174.32407681
17753,69,210,37099.98281134
17754,69,211,28236.6206043
17755,69,212,9202.39978308
17756,69,213,15997.94089433
17757,69,214,50902.70579214
17758,69,215,38976.76826683
17759,69,216,34871.32338287
17760,69,217,37331.93693055
17761,69,218,37060.1039595
17762,69,219,52170.71165013
17763,69,220,54389.0611134
17764,69,221,37813.00882309
17765,69,222,45819.75270641
17766,69,223,35362.36248693
17767,69,224,56990.48841613
17768,69,225,35738.4548735
17769,69,226,49412.77796709
17770,69,227,41499.00414363
17771,69,228,58071.2759506
17772,69,229,50919.10584317
17773,69,230,51446.57934823
17774,69,231,36652.90842145
17775,69,232,36971.72467093
17776,69,233,36314.05201192
17777,69,234,38125.91940328
17778,69,235,37406.3982113
17779,69,236,35951.58596947
17780,69,237,37838.78102813
17781,69,238,43021.82256114
17782,69,239,43690.71619304
17783,69,240,44750.05472231
17784,69,241,38419.30313273
17785,69,242,41310.79993806
17786,69,243,36014.09124903
17787,69,244,45022.74357097
17788,69,245,44080.72168346
17789,69,246,45952.62153996
17790,69,247,42980.3789354
17791,69,248,43564.21776798
17792,69,249,44458.38669088
17793,69,250,41605.15037777
17794,69,251,44224.02956233
17795,69,252,38095.31466707
17796,69,253,34438.96942917
17797,69,254,45902.65373774
17798,69,255,45324.58061904
17799,69,256,40319.49344173
17800,69,257,42573.8644562
17801,69,258,39736.22975437
17802,70,1,17184.40980931
17803,70,2,19573.22734354
17804,70,3,18009.85757859
17805,70,4,20370.78539738
17806,70,5,19694.77781457
17807,70,6,19969.62058952
17808,70,7,14791.87056702
17809,70,8,19557.04970601
17810,70,9,18851.80533718
17811,70,10,16376.90427272
17812,70,11,14907.90350438
17813,70,12,15567.05174732
17814,70,13,16260.74190456
17815,70,14,20085.40972665
17816,70,15,20368.36792818
17817,70,16,19221.08313273
17818,70,17,23374.81483027
17819,70,18,22929.55223288
17820,70,19,17210.06978687
17821,70,20,21754.15885249
17822,70,21,25138.80625661
17823,70,22,13323.02872116
17824,70,23,13290.62684519
17825,70,24,15055.36963063
17826,70,25,20032.31090773
17827,70,26,12511.21882939
17828,70,27,24376.88410289
17829,70,28,22014.6347266
17830,70,29,12081.53990677
17831,70,30,22541.89890952
17832,70,31,16397.01507663
17833,70,32,19371.66261871
17834,70,33,26524.98101948
17835,70,34,21054.44221117
17836,70,35,18089.15367693
17837,70,36,14593.68364075
17838,70,37,15482.13107483
17839,70,38,15794.47887661
17840,70,39,12707.99630745
17841,70,40,31147.37795618
17842,70,41,24589.20172541
17843,70,42,19651.54410639
17844,70,43,36136.62803189
17845,70,44,24017.40028233
17846,70,45,18988.76395065
17847,70,46,20793.81227531
17848,70,47,41278.25921953
17849,70,48,42252.01048699
17850,70,49,17178.72974669
17851,70,50,38218.57306439
17852,70,51,15657.38209962
17853,70,52,14459.96869136
17854,70,53,11078.17455057
17855,70,54,14137.75710126
17856,70,55,10323.40465509
17857,70,56,15228.18634323
17858,70,57,9679.4988982
17859,70,58,9775.78063087
17860,70,59,14368.00630734
17861,70,60,13976.69505564
17862,70,61,17406.59624999
17863,70,62,9542.78575655
17864,70,63,12305.66698411
17865,70,64,10846.5178126
17866,70,65,12811.34602532
17867,70,66,10315.9243508
17868,70,67,4529.22353005
17869,70,68,5846.05972153
17870,70,69,23382.43469935
17871,70,70,0.0
17872,70,71,33041.42989865
17873,70,72,9363.96546877
17874,70,73,34477.84945938
17875,70,74,24895.48166021
17876,70,75,11586.76503979
17877,70,76,31100.17568621
17878,70,77,35192.23219958
17879,70,78,36056.16575463
17880,70,79,13978.0397285
17881,70,80,29023.30980995
17882,70,81,27695.23905873
17883,70,82,17075.71350591
17884,70,83,10835.8458624
17885,70,84,30122.816273
17886,70,85,19462.92052505
17887,70,86,10012.97152477
17888,70,87,2272.47923689
17889,70,88,8308.93335878
17890,70,89,11647.56595285
17891,70,90,14506.49607584
17892,70,91,17820.0392602
17893,70,92,12181.91259043
17894,70,93,23228.20642515
17895,70,94,21628.28415771
17896,70,95,16171.77034643
17897,70,96,8386.92422106
17898,70,97,9683.93520472
17899,70,98,8887.35326735
17900,70,99,21812.51171797
17901,70,100,9088.86530357
17902,70,101,18823.98831233
17903,70,102,21826.07246717
17904,70,103,9991.40442578
17905,70,104,10783.97825168
17906,70,105,13147.96657207
17907,70,106,22900.49132068
17908,70,107,16886.57403775
17909,70,108,8134.01875969
17910,70,109,11023.2365155
17911,70,110,17810.25028356
17912,70,111,17960.61933263
17913,70,112,23484.86480834
17914,70,113,17319.60915716
17915,70,114,17479.90631054
17916,70,115,17631.31285718
17917,70,116,17222.6164569
17918,70,117,25039.83281536
17919,70,118,18370.86271329
17920,70,119,18223.82272464
17921,70,120,18632.36753487
17922,70,121,25774.29867689
17923,70,122,18004.16884165
17924,70,123,17950.89443985
17925,70,124,18732.00860876
17926,70,125,17228.43399329
17927,70,126,18414.22090467
17928,70,127,16179.01497355
17929,70,128,26579.62108516
17930,70,129,17228.705205
17931,70,130,21166.60475472
17932,70,131,16590.22478186
17933,70,132,19207.0833413
17934,70,133,16651.96644058
17935,70,134,21988.02192403
17936,70,135,19479.27146463
17937,70,136,16903.59131685
17938,70,137,5255.87122218
17939,70,138,3109.64088577
17940,70,139,18377.7722913
17941,70,140,12905.17162948
17942,70,141,11109.623301
17943,70,142,20698.12196524
17944,70,143,23514.81411628
17945,70,144,19673.45202996
17946,70,145,23212.80003472
17947,70,146,7585.61914107
17948,70,147,17893.46481485
17949,70,148,24266.70944012
17950,70,149,14394.33650322
17951,70,150,29417.16262101
17952,70,151,19907.4343391
17953,70,152,23835.47222313
17954,70,153,18583.41172811
17955,70,154,16250.5119561
17956,70,155,26017.48699126
17957,70,156,9827.92168516
17958,70,157,15453.14018785
17959,70,158,30795.79636056
17960,70,159,9254.59857821
17961,70,160,27679.10566364
17962,70,161,25164.24866419
17963,70,162,24810.49275119
17964,70,163,11185.27849915
17965,70,164,23280.53331735
17966,70,165,13265.78498685
17967,70,166,10860.78393109
17968,70,167,17225.57446641
17969,70,168,43590.28154096
17970,70,169,41165.39408288
17971,70,170,42253.83965173
17972,70,171,44955.02124066
17973,70,172,44095.29185727
17974,70,173,44602.89148644
17975,70,174,45771.91125143
17976,70,175,45782.3966684
17977,70,176,47029.59573021
17978,70,177,44300.34822351
17979,70,178,10422.75508756
17980,70,179,8384.66145617
17981,70,180,12165.10654158
17982,70,181,18336.18869497
17983,70,182,22637.05214906
17984,70,183,26842.73767121
17985,70,184,14952.34449912
17986,70,185,9493.53810476
17987,70,186,21296.90630349
17988,70,187,25717.81341666
17989,70,188,41745.07505284
17990,70,189,37296.57950613
17991,70,190,33379.52309833
17992,70,191,36057.38303117
17993,70,192,39499.08899711
17994,70,193,35565.73561928
17995,70,194,34509.79520392
17996,70,195,38267.25377544
17997,70,196,42965.80266319
17998,70,197,33740.90645148
17999,70,198,26607.48855953
18000,70,199,29187.2447333
18001,70,200,50591.98303264
18002,70,201,38517.08687662
18003,70,202,58683.29111944
18004,70,203,54468.71880601
18005,70,204,47618.55005159
18006,70,205,40632.17116672
18007,70,206,35795.11289003
18008,70,207,62576.45587111
18009,70,208,30774.58241431
18010,70,209,9600.4079633
18011,70,210,14020.23647534
18012,70,211,7958.79057504
18013,70,212,32038.32388357
18014,70,213,39318.4481159
18015,70,214,34971.44325664
18016,70,215,18739.03324085
18017,70,216,11643.82534073
18018,70,217,15265.43122145
18019,70,218,15659.13374822
18020,70,219,39878.19544697
18021,70,220,43506.10133513
18022,70,221,14965.99792113
18023,70,222,27035.03934914
18024,70,223,11986.88167131
18025,70,224,47567.9294076
18026,70,225,12883.13619184
18027,70,226,32095.38881763
18028,70,227,21556.45055747
18029,70,228,49360.77495744
18030,70,229,36261.11577314
18031,70,230,37902.57053138
18032,70,231,13707.01497945
18033,70,232,13984.33628232
18034,70,233,13419.37606192
18035,70,234,15027.47347405
18036,70,235,14371.72150925
18037,70,236,13125.76424849
18038,70,237,14760.44817745
18039,70,238,31654.27502793
18040,70,239,26812.24810638
18041,70,240,31732.10081289
18042,70,241,18314.33958116
18043,70,242,23215.30506542
18044,70,243,15600.18889831
18045,70,244,30012.76693076
18046,70,245,28942.92819922
18047,70,246,31096.66994235
18048,70,247,26714.26077118
18049,70,248,28108.64051333
18050,70,249,31988.58248656
18051,70,250,30181.03385117
18052,70,251,26762.1561684
18053,70,252,18626.04517588
18054,70,253,13968.56141744
18055,70,254,31505.80641879
18056,70,255,31561.5847584
18057,70,256,29289.86662251
18058,70,257,26808.02764978
18059,70,258,21205.34790062
18060,71,1,49175.87240599
18061,71,2,48476.28142737
18062,71,3,49777.62782072
18063,71,4,51109.67772973
18064,71,5,49029.0843934
18065,71,6,49839.68060209
18066,71,7,47636.80373771
18067,71,8,50838.12929306
18068,71,9,50329.41539717
18069,71,10,49296.57428552
18070,71,11,47629.79983731
18071,71,12,48022.94472472
18072,71,13,48408.58699792
18073,71,14,50503.61209979
18074,71,15,51447.14670867
18075,71,16,47454.24559922
18076,71,17,56190.37128613
18077,71,18,55634.24732636
18078,71,19,48275.10921864
18079,71,20,53808.25529432
18080,71,21,58112.06880366
18081,71,22,39361.37882628
18082,71,23,43696.34020688
18083,71,24,45517.91874906
18084,71,25,51791.21654181
18085,71,26,40564.6170198
18086,71,27,57285.91988793
18087,71,28,54326.4069444
18088,71,29,41003.09579724
18089,71,30,55113.84058731
18090,71,31,47263.35430454
18091,71,32,51001.36601191
18092,71,33,59541.88797816
18093,71,34,52860.51271261
18094,71,35,49319.99119478
18095,71,36,38550.52263816
18096,71,37,38751.91362539
18097,71,38,46497.05550759
18098,71,39,42879.7218764
18099,71,40,64154.41754202
18100,71,41,57607.95976997
18101,71,42,52685.89000092
18102,71,43,69080.3477608
18103,71,44,57051.62976876
18104,71,45,51984.33209513
18105,71,46,53835.1777842
18106,71,47,74058.32408652
18107,71,48,74987.873097
18108,71,49,50159.56147523
18109,71,50,71122.55588685
18110,71,51,48503.57830023
18111,71,52,47329.73523697
18112,71,53,42645.5282349
18113,71,54,47093.87779288
18114,71,55,28957.10265336
18115,71,56,48269.20882837
18116,71,57,37331.57501534
18117,71,58,39127.73247451
18118,71,59,47382.62490829
18119,71,60,46541.2652927
18120,71,61,50446.64908413
18121,71,62,34739.73609617
18122,71,63,44404.89441761
18123,71,64,26161.60293314
18124,71,65,45200.38604473
18125,71,66,40725.15340329
18126,71,67,37393.59893596
18127,71,68,38667.63526315
18128,71,69,9682.40585895
18129,71,70,33041.42989865
18130,71,71,0.0
18131,71,72,23777.98308732
18132,71,73,1931.06372743
18133,71,74,8151.85166632
18134,71,75,21556.75134285
18135,71,76,2090.92301734
18136,71,77,5772.46160035
18137,71,78,4193.6737284
18138,71,79,19145.65514122
18139,71,80,4018.25782685
18140,71,81,5387.74670262
18141,71,82,16028.6467818
18142,71,83,43602.99288521
18143,71,84,2934.57638447
18144,71,85,13624.79527471
18145,71,86,42918.63289412
18146,71,87,35221.69632698
18147,71,88,41338.07709806
18148,71,89,44081.86019801
18149,71,90,46951.13985468
18150,71,91,50023.31915788
18151,71,92,45088.5553467
18152,71,93,52984.71541662
18153,71,94,52386.13177246
18154,71,95,48715.12583938
18155,71,96,40742.9600689
18156,71,97,39661.08447711
18157,71,98,39686.92373905
18158,71,99,53205.53852567
18159,71,100,41825.06847434
18160,71,101,50883.20224863
18161,71,102,53019.68190129
18162,71,103,39128.0754615
18163,71,104,43800.64622252
18164,71,105,45886.62439768
18165,71,106,53289.12684566
18166,71,107,49243.14075359
18167,71,108,39763.2659557
18168,71,109,44054.77043087
18169,71,110,49097.3704579
18170,71,111,50978.11771528
18171,71,112,54154.53561946
18172,71,113,47889.00437816
18173,71,114,50414.98721441
18174,71,115,46660.11994854
18175,71,116,48835.91791207
18176,71,117,56040.23481726
18177,71,118,50721.35263982
18178,71,119,46060.94938
18179,71,120,51494.42489432
18180,71,121,56821.37019993
18181,71,122,50016.44872126
18182,71,123,49389.23210522
18183,71,124,49684.56904503
18184,71,125,49735.48298016
18185,71,126,51119.49774227
18186,71,127,47974.02816212
18187,71,128,57670.25543545
18188,71,129,49917.41604133
18189,71,130,51523.96706657
18190,71,131,46727.28681342
18191,71,132,49812.43580568
18192,71,133,46362.656792
18193,71,134,38867.0819607
18194,71,135,40095.88041249
18195,71,136,39398.17159232
18196,71,137,34419.59515206
18197,71,138,33270.5255033
18198,71,139,39883.02739071
18199,71,140,36917.65794545
18200,71,141,35089.16087826
18201,71,142,38216.77724376
18202,71,143,39983.39375264
18203,71,144,38775.91084468
18204,71,145,41186.00981177
18205,71,146,34587.42088535
18206,71,147,48156.82970219
18207,71,148,56143.10281463
18208,71,149,45617.84315249
18209,71,150,61773.41399542
18210,71,151,50772.55943398
18211,71,152,55556.63103529
18212,71,153,49021.74996822
18213,71,154,46555.43567432
18214,71,155,58430.02500529
18215,71,156,42712.68831002
18216,71,157,46391.15993846
18217,71,158,63261.24821561
18218,71,159,42242.95117375
18219,71,160,60057.59977097
18220,71,161,57401.02031218
18221,71,162,56911.71081616
18222,71,163,43631.38245758
18223,71,164,54868.90429944
18224,71,165,45017.2620013
18225,71,166,43517.49373842
18226,71,167,47375.99239047
18227,71,168,76616.07912718
18228,71,169,74170.84449316
18229,71,170,75279.05430086
18230,71,171,77984.40825122
18231,71,172,77123.24679055
18232,71,173,77641.45245615
18233,71,174,78812.93131112
18234,71,175,78724.14777464
18235,71,176,79850.50518008
18236,71,177,77303.3494805
18237,71,178,36391.93473468
18238,71,179,38477.53103627
18239,71,180,36029.44957061
18240,71,181,38911.24598054
18241,71,182,41585.48635668
18242,71,183,42877.92192424
18243,71,184,37236.72703397
18244,71,185,37984.68943244
18245,71,186,40518.76470277
18246,71,187,42663.6852176
18247,71,188,71182.48360888
18248,71,189,65376.71577957
18249,71,190,58753.38275793
18250,71,191,63322.58599776
18251,71,192,68667.04136093
18252,71,193,62450.78180951
18253,71,194,60683.87079343
18254,71,195,66981.52815039
18255,71,196,72950.91601596
18256,71,197,58267.99280921
18257,71,198,59616.59502564
18258,71,199,62110.70400829
18259,71,200,79333.97323667
18260,71,201,70051.52506759
18261,71,202,85581.04485871
18262,71,203,82147.46193669
18263,71,204,76986.91081117
18264,71,205,71042.88698687
18265,71,206,67980.05657723
18266,71,207,89491.83749266
18267,71,208,63425.06391896
18268,71,209,41844.20973667
18269,71,210,46781.44027334
18270,71,211,37822.89248314
18271,71,212,4610.22854758
18272,71,213,6772.91327568
18273,71,214,58537.60982886
18274,71,215,47952.46653383
18275,71,216,44469.66753593
18276,71,217,46685.63592632
18277,71,218,46294.65394898
18278,71,219,58715.60938834
18279,71,220,60414.39999859
18280,71,221,47315.57509903
18281,71,222,54320.57187667
18282,71,223,45026.93615239
18283,71,224,62443.98810713
18284,71,225,45254.83141854
18285,71,226,57458.87230501
18286,71,227,50358.88503612
18287,71,228,63245.41502244
18288,71,229,58199.12640899
18289,71,230,58389.12883345
18290,71,231,46330.73274837
18291,71,232,46650.76726043
18292,71,233,45990.2173355
18293,71,234,47807.48849681
18294,71,235,47086.66163514
18295,71,236,45625.268379
18296,71,237,47519.9994945
18297,71,238,50696.46040758
18298,71,239,52498.97213255
18299,71,240,52737.04962885
18300,71,241,47825.01961244
18301,71,242,50381.24577622
18302,71,243,45487.88941735
18303,71,244,53431.56821882
18304,71,245,52543.59652354
18305,71,246,54302.1516561
18306,71,247,51693.72998188
18307,71,248,52105.79982365
18308,71,249,52331.23269035
18309,71,250,49357.43863432
18310,71,251,53125.5146563
18311,71,252,47426.17487246
18312,71,253,43940.04430194
18313,71,254,54155.62669302
18314,71,255,53457.77748437
18315,71,256,48042.79145384
18316,71,257,51204.4872861
18317,71,258,48906.28623602
18318,72,1,26261.89654887
18319,72,2,27392.34673808
18320,72,3,27009.23637627
18321,72,4,28991.61054158
18322,72,5,27706.67329904
18323,72,6,28219.79662954
18324,72,7,24140.98216186
18325,72,8,28383.56966453
18326,72,9,27747.00094103
18327,72,10,25739.01858496
18328,72,11,24226.66413223
18329,72,12,24803.50495962
18330,72,13,25389.48480559
18331,72,14,28568.95435616
18332,72,15,29125.93201677
18333,72,16,26728.43871966
18334,72,17,32727.73893984
18335,72,18,32260.98846896
18336,72,19,25909.18082541
18337,72,20,30889.74994167
18338,72,21,34500.37327984
18339,72,22,19320.07169676
18340,72,23,21579.3876552
18341,72,24,23431.96419842
18342,72,25,29049.03242414
18343,72,26,19529.11327005
18344,72,27,33740.26273858
18345,72,28,31235.95519973
18346,72,29,19537.06330354
18347,72,30,31840.4400116
18348,72,31,24992.86526839
18349,72,32,28332.58431871
18350,72,33,35873.64170903
18351,72,34,30097.63242838
18352,72,35,26873.35374151
18353,72,36,19620.06719697
18354,72,37,20265.66472738
18355,72,38,24302.46402712
18356,72,39,20855.65054142
18357,72,40,40381.9187634
18358,72,41,33937.70566837
18359,72,42,28989.63671987
18360,72,43,45303.19543083
18361,72,44,33352.81903635
18362,72,45,28348.43119551
18363,72,46,30110.47854528
18364,72,47,50315.73067976
18365,72,48,51258.98494546
18366,72,49,26541.39925872
18367,72,50,47350.35421825
18368,72,51,25007.97172361
18369,72,52,23813.49834672
18370,72,53,19870.43213089
18371,72,54,23501.5822527
18372,72,55,10650.49688734
18373,72,56,24540.82124771
18374,72,57,16160.83457994
18375,72,58,17294.76949845
18376,72,59,23724.58096171
18377,72,60,23241.82297251
18378,72,61,26711.10312216
18379,72,62,14409.83821707
18380,72,63,21370.47868437
18381,72,64,8651.36097181
18382,72,65,22002.98767782
18383,72,66,18472.33532295
18384,72,67,13846.65904949
18385,72,68,15155.60546255
18386,72,69,14189.22856399
18387,72,70,9363.96546877
18388,72,71,23777.98308732
18389,72,72,0.0
18390,72,73,25161.35609911
18391,72,74,15667.61230836
18392,72,75,2229.92595861
18393,72,76,21883.13393767
18394,72,77,25835.21530314
18395,72,78,26702.19656272
18396,72,79,4638.7006118
18397,72,80,19763.80095159
18398,72,81,18481.84054321
18399,72,82,8054.12284353
18400,72,83,19830.90249683
18401,72,84,20880.18986807
18402,72,85,10351.38332746
18403,72,86,19141.3654886
18404,72,87,11609.69732067
18405,72,88,17597.54396148
18406,72,89,20364.40087159
18407,72,90,23732.31735497
18408,72,91,26981.62536237
18409,72,92,21539.29320677
18410,72,93,31505.77767178
18411,72,94,30277.45868469
18412,72,95,25440.76282159
18413,72,96,17014.57729966
18414,72,97,16508.87910731
18415,72,98,16291.50454563
18416,72,99,30710.09519857
18417,72,100,18052.49711319
18418,72,101,27941.0167103
18419,72,102,30648.04120759
18420,72,103,16219.70060282
18421,72,104,20045.47215944
18422,72,105,22465.90983515
18423,72,106,31424.17789307
18424,72,107,26096.31105541
18425,72,108,16162.41491078
18426,72,109,20372.8452555
18427,72,110,25784.70798199
18428,72,111,27215.4702153
18429,72,112,32127.34462877
18430,72,113,24828.46659647
18431,72,114,26843.41888178
18432,72,115,24203.28993714
18433,72,116,26150.80862059
18434,72,117,33826.54326511
18435,72,118,27062.8655264
18436,72,119,24115.19234534
18437,72,120,27720.59604967
18438,72,121,34585.8299879
18439,72,122,26459.03933874
18440,72,123,26818.06592341
18441,72,124,27411.81708882
18442,72,125,26490.50607956
18443,72,126,27370.98593378
18444,72,127,25167.48007343
18445,72,128,35414.7434322
18446,72,129,26544.87366582
18447,72,130,29646.53752195
18448,72,131,23808.12546598
18449,72,132,27750.93231581
18450,72,133,23605.26514136
18451,72,134,24576.09928173
18452,72,135,23462.04906666
18453,72,136,21478.04785733
18454,72,137,12069.20136718
18455,72,138,10301.51360234
18456,72,139,22650.13245798
18457,72,140,17702.48065798
18458,72,141,15537.39593006
18459,72,142,23394.91147664
18460,72,143,26119.80602703
18461,72,144,22964.16349841
18462,72,145,26435.29970153
18463,72,146,13265.52139431
18464,72,147,26260.38617877
18465,72,148,33357.76108303
18466,72,149,23104.65086862
18467,72,150,38675.23426602
18468,72,151,28571.69273185
18469,72,152,32870.37638413
18470,72,153,27043.02152369
18471,72,154,24590.53981768
18472,72,155,35282.07067005
18473,72,156,19176.81217091
18474,72,157,24058.91413173
18475,72,158,40084.55888225
18476,72,159,18618.54258396
18477,72,160,36938.80781627
18478,72,161,34375.35458819
18479,72,162,33978.11880261
18480,72,163,20384.78927411
18481,72,164,32264.08653391
18482,72,165,22191.84732285
18483,72,166,20140.51898039
18484,72,167,25524.21312418
18485,72,168,52849.41160678
18486,72,169,50396.32148426
18487,72,170,51512.23958411
18488,72,171,54220.14501919
18489,72,172,53430.38939874
18490,72,173,53922.69312328
18491,72,174,55069.45025706
18492,72,175,55144.42672836
18493,72,176,56390.8105339
18494,72,177,53650.16036103
18495,72,178,14401.19675945
18496,72,179,15219.21476645
18497,72,180,14964.49384419
18498,72,181,20141.33221565
18499,72,182,24144.75751886
18500,72,183,27446.42272795
18501,72,184,17224.54803905
18502,72,185,15204.08994631
18503,72,186,22782.92124851
18504,72,187,26613.97426106
18505,72,188,49002.61912096
18506,72,189,43852.25802103
18507,72,190,38579.20675202
18508,72,191,42206.10941969
18509,72,192,46603.96096847
18510,72,193,41525.85302118
18511,72,194,40112.94674938
18512,72,195,45139.31236253
18513,72,196,50497.68138105
18514,72,197,38561.28623816
18515,72,198,35845.96282772
18516,72,199,38334.30012286
18517,72,200,57605.97119688
18518,72,201,46810.15914386
18519,72,202,64969.10003438
18520,72,203,61048.1970207
18521,72,204,54894.52449897
18522,72,205,48355.78631089
18523,72,206,44445.44428544
18524,72,207,68902.72454739
18525,72,208,39711.08453211
18526,72,209,18689.68293597
18527,72,210,23347.36089687
18528,72,211,15627.98981895
18529,72,212,23123.69357628
18530,72,213,30186.15369164
18531,72,214,39398.24848945
18532,72,215,25461.78695284
18533,72,216,20693.92663432
18534,72,217,23286.90218916
18535,72,218,23169.82944338
18536,72,219,42481.40478136
18537,72,220,45490.12994381
18538,72,221,23638.29160496
18539,72,222,32972.13312797
18540,72,223,21321.00535757
18541,72,224,48937.45227216
18542,72,225,21558.77544701
18543,72,226,37250.99337851
18544,72,227,28133.98520393
18545,72,228,50432.95893251
18546,72,229,40018.8181528
18547,72,230,41105.72043514
18548,72,231,22990.82472417
18549,72,232,23283.23970939
18550,72,233,22683.56750097
18551,72,234,24362.07948637
18552,72,235,23686.80038087
18553,72,236,22362.29592835
18554,72,237,24089.12011121
18555,72,238,35988.70190391
18556,72,239,33542.53600919
18557,72,240,36826.46104515
18558,72,241,26360.43440564
18559,72,242,30418.78470757
18560,72,243,23725.46306747
18561,72,244,35968.14182071
18562,72,245,34923.87246893
18563,72,246,37013.7665557
18564,72,247,33153.00363849
18565,72,248,34210.98704944
18566,72,249,36840.83450763
18567,72,250,34479.95585249
18568,72,251,33764.40567159
18569,72,252,26364.61328292
18570,72,253,22070.39519924
18571,72,254,37224.74818636
18572,72,255,36991.83686222
18573,72,256,33364.56795468
18574,72,257,33013.14366078
18575,72,258,28559.06041739
18576,73,1,50776.64807332
18577,73,2,50222.60250937
18578,73,3,51396.47950382
18579,73,4,52792.47037872
18580,73,5,50762.85320568
18581,73,6,51556.41094947
18582,73,7,49140.63442524
18583,73,8,52491.04469786
18584,73,9,51968.95610991
18585,73,10,50786.45708757
18586,73,11,49153.49324184
18587,73,12,49579.55644487
18588,73,13,49994.6932505
18589,73,14,52199.49405601
18590,73,15,53113.3634954
18591,73,16,49217.06552987
18592,73,17,57709.3399198
18593,73,18,57172.08050585
18594,73,19,49931.13007979
18595,73,20,55415.4122293
18596,73,21,59590.93112445
18597,73,22,41128.64075761
18598,73,23,45361.72738902
18599,73,24,47190.7501062
18600,73,25,53416.33279461
18601,73,26,42289.08446274
18602,73,27,58784.51658529
18603,73,28,55910.90496939
18604,73,29,42704.41393541
18605,73,30,56669.96461461
18606,73,31,48925.45504266
18607,73,32,52633.15948213
18608,73,33,60999.98117352
18609,73,34,54484.95024931
18610,73,35,50970.78319766
18611,73,36,40356.70809431
18612,73,37,40573.58083639
18613,73,38,48163.68054238
18614,73,39,44549.74547575
18615,73,40,65537.19042376
18616,73,41,59064.60193354
18617,73,42,54129.2760916
18618,73,43,70429.9464621
18619,73,44,58494.9896044
18620,73,45,53451.92501236
18621,73,46,55263.68799115
18622,73,47,75353.73389114
18623,73,48,76271.48964867
18624,73,49,51632.11687017
18625,73,50,72456.32190257
18626,73,51,50008.33675712
18627,73,52,48828.40673661
18628,73,53,44248.43645369
18629,73,54,48572.19881703
18630,73,55,30712.46340988
18631,73,56,49694.32907618
18632,73,57,39034.00637896
18633,73,58,40797.86952744
18634,73,59,48839.66456587
18635,73,60,48082.54916459
18636,73,61,51867.71727934
18637,73,62,36469.18658933
18638,73,63,45981.58086277
18639,73,64,27900.96914998
18640,73,65,46755.86663147
18641,73,66,42370.32348123
18642,73,67,38871.58441699
18643,73,68,40155.59756531
18644,73,69,11236.16173969
18645,73,70,34477.84945938
18646,73,71,1931.06372743
18647,73,72,25161.35609911
18648,73,73,0.0
18649,73,74,9689.52724913
18650,73,75,22932.45929959
18651,73,76,3948.74061329
18652,73,77,4204.29111467
18653,73,78,2269.14141148
18654,73,79,20522.83995378
18655,73,80,5579.79361075
18656,73,81,7033.98797514
18657,73,82,17563.67141207
18658,73,83,44949.22225638
18659,73,84,4620.79140829
18660,73,85,15166.14704811
18661,73,86,44292.44959381
18662,73,87,36680.1589218
18663,73,88,42753.93207421
18664,73,89,45381.50265581
18665,73,90,48506.22651901
18666,73,91,51608.94498522
18667,73,92,46576.71365839
18668,73,93,54716.98684023
18669,73,94,54072.05414541
18670,73,95,50263.73346285
18671,73,96,42053.88990467
18672,73,97,40819.35509795
18673,73,98,40893.93633453
18674,73,99,54858.56524286
18675,73,100,43173.56030529
18676,73,101,52483.1923224
18677,73,102,54684.08655403
18678,73,103,40247.94690746
18679,73,104,45206.30602965
18680,73,105,47404.60600308
18681,73,106,54995.4800834
18682,73,107,50812.66664393
18683,73,108,41023.88592783
18684,73,109,45500.60830733
18685,73,110,50255.94912616
18686,73,111,52376.59664664
18687,73,112,55850.03376666
18688,73,113,48997.23531189
18689,73,114,51901.8494658
18690,73,115,47670.87167763
18691,73,116,50462.1194955
18692,73,117,57723.38638313
18693,73,118,51982.75163563
18694,73,119,47002.57147091
18695,73,120,52839.14923908
18696,73,121,58503.77676629
18697,73,122,51240.57396987
18698,73,123,51028.16327235
18699,73,124,51351.65993345
18700,73,125,51290.34797308
18701,73,126,52432.95413218
18702,73,127,49585.32287492
18703,73,128,59352.10917074
18704,73,129,51449.78333631
18705,73,130,53226.12303459
18706,73,131,47813.26735544
18707,73,132,51497.16215154
18708,73,133,47422.244007
18709,73,134,40777.29747628
18710,73,135,41970.9294985
18711,73,136,41239.29489836
18712,73,137,36029.07305535
18713,73,138,34818.74009458
18714,73,139,41743.81636695
18715,73,140,38705.7238149
18716,73,141,36853.81212252
18717,73,142,40118.26923397
18718,73,143,41900.56097815
18719,73,144,40662.8988722
18720,73,145,43095.46855798
18721,73,146,36265.59385106
18722,73,147,49850.46514482
18723,73,148,57769.48320152
18724,73,149,47254.39016943
18725,73,150,63364.26673668
18726,73,151,52447.88843056
18727,73,152,57193.43701334
18728,73,153,50711.19257497
18729,73,154,48240.15518503
18730,73,155,60010.18188936
18731,73,156,44201.392513
18732,73,157,48045.92175022
18733,73,158,64840.90733449
18734,73,159,43707.34200747
18735,73,160,61643.79173631
18736,73,161,58998.23343674
18737,73,162,58520.78533012
18738,73,163,45176.48038142
18739,73,164,56513.44129647
18740,73,165,46620.39199514
18741,73,166,45040.40057891
18742,73,167,49071.01900688
18743,73,168,78008.02421792
18744,73,169,75547.75169116
18745,73,170,76670.84636648
18746,73,171,79379.73276981
18747,73,172,78573.13920377
18748,73,173,79076.51240703
18749,73,174,80230.04766956
18750,73,175,80220.35788561
18751,73,176,81381.48053247
18752,73,177,78771.90019339
18753,73,178,37411.58535484
18754,73,179,39661.32702389
18755,73,180,36954.23252045
18756,73,181,39579.44627171
18757,73,182,42097.70248948
18758,73,183,43195.6661474
18759,73,184,38043.23235982
18760,73,185,39092.3193923
18761,73,186,41071.44977745
18762,73,187,43038.27020497
18763,73,188,72073.855632
18764,73,189,66182.14640847
18765,73,190,59410.02229155
18766,73,191,64078.46216334
18767,73,192,69544.86027396
18768,73,193,63184.62361697
18769,73,194,61379.85230078
18770,73,195,67829.13615682
18771,73,196,73885.89799402
18772,73,197,58873.22932075
18773,73,198,61003.40152527
18774,73,199,63458.69718041
18775,73,200,80137.57250455
18776,73,201,71155.45658954
18777,73,202,86213.0995165
18778,73,203,82853.10914671
18779,73,204,77852.87024549
18780,73,205,72024.41011495
18781,73,206,69173.44118498
18782,73,207,90113.64811035
18783,73,208,64704.13065963
18784,73,209,43399.2348516
18785,73,210,48297.83363085
18786,73,211,39461.32924267
18787,73,212,6350.78113357
18788,73,213,6282.71461669
18789,73,214,59078.80682527
18790,73,215,48962.55288349
18791,73,216,45823.16109399
18792,73,217,47871.39720587
18793,73,218,47420.86474935
18794,73,219,58962.75637752
18795,73,220,60528.69632509
18796,73,221,48590.19402436
18797,73,222,55141.86520951
18798,73,223,46462.85190123
18799,73,224,62417.95224563
18800,73,225,46541.46694472
18801,73,226,58125.50683422
18802,73,227,51318.45048548
18803,73,228,63153.42878633
18804,73,229,58641.09244655
18805,73,230,58739.7972127
18806,73,231,47864.62865218
18807,73,232,48180.05404632
18808,73,233,47529.44411656
18809,73,234,49322.71140186
18810,73,235,48610.32715834
18811,73,236,47171.20940303
18812,73,237,49037.93939043
18813,73,238,52618.63570788
18814,73,239,54344.18340731
18815,73,240,54648.2662583
18816,73,241,49547.16056649
18817,73,242,52185.8465821
18818,73,243,47184.34105779
18819,73,244,55317.2963885
18820,73,245,54424.63404942
18821,73,246,56192.64656624
18822,73,247,53550.00014961
18823,73,248,53979.76845628
18824,73,249,54247.16127189
18825,73,250,51276.9146442
18826,73,251,54958.38542191
18827,73,252,49171.13633965
18828,73,253,45624.56577274
18829,73,254,56052.69601519
18830,73,255,55361.81499036
18831,73,256,49962.85478621
18832,73,257,53069.45982909
18833,73,258,50690.8715891
18834,74,1,41087.21255522
18835,74,2,40674.9756845
18836,74,3,41709.45306625
18837,74,4,43143.88368454
18838,74,5,41189.01951301
18839,74,6,41952.27294002
18840,74,7,39488.68269332
18841,74,8,42818.16249537
18842,74,9,42288.95352122
18843,74,10,41146.02975655
18844,74,11,39487.62808508
18845,74,12,39897.37081481
18846,74,13,40305.66911279
18847,74,14,42565.83287558
18848,74,15,43449.70109699
18849,74,16,39709.92167894
18850,74,17,48047.01484563
18851,74,18,47498.62922804
18852,74,19,40260.78436735
18853,74,20,45726.34569532
18854,74,21,49960.61746997
18855,74,22,31646.54017006
18856,74,23,35699.71311719
18857,74,24,37534.53824081
18858,74,25,43730.79379194
18859,74,26,32705.98152239
18860,74,27,49137.10769957
18861,74,28,46222.1897458
18862,74,29,33083.55165429
18863,74,30,46988.35218314
18864,74,31,39259.70653029
18865,74,32,42949.88072604
18866,74,33,51390.28963958
18867,74,34,44799.14265439
18868,74,35,41296.89421768
18869,74,36,31011.87458954
18870,74,37,31297.79598676
18871,74,38,38501.73318216
18872,74,39,34892.04180746
18873,74,40,56022.17256473
18874,74,41,49456.4788254
18875,74,42,44536.04268777
18876,74,43,60964.76019636
18877,74,44,48901.58431982
18878,74,45,43832.48748562
18879,74,46,45688.1848893
18880,74,47,65980.00035375
18881,74,48,66919.1632896
18882,74,49,42007.73737372
18883,74,50,63016.54722849
18884,74,51,40355.71880664
18885,74,52,39180.52205821
18886,74,53,34559.25368319
18887,74,54,38942.22061398
18888,74,55,21226.36612659
18889,74,56,40123.64959788
18890,74,57,29418.09905764
18891,74,58,31142.03967025
18892,74,59,39231.35386745
18893,74,60,38406.78379251
18894,74,61,42301.96342816
18895,74,62,26904.15474981
18896,74,63,36293.7297896
18897,74,64,18383.29303547
18898,74,65,37073.90373204
18899,74,66,32695.0794866
18900,74,67,29241.78367886
18901,74,68,30516.45490172
18902,74,69,1547.17450644
18903,74,70,24895.48166021
18904,74,71,8151.85166632
18905,74,72,15667.61230836
18906,74,73,9689.52724913
18907,74,74,0.0
18908,74,75,13458.49490118
18909,74,76,6215.91958937
18910,74,77,11432.97720464
18911,74,78,11519.85193917
18912,74,79,11055.30910073
18913,74,80,4140.18148345
18914,74,81,2815.33565008
18915,74,82,7884.56740042
18916,74,83,35498.11640862
18917,74,84,5227.42558194
18918,74,85,5482.19052638
18919,74,86,34796.33612072
18920,74,87,27070.92159757
18921,74,88,33196.62053322
18922,74,89,36014.71811591
18923,74,90,38824.53215285
18924,74,91,41920.00578607
18925,74,92,36937.64982673
18926,74,93,45137.43981378
18927,74,94,44426.28830321
18928,74,95,40584.76162894
18929,74,96,32668.72209688
18930,74,97,31775.04651017
18931,74,98,31731.23686713
18932,74,99,45185.33155138
18933,74,100,33719.68340487
18934,74,101,42793.71323425
18935,74,102,45018.65836726
18936,74,103,31304.47210513
18937,74,104,35662.45229305
18938,74,105,37742.32083341
18939,74,106,45374.17501937
18940,74,107,41126.58474954
18941,74,108,31741.27617778
18942,74,109,35905.08121466
18943,74,110,41190.51494899
18944,74,111,42841.26807107
18945,74,112,46214.43162217
18946,74,113,40060.20091042
18947,74,114,42264.1079246
18948,74,115,39004.03099768
18949,74,116,40777.14800196
18950,74,117,48073.64051673
18951,74,118,42685.82103563
18952,74,119,38543.50855698
18953,74,120,43386.7487177
18954,74,121,48853.07960048
18955,74,122,42022.97399244
18956,74,123,41348.00906663
18957,74,124,41689.15271088
18958,74,125,41608.91467709
18959,74,126,43035.3565246
18960,74,127,39896.94648775
18961,74,128,49700.65073541
18962,74,129,41778.93191726
18963,74,130,43599.97688232
18964,74,131,38937.44515979
18965,74,132,41851.05536496
18966,74,133,38618.86023926
18967,74,134,32292.26488099
18968,74,135,33039.98024383
18969,74,136,32065.32929841
18970,74,137,26341.30154887
18971,74,138,25138.44293992
18972,74,139,32697.91162254
18973,74,140,29296.16273835
18974,74,141,27374.25933288
18975,74,142,31498.24477199
18976,74,143,33547.13449807
18977,74,144,31857.74709442
18978,74,145,34578.09030403
18979,74,146,26621.03838374
18980,74,147,40215.14986129
18981,74,148,48084.01561121
18982,74,149,37573.71558401
18983,74,150,53675.03926883
18984,74,151,42792.17698082
18985,74,152,47511.65833866
18986,74,153,41070.57703767
18987,74,154,38595.38115473
18988,74,155,50322.1943763
18989,74,156,34561.7539801
18990,74,157,38375.18265323
18991,74,158,55153.11759883
18992,74,159,34091.31559921
18993,74,160,51954.98368634
18994,74,161,49308.71023801
18995,74,162,48831.85119375
18996,74,163,35498.6807081
18997,74,164,46835.252252
18998,74,165,36931.16648875
18999,74,166,35374.71632219
19000,74,167,39437.7871272
19001,74,168,68478.64654748
19002,74,169,66040.02833607
19003,74,170,67141.79083003
19004,74,171,69845.59624752
19005,74,172,68971.99161754
19006,74,173,69492.0194249
19007,74,174,70667.24525726
19008,74,175,70575.41174458
19009,74,176,71712.65982693
19010,74,177,69151.55270017
19011,74,178,28763.96949943
19012,74,179,30557.03390851
19013,74,180,28606.0238531
19014,74,181,32105.20926874
19015,74,182,35194.91715959
19016,74,183,37074.88299398
19017,74,184,30084.56566325
19018,74,185,30185.81307069
19019,74,186,34021.63775955
19020,74,187,36681.67255206
19021,74,188,63700.01953633
19022,74,189,58088.26861445
19023,74,190,51842.00834373
19024,74,191,56152.60902128
19025,74,192,61216.67919085
19026,74,193,55335.42353051
19027,74,194,53666.28603716
19028,74,195,59597.68149153
19029,74,196,65380.36203507
19030,74,197,51492.13559722
19031,74,198,51483.22288119
19032,74,199,53997.58832094
19033,74,200,72020.85127168
19034,74,201,62197.84559493
19035,74,202,78654.2842915
19036,74,203,75050.22431221
19037,74,204,69546.42177315
19038,74,205,63388.91214591
19039,74,206,60007.90827006
19040,74,207,82583.12050696
19041,74,208,55364.5263085
19042,74,209,33717.17877472
19043,74,210,38636.6856958
19044,74,211,29783.18468932
19045,74,212,7999.27822038
19046,74,213,14543.68457388
19047,74,214,51932.97144975
19048,74,215,40293.49650261
19049,74,216,36359.29718114
19050,74,217,38745.19743995
19051,74,218,38441.16820103
19052,74,219,52984.52427106
19053,74,220,55106.00569581
19054,74,221,39269.58191752
19055,74,222,47030.79279073
19056,74,223,36879.07747699
19057,74,224,57603.74716464
19058,74,225,37198.9012241
19059,74,226,50527.71314108
19060,74,227,42789.51688593
19061,74,228,58634.53418864
19062,74,229,51877.00916557
19063,74,230,52337.57213144
19064,74,231,38192.67514182
19065,74,232,38510.73242947
19066,74,233,37854.6582545
19067,74,234,39662.43487631
19068,74,235,38944.44084414
19069,74,236,37493.18857277
19070,74,237,39375.79640893
19071,74,238,44318.30718251
19072,74,239,45153.47558918
19073,74,240,46095.44238023
19074,74,241,39953.26361936
19075,74,242,42807.09461119
19076,74,243,37553.91798776
19077,74,244,46430.26861598
19078,74,245,45495.44861025
19079,74,246,47352.1594848
19080,74,247,44429.83143992
19081,74,248,44989.87655287
19082,74,249,45786.38485115
19083,74,250,42912.05256029
19084,74,251,45699.45326209
19085,74,252,39621.58897832
19086,74,253,35980.82990187
19087,74,254,47288.16066932
19088,74,255,46692.12823717
19089,74,256,41620.51129758
19090,74,257,44011.56779067
19091,74,258,41244.39786916
19092,75,1,28406.71128961
19093,75,2,29295.04710038
19094,75,3,29136.87921912
19095,75,4,31039.86174513
19096,75,5,29643.65655584
19097,75,6,30199.33885526
19098,75,7,26352.85827424
19099,75,8,30473.87102197
19100,75,9,29852.3112647
19101,75,10,27957.67568789
19102,75,11,26428.50042823
19103,75,12,26984.27832679
19104,75,13,27546.16965963
19105,75,14,30591.78060438
19106,75,15,31200.87599221
19107,75,16,28577.54561012
19108,75,17,34940.04083174
19109,75,18,34464.51684821
19110,75,19,27981.10964607
19111,75,20,33041.94825937
19112,75,21,36725.21983155
19113,75,22,20993.12948397
19114,75,23,23598.75500454
19115,75,24,25455.69457936
19116,75,25,31177.13547273
19117,75,26,21365.22057825
19118,75,27,35960.05037806
19119,75,28,33408.429332
19120,75,29,21442.07058796
19121,75,30,34033.46791716
19122,75,31,27048.76787387
19123,75,32,30450.15396406
19124,75,33,38101.90392773
19125,75,34,32230.02975923
19126,75,35,28958.81295851
19127,75,36,21118.89194564
19128,75,37,21706.04226702
19129,75,38,26345.25097964
19130,75,39,22857.08956436
19131,75,40,42608.40978742
19132,75,41,36165.95264543
19133,75,42,31218.76370497
19134,75,43,47523.6541525
19135,75,44,35582.20550563
19136,75,45,30574.10095792
19137,75,46,32340.37342118
19138,75,47,52521.57613459
19139,75,48,53460.97472046
19140,75,49,28765.45047856
19141,75,50,49567.14321416
19142,75,51,27220.27967707
19143,75,52,26027.31684337
19144,75,53,21980.38264539
19145,75,54,25722.66365787
19146,75,55,11709.60414289
19147,75,56,26770.70349156
19148,75,57,17978.45795093
19149,75,58,19239.54727626
19150,75,59,25951.07232291
19151,75,60,25430.54591647
19152,75,61,28941.02516674
19153,75,62,16041.6490846
19154,75,63,23521.68665236
19155,75,64,9336.51065191
19156,75,65,24177.19755642
19157,75,66,20494.98616916
19158,75,67,16056.18007541
19159,75,68,17361.97332749
19160,75,69,11991.90196044
19161,75,70,11586.76503979
19162,75,71,21556.75134285
19163,75,72,2229.92595861
19164,75,73,22932.45929959
19165,75,74,13458.49490118
19166,75,75,0.0
19167,75,76,19671.91279309
19168,75,77,23627.13939772
19169,75,78,24473.78385673
19170,75,79,2411.72145199
19171,75,80,17544.60377391
19172,75,81,16273.72471996
19173,75,82,5968.79768754
19174,75,83,22047.09407372
19175,75,84,18663.97786229
19176,75,85,8197.13366807
19177,75,86,21366.04729814
19178,75,87,13825.63990329
19179,75,88,19827.46607646
19180,75,89,22558.44987893
19181,75,90,25911.69719796
19182,75,91,29143.48112388
19183,75,92,23755.35873684
19184,75,93,33479.16999828
19185,75,94,32328.10856049
19186,75,95,27628.79685031
19187,75,96,19211.15158799
19188,75,97,18548.18057985
19189,75,98,18391.28691894
19190,75,99,32810.62786875
19191,75,100,20268.94820649
19192,75,101,30092.04223694
19193,75,102,32732.97544501
19194,75,103,18198.74707816
19195,75,104,22275.02322697
19196,75,105,24668.34472495
19197,75,106,33446.87076519
19198,75,107,28269.82548798
19199,75,108,18317.99693501
19200,75,109,22600.43169475
19201,75,110,27883.77504814
19202,75,111,29444.1387242
19203,75,112,34172.4980025
19204,75,113,26872.99309012
19205,75,114,29063.68248467
19206,75,115,26125.44977066
19207,75,116,28265.86706937
19208,75,117,35898.65599216
19209,75,118,29242.40054128
19210,75,119,25939.11934441
19211,75,120,29938.14177156
19212,75,121,36662.09444215
19213,75,122,28613.33887232
19214,75,123,28919.76356088
19215,75,124,29475.7765617
19216,75,125,28676.13429824
19217,75,126,29577.07859289
19218,75,127,27296.30331538
19219,75,128,37494.95107841
19220,75,129,28745.01193014
19221,75,130,31665.39201736
19222,75,131,25820.97827665
19223,75,132,29787.87760039
19224,75,133,25584.60303042
19225,75,134,25488.3220289
19226,75,135,24683.80230384
19227,75,136,22853.61987913
19228,75,137,14051.84352817
19229,75,138,12391.60191265
19230,75,139,23944.38565693
19231,75,140,19209.86021314
19232,75,141,17053.21197941
19233,75,142,24354.09466782
19234,75,143,27007.53854569
19235,75,144,24055.93178039
19236,75,145,27449.48829478
19237,75,146,15063.26492526
19238,75,147,28269.5577109
19239,75,148,35497.47460364
19240,75,149,25187.89430728
19241,75,150,40854.26030958
19242,75,151,30629.54332761
19243,75,152,34997.77485666
19244,75,153,29066.40629646
19245,75,154,26602.19990058
19246,75,155,37464.10246433
19247,75,156,21389.98304281
19248,75,157,26120.08040238
19249,75,158,42272.33522536
19250,75,159,20840.85471056
19251,75,160,39118.87423309
19252,75,161,36543.45805389
19253,75,162,36135.56028523
19254,75,163,22562.90791758
19255,75,164,34380.80849775
19256,75,165,24316.10926073
19257,75,166,22335.2979809
19258,75,167,27524.11490761
19259,75,168,55076.98004762
19260,75,169,52621.95707003
19261,75,170,53739.80105191
19262,75,171,56448.0586879
19263,75,172,55659.98242678
19264,75,173,56152.61864842
19265,75,174,57298.96321989
19266,75,175,57369.03608818
19267,75,176,58607.50750993
19268,75,177,55878.45730924
19269,75,178,16146.6678321
19270,75,179,17279.90870217
19271,75,180,16508.65548523
19272,75,181,21334.84063094
19273,75,182,25187.97112801
19274,75,183,28238.7064849
19275,75,184,18593.42429302
19276,75,185,17145.7763412
19277,75,186,23849.44874184
19278,75,187,27483.6953676
19279,75,188,50936.70960051
19280,75,189,45676.9241878
19281,75,190,40182.50127024
19282,75,191,43964.55906502
19283,75,192,48516.52146637
19284,75,193,43253.29640052
19285,75,194,41782.17251482
19286,75,195,47015.30408355
19287,75,196,52475.8124511
19288,75,197,40094.77823881
19289,75,198,38073.04816694
19290,75,199,40553.95486748
19291,75,200,59484.26475022
19292,75,201,48914.33679684
19293,75,202,66702.51425789
19294,75,203,62842.38660089
19295,75,204,56822.82537124
19296,75,205,50368.58562407
19297,75,206,46603.16405606
19298,75,207,70638.57671785
19299,75,208,41908.05542204
19300,75,209,20851.74751873
19301,75,210,25552.02134281
19302,75,211,17619.61237388
19303,75,212,20988.99856671
19304,75,213,27989.29112855
19305,75,214,40852.9645291
19306,75,215,27395.53090422
19307,75,216,22912.92583315
19308,75,217,25401.30301214
19309,75,218,25223.90647268
19310,75,219,43553.06459362
19311,75,220,46412.74314778
19312,75,221,25821.4928174
19313,75,222,34734.99951616
19314,75,223,23550.07416121
19315,75,224,49707.3569117
19316,75,225,23746.55652244
19317,75,226,38853.26189418
19318,75,227,30028.3184372
19319,75,228,51129.15120082
19320,75,229,41340.11862654
19321,75,230,42309.41552733
19322,75,231,25184.1818721
19323,75,232,25480.17167321
19324,75,233,24872.54139279
19325,75,234,26568.70359773
19326,75,235,25887.83855589
19327,75,236,24545.42835656
19328,75,237,26293.96026406
19329,75,238,37131.32977053
19330,75,239,35199.56083171
19331,75,240,38124.94557655
19332,75,241,28310.38809968
19333,75,242,32187.40773703
19334,75,243,25704.06034294
19335,75,244,37452.57756524
19336,75,245,36420.06506986
19337,75,246,38484.06634135
19338,75,247,34753.67238669
19339,75,248,35736.64461785
19340,75,249,38087.79929246
19341,75,250,35627.37851143
19342,75,251,35474.89963133
19343,75,252,28258.40592283
19344,75,253,24055.62145404
19345,75,254,38652.34335678
19346,75,255,38360.18476595
19347,75,256,34474.17860052
19348,75,257,34567.58086541
19349,75,258,30367.71781231
19350,76,1,47138.44365945
19351,76,2,46390.23598984
19352,76,3,47732.16575486
19353,76,4,49039.86441638
19354,76,5,46945.49784555
19355,76,6,47760.06311484
19356,76,7,45648.77375165
19357,76,8,48778.83228517
19358,76,9,48275.34806627
19359,76,10,47315.90965811
19360,76,11,45630.92751151
19361,76,12,46006.84804114
19362,76,13,46378.04617397
19363,76,14,48429.75151889
19364,76,15,49382.935435
19365,76,16,45365.65355425
19366,76,17,54192.22211345
19367,76,18,53626.30141745
19368,76,19,46214.90588421
19369,76,20,51767.35156608
19370,76,21,56135.61528524
19371,76,22,37272.4076511
19372,76,23,41633.19968653
19373,76,24,43451.93247446
19374,76,25,49742.85964874
19375,76,26,38483.59449398
19376,76,27,55298.60713666
19377,76,28,52295.70673001
19378,76,29,38928.33530376
19379,76,30,53096.7120242
19380,76,31,45201.01205584
19381,76,32,48950.34463474
19382,76,33,57577.06710063
19383,76,34,50812.31696918
19384,76,35,47261.65159767
19385,76,36,36459.76479046
19386,76,37,36662.43841428
19387,76,38,44433.1585312
19388,76,39,40815.01283939
19389,76,40,62234.30451687
19390,76,41,55644.39159414
19391,76,42,50731.36613542
19392,76,43,67180.36421623
19393,76,44,55096.01328781
19394,76,45,50015.72840155
19395,76,46,51889.30627752
19396,76,47,72193.1174736
19397,76,48,73130.45691172
19398,76,49,48188.57045757
19399,76,50,69232.45858788
19400,76,51,46514.80477722
19401,76,52,45344.66512757
19402,76,53,40608.28616837
19403,76,54,45120.44668195
19404,76,55,26870.37058175
19405,76,56,46327.15087186
19406,76,57,35256.85320134
19407,76,58,37063.47363391
19408,76,59,45421.56087515
19409,76,60,44533.3530102
19410,76,61,48506.35036083
19411,76,62,32657.94900555
19412,76,63,42379.63795979
19413,76,64,24078.41574132
19414,76,65,43185.48816772
19415,76,66,38670.14238749
19416,76,67,35424.16803085
19417,76,68,36691.74672432
19418,76,69,7717.74101635
19419,76,70,31100.17568621
19420,76,71,2090.92301734
19421,76,72,21883.13393767
19422,76,73,3948.74061329
19423,76,74,6215.91958937
19424,76,75,19671.91279309
19425,76,76,0.0
19426,76,77,7259.2137542
19427,76,78,6148.40722545
19428,76,79,17266.07006035
19429,76,80,2211.67680802
19430,76,81,3405.52446767
19431,76,82,14048.31606221
19432,76,83,41713.86489544
19433,76,84,1073.98228571
19434,76,85,11647.67151691
19435,76,86,41011.54499325
19436,76,87,33265.22370528
19437,76,88,39404.71599844
19438,76,89,42224.35231538
19439,76,90,44936.04215852
19440,76,91,47992.73329039
19441,76,92,43110.1069465
19442,76,93,50901.31096862
19443,76,94,50315.2257608
19444,76,95,46702.94600554
19445,76,96,38879.74849074
19446,76,97,37910.81623141
19447,76,98,37899.67324169
19448,76,99,51145.98147586
19449,76,100,39935.4359844
19450,76,101,48845.87518972
19451,76,102,50955.98539616
19452,76,103,37408.17387579
19453,76,104,41872.55794534
19454,76,105,43891.29479413
19455,76,106,51212.09684542
19456,76,107,47220.39964516
19457,76,108,37936.50612763
19458,76,109,42101.62977305
19459,76,110,47339.3079683
19460,76,111,49051.73023793
19461,76,112,52080.5755864
19462,76,113,46170.31173296
19463,76,114,48435.73849053
19464,76,115,45019.8000892
19465,76,116,46787.47169356
19466,76,117,53969.98656295
19467,76,118,48887.09897209
19468,76,119,44478.03245461
19469,76,120,49602.65182172
19470,76,121,54751.31572479
19471,76,122,48209.28800818
19472,76,123,47335.51387582
19473,76,124,47620.20053451
19474,76,125,47719.92167599
19475,76,126,49248.89744076
19476,76,127,45932.09570684
19477,76,128,55600.33065029
19478,76,129,47913.40437333
19479,76,130,49448.20854468
19480,76,131,45026.85199676
19481,76,132,47742.09154867
19482,76,133,44683.37729796
19483,76,134,36835.2697043
19484,76,135,38025.15521315
19485,76,136,37312.48299268
19486,76,137,32381.40671258
19487,76,138,31263.41989068
19488,76,139,37804.38879664
19489,76,140,34826.96579248
19490,76,141,33000.65662761
19491,76,142,36171.24589819
19492,76,143,37966.3733584
19493,76,144,36714.37571843
19494,76,145,39152.74927105
19495,76,146,32521.01495844
19496,76,147,46083.80726541
19497,76,148,54093.75957395
19498,76,149,43565.56423721
19499,76,150,59738.91129445
19500,76,151,48705.24678773
19501,76,152,53503.12420941
19502,76,153,46949.96448342
19503,76,154,44485.35235872
19504,76,155,56400.82632056
19505,76,156,40734.74078974
19506,76,157,44331.6371963
19507,76,158,61231.74361621
19508,76,159,40279.39795262
19509,76,160,58025.40924353
19510,76,161,55364.11314462
19511,76,162,54869.6157819
19512,76,163,41622.22297188
19513,76,164,52812.42984705
19514,76,165,42979.46211549
19515,76,166,41520.16953093
19516,76,167,45302.60204799
19517,76,168,74687.97106296
19518,76,169,72252.49177187
19519,76,170,73351.24474566
19520,76,171,76054.01729958
19521,76,172,75160.40856091
19522,76,173,75687.19620955
19523,76,174,76869.18650634
19524,76,175,76735.22433141
19525,76,176,77843.23631194
19526,76,177,75329.84406638
19527,76,178,34756.16735484
19528,76,179,36708.95398663
19529,76,180,34473.85483404
19530,76,181,37577.29635896
19531,76,182,40391.19642292
19532,76,183,41867.72645678
19533,76,184,35781.70556991
19534,76,185,36275.73597654
19535,76,186,39288.48348068
19536,76,187,41598.68565803
19537,76,188,69624.75144629
19538,76,189,63894.21606551
19539,76,190,57405.65704902
19540,76,191,61884.03270747
19541,76,192,67121.71118034
19542,76,193,61032.00587765
19543,76,194,59299.64154517
19544,76,195,65462.35415029
19545,76,196,71356.62294372
19546,76,197,56967.01005183
19547,76,198,57695.01930448
19548,76,199,60213.39296103
19549,76,200,77846.56246606
19550,76,201,68325.1148673
19551,76,202,84240.46614425
19552,76,203,80743.33368986
19553,76,204,75447.93654405
19554,76,205,69411.73023722
19555,76,206,66187.85584298
19556,76,207,88158.95564007
19557,76,208,61573.63000697
19558,76,209,39830.40980345
19559,76,210,44786.73315058
19560,76,211,35771.15540565
19561,76,212,3722.299877
19562,76,213,8376.60328655
19563,76,214,57294.95059523
19564,76,215,46311.56262899
19565,76,216,42575.21577805
19566,76,217,44908.75393933
19567,76,218,44563.25126092
19568,76,219,57752.36738334
19569,76,220,59581.06665094
19570,76,221,45473.74902819
19571,76,222,52831.97491485
19572,76,223,43079.45593625
19573,76,224,61751.03661928
19574,76,225,43405.72242286
19575,76,226,56103.26067066
19576,76,227,48757.2261221
19577,76,228,62619.7929459
19578,76,229,57049.22365885
19579,76,230,57325.85393547
19580,76,231,44326.74929913
19581,76,232,44649.14891142
19582,76,233,43983.51400563
19583,76,234,45813.15116374
19584,76,235,45087.94060907
19585,76,236,43615.159636
19586,76,237,45524.25925826
19587,76,238,48693.30308047
19588,76,239,50414.65301108
19589,76,240,50706.69265579
19590,76,241,45744.14997623
19591,76,242,48290.47745234
19592,76,243,43414.20934876
19593,76,244,51368.99259163
19594,76,245,50477.23250559
19595,76,246,52243.92282957
19596,76,247,49613.31506403
19597,76,248,50034.50965934
19598,76,249,50310.69603174
19599,76,250,47346.05248535
19600,76,251,51038.0820929
19601,76,252,45340.40998879
19602,76,253,41870.26340916
19603,76,254,52104.39094557
19604,76,255,51415.59294249
19605,76,256,46033.15153189
19606,76,257,49128.04964269
19607,76,258,46815.67488237
19608,77,1,51941.50722796
19609,77,2,51971.58326894
19610,77,3,52625.34853256
19611,77,4,54263.38136203
19612,77,5,52454.45128675
19613,77,6,53171.88683536
19614,77,7,49976.19256661
19615,77,8,53844.98683482
19616,77,9,53273.44060848
19617,77,10,51568.77182906
19618,77,11,50055.44949599
19619,77,12,50592.36948814
19620,77,13,51109.78073878
19621,77,14,53725.70003185
19622,77,15,54517.10598803
19623,77,16,51044.59259419
19624,77,17,58562.84275304
19625,77,18,58091.61487919
19626,77,19,51306.56436414
19627,77,20,56586.85302465
19628,77,21,60305.06315222
19629,77,22,43009.91360763
19630,77,23,46792.94270518
19631,77,24,48643.10774474
19632,77,25,54661.20146361
19633,77,26,43975.33314177
19634,77,27,59566.28318021
19635,77,28,56998.40632452
19636,77,29,44292.01647945
19637,77,30,57654.50336539
19638,77,31,50328.50434438
19639,77,32,53905.89558421
19640,77,33,61642.33319185
19641,77,34,55723.6094073
19642,77,35,52322.04407192
19643,77,36,42430.11980765
19644,77,37,42726.9108291
19645,77,38,49587.5289191
19646,77,39,46002.92169724
19647,77,40,65930.09781877
19648,77,41,59708.29131641
19649,77,42,54747.88766946
19650,77,43,70709.98442478
19651,77,44,59098.01211507
19652,77,45,54150.75506235
19653,77,46,55830.98573675
19654,77,47,75462.84024554
19655,77,48,76344.54136363
19656,77,49,52354.32667042
19657,77,50,72684.42190196
19658,77,51,50843.1413397
19659,77,52,49648.29868984
19660,77,53,45450.44821789
19661,77,54,49326.5937425
19662,77,55,32607.63641245
19663,77,56,50273.9279832
19664,77,57,40646.08364216
19665,77,58,42270.94440371
19666,77,59,49524.1910534
19667,77,60,49049.11595641
19668,77,61,52425.10171048
19669,77,62,38209.5076438
19670,77,63,47081.15524569
19671,77,64,29754.31908768
19672,77,65,47777.53647405
19673,77,66,43738.70604634
19674,77,67,39681.23520526
19675,77,68,40988.54123783
19676,77,69,12903.2410706
19677,77,70,35192.23219958
19678,77,71,5772.46160035
19679,77,72,25835.21530314
19680,77,73,4204.29111467
19681,77,74,11432.97720464
19682,77,75,23627.13939772
19683,77,76,7259.2137542
19684,77,77,0.0
19685,77,78,2731.79786907
19686,77,79,21278.81827244
19687,77,80,7932.14044182
19688,77,81,9352.32945159
19689,77,82,18878.4220423
19690,77,83,45313.0456892
19691,77,84,7427.98235655
19692,77,85,16587.02106949
19693,77,86,44742.55403772
19694,77,87,37444.37133006
19695,77,88,43341.64040688
19696,77,89,45606.55534101
19697,77,90,49518.4320775
19698,77,91,52715.87529584
19699,77,92,47372.85719518
19700,77,93,56389.45382842
19701,77,94,55551.40755774
19702,77,95,51245.9263929
19703,77,96,42332.13304969
19704,77,97,40680.93581501
19705,77,98,40887.21597462
19706,77,99,56204.94321223
19707,77,100,43554.7262571
19708,77,101,53638.67598154
19709,77,102,56075.49533634
19710,77,103,40011.67797469
19711,77,104,45748.16829922
19712,77,105,48295.41445327
19713,77,106,56556.14952725
19714,77,107,51865.5509263
19715,77,108,41165.35949894
19716,77,109,46166.24722863
19717,77,110,50062.47816121
19718,77,111,52861.80574193
19719,77,112,57363.03139151
19720,77,113,48676.14937902
19721,77,114,52669.60754492
19722,77,115,47106.07981636
19723,77,116,51721.96894906
19724,77,117,59180.48144395
19725,77,118,52065.17365098
19726,77,119,46269.82147376
19727,77,120,53159.80661742
19728,77,121,59955.66715752
19729,77,122,51221.69473265
19730,77,123,52333.81937538
19731,77,124,52765.0325036
19732,77,125,52290.01530072
19733,77,126,52663.18215091
19734,77,127,50793.42086488
19735,77,128,60799.44574066
19736,77,129,52371.41696653
19737,77,130,54774.8394542
19738,77,131,47440.19646093
19739,77,132,52980.35529521
19740,77,133,46983.041302
19741,77,134,43545.16051644
19742,77,135,44441.3289736
19743,77,136,43498.05344927
19744,77,137,37306.29769832
19745,77,138,35892.00637758
19746,77,139,44119.91781105
19747,77,140,40697.43955395
19748,77,141,38746.23598928
19749,77,142,42803.19598129
19750,77,143,44745.0711309
19751,77,144,43225.35464973
19752,77,145,45848.56916011
19753,77,146,37798.60632359
19754,77,147,51375.83090017
19755,77,148,59005.0008704
19756,77,149,48566.39499045
19757,77,150,64452.95718545
19758,77,151,53890.0408874
19759,77,152,58470.15889537
19760,77,153,52216.30829414
19761,77,154,49735.59685665
19762,77,155,61069.4422559
19763,77,156,45011.92287164
19764,77,157,49424.07047055
19765,77,158,65885.45017854
19766,77,159,44442.07113205
19767,77,160,62720.17091067
19768,77,161,60122.08978316
19769,77,162,59689.56483651
19770,77,163,46170.25105655
19771,77,164,57821.81660051
19772,77,165,47811.60338057
19773,77,166,45959.61377082
19774,77,167,50605.02140241
19775,77,168,78400.98889879
19776,77,169,75899.31547099
19777,77,170,77065.91722439
19778,77,171,79780.60117213
19779,77,172,79147.86416207
19780,77,173,79602.78833414
19781,77,174,80697.42777332
19782,77,175,80944.18289205
19783,77,176,82221.40730086
19784,77,177,79406.82052708
19785,77,178,36939.98480305
19786,77,179,39600.43614199
19787,77,180,36251.53658485
19788,77,181,38258.51143236
19789,77,182,40422.35185985
19790,77,183,41119.21007603
19791,77,184,37049.25335396
19792,77,185,38832.86115035
19793,77,186,39488.5048662
19794,77,187,41075.18661836
19795,77,188,71129.45709031
19796,77,189,65050.50945801
19797,77,190,57964.1501879
19798,77,191,62839.24199126
19799,77,192,68574.21463457
19800,77,193,61898.23429499
19801,77,194,60014.34782261
19802,77,195,66791.42574889
19803,77,196,73042.63575222
19804,77,197,57317.73695339
19805,77,198,61421.75002333
19806,77,199,63752.14233382
19807,77,200,78970.37831023
19808,77,201,70745.65132752
19809,77,202,84653.68487421
19810,77,203,81459.76029841
19811,77,204,76835.64474374
19812,77,205,71299.88087839
19813,77,206,69008.6922901
19814,77,207,88526.55571703
19815,77,208,64791.93997736
19816,77,209,44436.64619561
19817,77,210,49179.12024952
19818,77,211,40821.1946784
19819,77,212,10382.44143212
19820,77,213,9410.04969639
19821,77,214,57386.79667026
19822,77,215,48389.30035376
19823,77,216,46203.6459135
19824,77,217,47763.52194307
19825,77,218,47155.47910283
19826,77,219,56687.19264542
19827,77,220,58005.93325084
19828,77,221,48726.20410227
19829,77,222,54083.36831714
19830,77,223,47092.08702124
19831,77,224,59648.29247101
19832,77,225,46722.59661792
19833,77,226,56705.88286148
19834,77,227,50607.86848177
19835,77,228,60273.36111251
19836,77,229,56746.22517183
19837,77,230,56663.20097388
19838,77,231,48806.99645058
19839,77,232,49105.32052674
19840,77,233,48491.54378687
19841,77,234,50195.43907359
19842,77,235,49514.62801435
19843,77,236,48157.99582604
19844,77,237,49921.04769236
19845,77,238,55510.2185419
19846,77,239,56585.91726625
19847,77,240,57394.59331051
19848,77,241,51192.75969859
19849,77,242,54207.84193209
19850,77,243,48731.68877822
19851,77,244,57830.80763229
19852,77,245,56904.22828775
19853,77,246,58742.42483509
19854,77,247,55861.90304258
19855,77,248,56408.97778143
19856,77,249,57049.2866809
19857,77,250,54130.93874344
19858,77,251,57126.35190727
19859,77,252,50917.72142597
19860,77,253,47130.29954415
19861,77,254,58658.34471538
19862,77,255,58032.8658343
19863,77,256,52827.62875188
19864,77,257,55439.04299157
19865,77,258,52616.90814982
19866,78,1,52539.93044335
19867,78,2,52176.69843829
19868,78,3,53182.53927862
19869,78,4,54660.82946209
19870,78,5,52699.82707528
19871,78,6,53470.25670347
19872,78,7,50782.57394664
19873,78,8,54320.5024976
19874,78,9,53781.35939707
19875,78,10,52409.50745176
19876,78,11,50820.3345155
19877,78,12,51287.54468208
19878,78,13,51739.80128548
19879,78,14,54085.39346465
19880,78,15,54959.82821949
19881,78,16,51193.94658107
19882,78,17,59363.95242416
19883,78,18,58850.96477777
19884,78,19,51766.11764438
19885,78,20,57184.00473057
19886,78,21,61193.67245961
19887,78,22,43115.59385261
19888,78,23,47211.86548715
19889,78,24,49049.29468905
19890,78,25,55209.2365799
19891,78,26,44218.38982355
19892,78,27,60412.67473042
19893,78,28,57650.09770913
19894,78,29,44603.10354568
19895,78,30,58372.4366513
19896,78,31,50768.95548888
19897,78,32,54435.14904195
19898,78,33,62575.68033396
19899,78,34,56276.3664736
19900,78,35,52798.3595273
19901,78,36,42397.17323838
19902,78,37,42635.57346953
19903,78,38,50013.53627741
19904,78,39,46406.46527151
19905,78,40,67015.66908977
19906,78,41,60639.73070406
19907,78,42,55691.44333517
19908,78,43,71864.16786593
19909,78,44,60053.84768141
19910,78,45,55044.88306647
19911,78,46,56806.39177364
19912,78,47,76717.81393865
19913,78,48,77620.43566407
19914,78,49,53232.77711657
19915,78,50,73869.69301695
19916,78,51,51650.685162
19917,78,52,50464.16912352
19918,78,53,46019.50006438
19919,78,54,50182.79190881
19920,78,55,32692.03503855
19921,78,56,51237.73976753
19922,78,57,40937.00129386
19923,78,58,42657.71388163
19924,78,59,50423.51600244
19925,78,60,49772.42778435
19926,78,61,53404.04987181
19927,78,62,38409.47374038
19928,78,63,47717.92891329
19929,78,64,29863.46315014
19930,78,65,48464.77775741
19931,78,66,44196.82313914
19932,78,67,40493.12523854
19933,78,68,41787.61390842
19934,78,69,13060.40225917
19935,78,70,36056.16575463
19936,78,71,4193.6737284
19937,78,72,26702.19656272
19938,78,73,2269.14141148
19939,78,74,11519.85193917
19940,78,75,24473.78385673
19941,78,76,6148.40722545
19942,78,77,2731.79786907
19943,78,78,0.0
19944,78,79,22078.17005298
19945,78,80,7532.41899166
19946,78,81,9012.98678075
19947,78,82,19314.32594032
19948,78,83,46401.04909232
19949,78,84,6695.50513192
19950,78,85,16939.60084148
19951,78,86,45778.85904094
19952,78,87,38281.24556783
19953,78,88,44293.85950333
19954,78,89,46775.96677211
19955,78,90,50213.15009683
19956,78,91,53352.3036881
19957,78,92,48201.50666724
19958,78,93,56650.26717792
19959,78,94,55943.90352949
19960,78,95,51961.06608916
19961,78,96,43466.95672075
19962,78,97,42050.70323719
19963,78,98,42183.61162414
19964,78,99,56686.90016155
19965,78,100,44630.59149044
19966,78,101,54244.34190169
19967,78,102,56527.37563433
19968,78,103,41434.50302642
19969,78,104,46730.60205744
19970,78,105,49065.83442054
19971,78,106,56893.96265307
19972,78,107,52536.09079048
19973,78,108,42377.84115108
19974,78,109,47074.06813529
19975,78,110,51472.70692527
19976,78,111,53884.45581407
19977,78,112,57733.72950765
19978,78,113,50154.86567391
19979,78,114,53520.1866752
19980,78,115,48713.31743811
19981,78,116,52258.23656671
19982,78,117,59589.93189759
19983,78,118,53322.46911789
19984,78,119,47963.39874111
19985,78,120,54280.1797805
19986,78,121,60369.00935566
19987,78,122,52535.68491603
19988,78,123,52840.34447235
19989,78,124,53200.22223331
19990,78,125,52994.82162311
19991,78,126,53835.93945627
19992,78,127,51362.88938318
19993,78,128,61216.26275826
19994,78,129,53125.68927811
19995,78,130,55119.8275047
19996,78,131,48945.83158329
19997,78,132,53368.7311966
19998,78,133,48523.68268182
19999,78,134,42976.61407582
20000,78,135,44110.98768902
20001,78,136,43328.80058894
20002,78,137,37817.17993141
20003,78,138,36532.68313064
20004,78,139,43862.13907711
20005,78,140,40722.23443797
20006,78,141,38840.09264815
20007,78,142,42301.95593228
20008,78,143,44113.39165063
20009,78,144,42822.20407886
20010,78,145,45293.06332516
20011,78,146,38140.04643545
20012,78,147,51734.62609853
20013,78,148,59561.67928865
20014,78,149,49065.99874649
20015,78,150,65107.79400023
20016,78,151,54306.62918166
20017,78,152,58999.46631645
20018,78,153,52589.3759251
20019,78,154,50113.54519028
20020,78,155,61741.54665942
20021,78,156,45829.38033732
20022,78,157,49880.47400312
20023,78,158,66569.31723014
20024,78,159,45305.79810291
20025,78,160,63382.10901325
20026,78,161,60752.07792814
20027,78,162,60290.18776885
20028,78,163,46873.79505604
20029,78,164,58329.87356754
20030,78,165,48389.74439547
20031,78,166,46710.07306225
20032,78,167,50957.43979864
20033,78,168,79491.66148395
20034,78,169,77013.57404151
20035,78,170,78154.87104372
20036,78,171,80867.05428213
20037,78,172,80129.81780064
20038,78,173,80614.17856787
20039,78,174,81744.54560681
20040,78,175,81835.49196805
20041,78,176,83040.90216423
20042,78,177,80352.23216508
20043,78,178,38485.42371337
20044,78,179,40925.53292633
20045,78,180,37917.04285566
20046,78,181,40232.12033655
20047,78,182,42559.73749078
20048,78,183,43425.74712815
20049,78,184,38863.34423825
20050,78,185,40266.72857833
20051,78,186,41583.87072393
20052,78,187,43335.69593928
20053,78,188,72945.55493186
20054,78,189,66955.32550475
20055,78,190,60012.51402672
20056,78,191,64794.26915896
20057,78,192,70402.20430003
20058,78,193,63874.98368388
20059,78,194,62026.9430639
20060,78,195,68651.53422252
20061,78,196,74809.02124955
20062,78,197,59415.17962043
20063,78,198,62489.85869483
20064,78,199,64895.17054869
20065,78,200,80897.67505927
20066,78,201,72286.04493489
20067,78,202,86763.24990246
20068,78,203,83493.60118812
20069,78,204,78689.74935767
20070,78,205,73005.30473401
20071,78,206,70415.01630178
20072,78,207,90649.30139725
20073,78,208,66054.35268839
20074,78,209,45110.75633214
20075,78,210,49956.2606446
20076,78,211,41281.9669889
20077,78,212,8561.43363983
20078,78,213,6683.38629057
20079,78,214,59544.35868062
20080,78,215,50002.18148729
20081,78,216,47282.73332099
20082,78,217,49124.25610221
20083,78,218,48602.46122708
20084,78,219,59080.44623057
20085,78,220,60487.82175776
20086,78,221,49950.0008797
20087,78,222,55946.45434998
20088,78,223,48022.97920911
20089,78,224,62209.90436151
20090,78,225,47918.53570177
20091,78,226,58741.52827331
20092,78,227,52293.97881441
20093,78,228,62867.24138534
20094,78,229,58989.50655012
20095,78,230,58980.03241421
20096,78,231,49545.40546791
20097,78,232,49854.76326438
20098,78,233,49217.21684721
20099,78,234,50978.77212332
20100,78,235,50277.60129446
20101,78,236,48867.74333747
20102,78,237,50697.65529026
20103,78,238,54841.71026796
20104,78,239,56436.03278309
20105,78,240,56848.08548431
20106,78,241,51469.18326341
20107,78,242,54219.48832597
20108,78,243,49073.72728692
20109,78,244,57472.05266418
20110,78,245,56571.8469111
20111,78,246,58355.23676796
20112,78,247,55658.63377951
20113,78,248,56115.73157357
20114,78,249,56456.43000159
20115,78,250,53493.92153791
20116,78,251,57031.88651231
20117,78,252,51123.87615105
20118,78,253,47499.34924268
20119,78,254,58226.54539338
20120,78,255,57548.11217366
20121,78,256,52181.24307629
20122,78,257,55191.50927663
20123,78,258,52697.03661212
20124,79,1,30692.73146291
20125,79,2,31315.48120993
20126,79,3,31402.56312208
20127,79,4,33214.80298958
20128,79,5,31699.91533519
20129,79,6,32300.3801342
20130,79,7,28723.46075066
20131,79,8,32696.1509064
20132,79,9,32092.0191303
20133,79,10,30338.19247083
20134,79,11,28785.25153962
20135,79,12,29313.97796027
20136,79,13,29846.61751529
20137,79,14,32739.28232896
20138,79,15,33405.32166245
20139,79,16,30542.93922271
20140,79,17,37309.82453697
20141,79,18,36821.72269447
20142,79,19,30185.33545446
20143,79,20,35334.25680447
20144,79,21,39115.80679979
20145,79,22,22805.21676841
20146,79,23,25752.86974088
20147,79,24,27611.1761673
20148,79,25,33442.01498387
20149,79,26,23338.21216674
20150,79,27,38341.53763866
20151,79,28,35725.35415536
20152,79,29,23484.09561594
20153,79,30,36376.52015981
20154,79,31,29236.56266939
20155,79,32,32703.37286905
20156,79,33,40500.20960987
20157,79,34,34499.2941185
20158,79,35,31177.01891254
20159,79,36,22757.02924642
20160,79,37,23281.99542968
20161,79,38,28519.79120624
20162,79,39,24993.98159264
20163,79,40,45019.79029327
20164,79,41,38564.27414099
20165,79,42,33619.93315956
20166,79,43,49934.97561119
20167,79,44,37984.2444655
20168,79,45,32966.71465855
20169,79,46,34745.54399988
20170,79,47,54927.21908991
20171,79,48,55864.59670466
20172,79,49,31155.06258788
20173,79,50,51977.47143701
20174,79,51,29591.32114856
20175,79,52,28400.80444025
20176,79,53,24233.30231104
20177,79,54,28107.43311027
20178,79,55,13056.71267693
20179,79,56,29175.81417879
20180,79,57,19948.79298358
20181,79,58,21328.91328561
20182,79,59,28345.73719348
20183,79,60,27770.78821179
20184,79,61,31347.36791379
20185,79,62,17848.34113552
20186,79,63,25818.61582451
20187,79,64,10427.2251194
20188,79,65,26500.40362858
20189,79,66,22659.13008488
20190,79,67,18427.30559643
20191,79,68,19728.35605367
20192,79,69,9600.11730034
20193,79,70,13978.0397285
20194,79,71,19145.65514122
20195,79,72,4638.7006118
20196,79,73,20522.83995378
20197,79,74,11055.30910073
20198,79,75,2411.72145199
20199,79,76,17266.07006035
20200,79,77,21278.81827244
20201,79,78,22078.17005298
20202,79,79,0.0
20203,79,80,15134.3907862
20204,79,81,13870.58842464
20205,79,82,3797.15754686
20206,79,83,24457.56151262
20207,79,84,16255.19437416
20208,79,85,5869.44122035
20209,79,86,23777.72430062
20210,79,87,16206.33763028
20211,79,88,22233.448558
20212,79,89,24959.44845702
20213,79,90,28240.19004901
20214,79,91,31449.20381707
20215,79,92,26132.6475617
20216,79,93,35569.37647914
20217,79,94,34504.46930034
20218,79,95,29967.28624622
20219,79,96,21613.89968938
20220,79,97,20851.18699342
20221,79,98,20736.09961314
20222,79,99,35042.73994846
20223,79,100,22679.5348578
20224,79,101,32384.38051453
20225,79,102,34947.41668891
20226,79,103,20459.15145525
20227,79,104,24683.58071353
20228,79,105,27026.45083346
20229,79,106,35591.20051542
20230,79,107,30590.05055684
20231,79,108,20698.41408746
20232,79,109,24997.80052297
20233,79,110,30221.25618808
20234,79,111,31854.1618623
20235,79,112,36341.10625733
20236,79,113,29170.43840859
20237,79,114,31446.65804183
20238,79,115,28327.74439528
20239,79,116,30517.87131364
20240,79,117,38096.30264364
20241,79,118,31634.30537589
20242,79,119,28061.54416787
20243,79,120,32348.85194831
20244,79,121,38863.9658501
20245,79,122,30989.26423876
20246,79,123,31156.16224141
20247,79,124,31669.6474472
20248,79,125,31011.19870489
20249,79,126,31983.43061536
20250,79,127,29564.69575508
20251,79,128,39700.81798859
20252,79,129,31098.83762741
20253,79,130,33807.34073869
20254,79,131,28095.12855329
20255,79,132,31951.73384431
20256,79,133,27832.99403858
20257,79,134,26500.16835884
20258,79,135,26019.453888
20259,79,136,24357.02287621
20260,79,137,16200.49537929
20261,79,138,14647.40989503
20262,79,139,25358.55060679
20263,79,140,20869.99918634
20264,79,141,18739.98696409
20265,79,142,25422.6278469
20266,79,143,27983.8714966
20267,79,144,25262.79716514
20268,79,145,28554.65944106
20269,79,146,17033.80861957
20270,79,147,30405.21209415
20271,79,148,37773.76952622
20272,79,149,27407.72933759
20273,79,150,43177.50590342
20274,79,151,32815.50435273
20275,79,152,37259.72292427
20276,79,153,31216.35699137
20277,79,154,28742.99528022
20278,79,155,39791.98853321
20279,79,156,23763.71337209
20280,79,157,28314.76917383
20281,79,158,44606.78256095
20282,79,159,23228.47099524
20283,79,160,41443.84152035
20284,79,161,38853.93192187
20285,79,162,38433.00299435
20286,79,163,24891.76620312
20287,79,164,36630.60190168
20288,79,165,26582.00482138
20289,79,166,24684.52657215
20290,79,167,29650.91883617
20291,79,168,57487.90378644
20292,79,169,55033.54871258
20293,79,170,56150.72822223
20294,79,171,58858.76107257
20295,79,172,58062.70660021
20296,79,173,58558.35929443
20297,79,174,59707.50117204
20298,79,175,59758.41870711
20299,79,176,60982.52959068
20300,79,177,58276.5118287
20301,79,178,18239.38148095
20302,79,179,19599.78907934
20303,79,180,18440.09664978
20304,79,181,22929.68854149
20305,79,182,26619.9051243
20306,79,183,29413.22861087
20307,79,184,20362.68806
20308,79,185,19381.62391662
20309,79,186,25311.26140187
20310,79,187,28737.51126953
20311,79,188,53129.97727042
20312,79,189,47776.92260069
20313,79,190,42088.53089484
20314,79,191,46006.85669342
20315,79,192,50692.13033212
20316,79,193,45268.39219477
20317,79,194,43746.20209948
20318,79,195,49159.73358141
20319,79,196,54706.49357147
20320,79,197,41936.88998442
20321,79,198,40484.20345106
20322,79,199,42965.12449829
20323,79,200,61625.14183091
20324,79,201,51249.65022504
20325,79,202,68708.5256108
20326,79,203,64905.94770975
20327,79,204,59008.89902209
20328,79,205,52629.29237204
20329,79,206,48978.74748311
20330,79,207,72645.34498838
20331,79,208,44309.23340204
20332,79,209,23163.3467486
20333,79,210,27912.81599712
20334,79,211,19761.07071921
20335,79,212,18653.26688291
20336,79,213,25592.88409838
20337,79,214,42620.81805776
20338,79,215,29605.40860058
20339,79,216,25324.08127075
20340,79,217,27751.01076659
20341,79,218,27529.896024
20342,79,219,44949.70110827
20343,79,220,47656.78595299
20344,79,221,28216.06555906
20345,79,222,36791.09280451
20346,79,223,25951.35921746
20347,79,224,50792.11688311
20348,79,225,26144.03847664
20349,79,226,40760.21447369
20350,79,227,32202.6202754
20351,79,228,52136.61141717
20352,79,229,42981.55184126
20353,79,230,43836.59828401
20354,79,231,27530.36092821
20355,79,232,27830.81152915
20356,79,233,27213.3427739
20357,79,234,28931.88649455
20358,79,235,28243.69931913
20359,79,236,26879.18374246
20360,79,237,28654.78370217
20361,79,238,38330.92655807
20362,79,239,36948.17988801
20363,79,240,39486.88388111
20364,79,241,30382.68760557
20365,79,242,34060.38573594
20366,79,243,27811.34089772
20367,79,244,39013.3047733
20368,79,245,37995.62105347
20369,79,246,40027.50835131
20370,79,247,36443.59469965
20371,79,248,37344.98380328
20372,79,249,39395.21686188
20373,79,250,36836.71825384
20374,79,251,37279.7716471
20375,79,252,30271.42661234
20376,79,253,26173.10315454
20377,79,254,40150.0341998
20378,79,255,39795.64270376
20379,79,256,35647.52419902
20380,79,257,36209.11811769
20381,79,258,32286.73556173
20382,80,1,45209.79126988
20383,80,2,44665.92633026
20384,80,3,45823.80730092
20385,80,4,47213.37227763
20386,80,5,45198.86797978
20387,80,6,45984.94216988
20388,80,7,43628.78835036
20389,80,8,46911.97562703
20390,80,9,46391.6438057
20391,80,10,45285.45964951
20392,80,11,43627.44555422
20393,80,12,44033.13418376
20394,80,13,44433.66324873
20395,80,14,46622.29131269
20396,80,15,47533.58346041
20397,80,16,43672.66364569
20398,80,17,52187.01383386
20399,80,18,51637.23950474
20400,80,19,44351.76441809
20401,80,20,49846.52953259
20402,80,21,54099.20196808
20403,80,22,35590.19943683
20404,80,23,39781.93934397
20405,80,24,41611.06224585
20406,80,25,47842.08976801
20407,80,26,36721.70018549
20408,80,27,53277.09420569
20409,80,28,50350.9052312
20410,80,29,37128.91944032
20411,80,30,51124.23350611
20412,80,31,43345.75383841
20413,80,32,47057.35004536
20414,80,33,55526.04348714
20415,80,34,48910.91578001
20416,80,35,45391.89867761
20417,80,36,34865.3068167
20418,80,37,35108.00661859
20419,80,38,42583.88854646
20420,80,39,38969.99206413
20421,80,40,60137.39664466
20422,80,41,53591.90748911
20423,80,42,48668.53780253
20424,80,43,65066.96952113
20425,80,44,53034.35291764
20426,80,45,47969.48587447
20427,80,46,49817.09531687
20428,80,47,70055.77782787
20429,80,48,70988.43115
20430,80,49,46145.37401368
20431,80,50,67111.7221163
20432,80,51,44495.84795663
20433,80,52,43320.45042628
20434,80,53,38680.40902552
20435,80,54,43080.48662879
20436,80,55,25168.06713638
20437,80,56,44251.00515316
20438,80,57,33459.11853143
20439,80,58,35218.1468804
20440,80,59,43366.33397571
20441,80,60,42545.01675692
20442,80,61,46428.4038024
20443,80,62,30905.27400351
20444,80,63,40424.54664881
20445,80,64,22346.04258529
20446,80,65,41209.87381965
20447,80,66,36791.87733812
20448,80,67,33379.58739806
20449,80,68,34655.48383561
20450,80,69,5679.19765197
20451,80,70,29023.30980995
20452,80,71,4018.25782685
20453,80,72,19763.80095159
20454,80,73,5579.79361075
20455,80,74,4140.18148345
20456,80,75,17544.60377391
20457,80,76,2211.67680802
20458,80,77,7932.14044182
20459,80,78,7532.41899166
20460,80,79,15134.3907862
20461,80,80,0.0
20462,80,81,1481.43311632
20463,80,82,12024.05027316
20464,80,83,39591.69175306
20465,80,84,1144.6376884
20466,80,85,9620.88349192
20467,80,86,38903.22861074
20468,80,87,31205.03624873
20469,80,88,37319.86357266
20470,80,89,40081.30506664
20471,80,90,42960.58378285
20472,80,91,46048.2200997
20473,80,92,41076.86716191
20474,80,93,49151.84505673
20475,80,94,48493.26595733
20476,80,95,44721.94006327
20477,80,96,36739.96290104
20478,80,97,35721.35989614
20479,80,98,35722.48747404
20480,80,99,49279.52182863
20481,80,100,37813.55123347
20482,80,101,46916.71517251
20483,80,102,49104.3472336
20484,80,103,35210.92311121
20485,80,104,39782.67785378
20486,80,105,41882.38695884
20487,80,106,49420.56046635
20488,80,107,45259.46919561
20489,80,108,35776.44168334
20490,80,109,40037.39688234
20491,80,110,45152.85259253
20492,80,111,46960.33917653
20493,80,112,50272.63608711
20494,80,113,43973.38930688
20495,80,114,46403.31596154
20496,80,115,42810.83465449
20497,80,116,44887.49772595
20498,80,117,52144.24449808
20499,80,118,46731.52691153
20500,80,119,42266.3764771
20501,80,120,47482.70382886
20502,80,121,52924.55697889
20503,80,122,46040.89911609
20504,80,123,45450.92822117
20505,80,124,45771.86877328
20506,80,125,45745.01640066
20507,80,126,47114.32402167
20508,80,127,44014.81211537
20509,80,128,53772.83185398
20510,80,129,45918.11536471
20511,80,130,47650.22422868
20512,80,131,42826.10810443
20513,80,132,45918.29121603
20514,80,133,42479.02987778
20515,80,134,35643.90305375
20516,80,135,36645.66198586
20517,80,136,35813.72388029
20518,80,137,30458.16740484
20519,80,138,29275.70057155
20520,80,139,36370.42715502
20521,80,140,33190.42561022
20522,80,141,31314.56225446
20523,80,142,34923.91127457
20524,80,143,36828.65582206
20525,80,144,35389.26392775
20526,80,145,37952.05981738
20527,80,146,30686.48012885
20528,80,147,44272.9342985
20529,80,148,52195.07540414
20530,80,149,41677.45432639
20531,80,150,57801.8617871
20532,80,151,46868.26083738
20533,80,152,51616.75442842
20534,80,153,45132.9511909
20535,80,154,42661.36052986
20536,80,155,54452.3336042
20537,80,156,38700.96481269
20538,80,157,42466.62290603
20539,80,158,59283.48465694
20540,80,159,38227.29808221
20541,80,160,56083.30456742
20542,80,161,53433.10683658
20543,80,162,52951.38649965
20544,80,163,39636.40263843
20545,80,164,50935.45060841
20546,80,165,41052.44408602
20547,80,166,39514.59657064
20548,80,167,43493.77571245
20549,80,168,72598.3268216
20550,80,169,70154.135217
20551,80,170,71261.32028538
20552,80,171,73966.49413603
20553,80,172,73106.81515262
20554,80,173,73623.8620165
20555,80,174,74794.70675643
20556,80,175,74715.38210911
20557,80,176,75851.87008558
20558,80,177,73289.24338
20559,80,178,32546.43095828
20560,80,179,34525.04467621
20561,80,180,32262.66791431
20562,80,181,35398.96344755
20563,80,182,38253.6237218
20564,80,183,39802.85833516
20565,80,184,33579.6654596
20566,80,185,34076.06223095
20567,80,186,37139.32906128
20568,80,187,39510.13583109
20569,80,188,67413.1620738
20570,80,189,61687.03927411
20571,80,190,55220.74531209
20572,80,191,59682.22020622
20573,80,192,64910.4077159
20574,80,193,58833.22165462
20575,80,194,57107.03505181
20576,80,195,63252.23828812
20577,80,196,69145.33229984
20578,80,197,54793.34490694
20579,80,198,55599.35933712
20580,80,199,58097.84031822
20581,80,200,75638.61812183
20582,80,201,66130.84125387
20583,80,202,82055.25554966
20584,80,203,78546.05417321
20585,80,204,73236.78490363
20586,80,205,67202.48663587
20587,80,206,64014.07454046
20588,80,207,85975.25545867
20589,80,208,59427.85327619
20590,80,209,37853.22175304
20591,80,210,42776.79227702
20592,80,211,33883.74316643
20593,80,212,5210.82697342
20594,80,213,10575.8482695
20595,80,214,55137.44988579
20596,80,215,44102.68979114
20597,80,216,40457.02552485
20598,80,217,42728.33533047
20599,80,218,42369.23398102
20600,80,219,55701.59053303
20601,80,220,57593.07037501
20602,80,221,43321.9825989
20603,80,222,50624.57331824
20604,80,223,41009.02123397
20605,80,224,59838.90885453
20606,80,225,41257.86203206
20607,80,226,53916.75904401
20608,80,227,46545.99484963
20609,80,228,60746.89246426
20610,80,229,54922.22340905
20611,80,230,55231.90971968
20612,80,231,42331.73592489
20613,80,232,42650.1898626
20614,80,233,41993.14748747
20615,80,234,43802.5646961
20616,80,235,43084.2625466
20617,80,236,41630.78132455
20618,80,237,43515.85794151
20619,80,238,47589.24100467
20620,80,239,48920.24771366
20621,80,240,49504.36895853
20622,80,241,43977.93715302
20623,80,242,46687.08165423
20624,80,243,41607.46419515
20625,80,244,50023.55227849
20626,80,245,49111.77402927
20627,80,246,50920.12035047
20628,80,247,48154.8824879
20629,80,248,48640.2671162
20630,80,249,49145.21121986
20631,80,250,46215.6958353
20632,80,251,49507.04636798
20633,80,252,43613.75238067
20634,80,253,40045.82040886
20635,80,254,50813.97975865
20636,80,255,50165.30743946
20637,80,256,44910.22108593
20638,80,257,47700.29060243
20639,80,258,45167.17392863
20640,81,1,43791.44717883
20641,81,2,43195.39415154
20642,81,3,44397.57963059
20643,81,4,45762.1849757
20644,81,5,43731.60320211
20645,81,6,44522.59249986
20646,81,7,42257.63448132
20647,81,8,45471.8538931
20648,81,9,44956.81843121
20649,81,10,43921.33918458
20650,81,11,42246.05967659
20651,81,12,42635.36890325
20652,81,13,43021.96893651
20653,81,14,45166.59135512
20654,81,15,46088.41493048
20655,81,16,42198.33124485
20656,81,17,50807.0351825
20657,81,18,50247.99432942
20658,81,19,42910.35009588
20659,81,20,48425.3191058
20660,81,21,52739.49490604
20661,81,22,34114.33768914
20662,81,23,38336.72291319
20663,81,24,40163.16363417
20664,81,25,46413.22310495
20665,81,26,35256.3173372
20666,81,27,51907.29746375
20667,81,28,48939.74399733
20668,81,29,35670.73282772
20669,81,30,49726.21728523
20670,81,31,41901.96281962
20671,81,32,45625.7011334
20672,81,33,54177.06837985
20673,81,34,47482.3400995
20674,81,35,43952.56010329
20675,81,36,33384.320515
20676,81,37,33626.57713486
20677,81,38,41138.35045918
20678,81,39,37522.98006303
20679,81,40,58828.79752373
20680,81,41,52244.01339946
20681,81,42,47328.76834908
20682,81,43,63776.11244497
20683,81,44,51693.7073774
20684,81,45,46616.73005788
20685,81,46,48485.26371003
20686,81,47,68795.1275414
20687,81,48,69734.48235329
20688,81,49,44790.31192604
20689,81,50,65829.49121938
20690,81,51,43124.07007723
20691,81,52,41952.05129103
20692,81,53,37261.24097522
20693,81,54,41722.96389587
20694,81,55,23693.20193068
20695,81,56,42922.56453391
20696,81,57,32000.18956444
20697,81,58,33770.83498301
20698,81,59,42020.33075957
20699,81,60,41154.91244705
20700,81,61,45101.60700339
20701,81,62,29437.77526476
20702,81,63,39017.43244596
20703,81,64,20874.2609473
20704,81,65,39812.90054589
20705,81,66,35354.48311043
20706,81,67,32025.01075386
20707,81,68,33294.90830133
20708,81,69,4313.14525218
20709,81,70,27695.23905873
20710,81,71,5387.74670262
20711,81,72,18481.84054321
20712,81,73,7033.98797514
20713,81,74,2815.33565008
20714,81,75,16273.72471996
20715,81,76,3405.52446767
20716,81,77,9352.32945159
20717,81,78,9012.98678075
20718,81,79,13870.58842464
20719,81,80,1481.43311632
20720,81,81,0.0
20721,81,82,10651.06796987
20722,81,83,38311.78110942
20723,81,84,2453.81193346
20724,81,85,8248.3989913
20725,81,86,37606.94459039
20726,81,87,29862.58412206
20727,81,88,35999.37114016
20728,81,89,38830.02290637
20729,81,90,41563.64664721
20730,81,91,44636.68708783
20731,81,92,39714.49606618
20732,81,93,47685.23740296
20733,81,94,47041.04888771
20734,81,95,43328.00890356
20735,81,96,35484.05735939
20736,81,97,34567.91424187
20737,81,98,34535.7790107
20738,81,99,47839.42627159
20739,81,100,36533.3484478
20740,81,101,45498.68881444
20741,81,102,47659.91384088
20742,81,103,34084.95754441
20743,81,104,38467.05856512
20744,81,105,40504.17553811
20745,81,106,47961.61485987
20746,81,107,43855.45142005
20747,81,108,34553.94695891
20748,81,109,38698.59692411
20749,81,110,43988.76243536
20750,81,111,45646.22143195
20751,81,112,48817.25517701
20752,81,113,42844.11779852
20753,81,114,45040.59325819
20754,81,115,41750.1879003
20755,81,116,43458.15219923
20756,81,117,50693.15160861
20757,81,118,45499.99681167
20758,81,119,41255.56424278
20759,81,120,46199.82162368
20760,81,121,51473.75504214
20761,81,122,44833.43995705
20762,81,123,44016.33044617
20763,81,124,44326.30238428
20764,81,125,44347.96241909
20765,81,126,45850.42418436
20766,81,127,42591.84972734
20767,81,128,52322.25555302
20768,81,129,44532.08782647
20769,81,130,46192.52326344
20770,81,131,41713.252048
20771,81,132,44466.36017385
20772,81,133,41384.77129244
20773,81,134,34198.51322201
20774,81,135,35173.42885516
20775,81,136,34333.36405798
20776,81,137,29036.17569336
20777,81,138,27884.08523912
20778,81,139,34893.55398045
20779,81,140,31711.04751451
20780,81,141,29838.74628572
20781,81,142,33469.17911023
20782,81,143,35393.13720202
20783,81,144,33923.33020987
20784,81,145,36504.40827922
20785,81,146,29235.73934679
20786,81,147,42817.84868677
20787,81,148,50765.71275267
20788,81,149,40243.75064868
20789,81,150,56387.67771773
20790,81,151,45419.71791864
20791,81,152,50183.12502363
20792,81,153,43679.34361475
20793,81,154,41209.24588668
20794,81,155,53043.01592849
20795,81,156,37338.85486305
20796,81,157,41025.62643777
20797,81,158,57874.25802016
20798,81,159,36878.67974251
20799,81,160,54671.22735958
20800,81,161,52016.19529835
20801,81,162,51529.32343441
20802,81,163,38244.72966904
20803,81,164,49498.71953964
20804,81,165,39633.12775837
20805,81,166,38134.22177708
20806,81,167,42038.17266259
20807,81,168,71282.55721076
20808,81,169,68847.00119555
20809,81,170,69945.81813827
20810,81,171,72648.70219696
20811,81,172,71760.06396949
20812,81,173,72284.82498179
20813,81,174,73465.06602932
20814,81,175,73344.99298455
20815,81,176,74464.58374179
20816,81,177,71932.86078091
20817,81,178,31497.79518973
20818,81,179,33355.72775535
20819,81,180,31285.58733118
20820,81,181,34609.06255048
20821,81,182,37575.89725601
20822,81,183,39273.09603242
20823,81,184,32688.7707333
20824,81,185,32960.65054986
20825,81,186,36433.67881785
20826,81,187,38936.4017398
20827,81,188,66411.84000463
20828,81,189,60749.66100191
20829,81,190,54397.31047186
20830,81,191,58781.83453693
20831,81,192,63920.09719054
20832,81,193,57949.47817191
20833,81,194,56252.5453046
20834,81,195,62284.06727749
20835,81,196,68113.37554058
20836,81,197,54008.30335887
20837,81,198,54289.50089438
20838,81,199,56809.54488013
20839,81,200,74692.36331089
20840,81,201,64989.22394098
20841,81,202,81224.95867157
20842,81,203,77666.10345006
20843,81,204,72249.20896779
20844,81,205,66140.46149734
20845,81,206,62816.80287077
20846,81,207,85149.87869297
20847,81,208,58179.82063425
20848,81,209,36456.81336656
20849,81,210,41399.26221693
20850,81,211,32449.02570602
20851,81,212,5554.92502746
20852,81,213,11732.92179315
20853,81,214,54399.40304765
20854,81,215,43040.8073057
20855,81,216,39172.19186226
20856,81,217,41548.4312741
20857,81,218,41229.48760519
20858,81,219,55185.66981646
20859,81,220,57176.5040821
20860,81,221,42084.26141892
20861,81,222,49687.94190264
20862,81,223,39675.50723101
20863,81,224,59527.89401853
20864,81,225,40013.95721039
20865,81,226,53087.80491167
20866,81,227,45516.41265143
20867,81,228,60486.14315628
20868,81,229,54258.97426942
20869,81,230,54637.44169221
20870,81,231,40945.35440552
20871,81,232,41266.0946794
20872,81,233,40604.13179363
20873,81,234,42425.48442504
20874,81,235,41702.96397098
20875,81,236,40238.46307018
20876,81,237,42137.42465522
20877,81,238,46157.88926352
20878,81,239,47439.69801704
20879,81,240,48054.36233887
20880,81,241,42513.84981962
20881,81,242,45206.60935332
20882,81,243,40151.25562751
20883,81,244,48553.62117326
20884,81,245,47639.83312574
20885,81,246,49452.56079471
20886,81,247,46675.88417829
20887,81,248,47165.69785642
20888,81,249,47701.70467707
20889,81,250,44779.33966975
20890,81,251,48025.7017003
20891,81,252,42143.47953641
20892,81,253,38593.60439205
20893,81,254,49350.59223517
20894,81,255,48707.6191677
20895,81,256,43475.59796501
20896,81,257,46223.17768659
20897,81,258,43689.02844498
20898,82,1,33229.40122903
20899,82,2,33117.10979862
20900,82,3,33868.21347886
20901,82,4,35399.75206754
20902,82,5,33585.34599776
20903,82,6,34293.86611581
20904,82,7,31608.27118066
20905,82,8,35020.33814194
20906,82,9,34472.18418396
20907,82,10,33270.3421274
20908,82,11,31603.43766884
20909,82,12,32016.08684151
20910,82,13,32437.52477337
20911,82,14,34851.84479726
20912,82,15,35673.23052791
20913,82,16,32222.16535439
20914,82,17,40163.23242553
20915,82,18,39614.23424299
20916,82,19,32471.11441964
20917,82,20,37872.22790083
20918,82,21,42088.50443806
20919,82,22,24244.8333995
20920,82,23,27935.01616894
20921,82,24,29780.82745661
20922,82,25,35895.17740264
20923,82,26,25112.78185495
20924,82,27,41257.58912354
20925,82,28,38352.00104741
20926,82,29,25414.11763611
20927,82,30,39106.71201257
20928,82,31,31482.07064872
20929,82,32,35122.59213233
20930,82,33,43529.02584035
20931,82,34,36962.16791479
20932,82,35,33497.49118959
20933,82,36,23852.11651112
20934,82,37,24248.46555497
20935,82,38,30733.79296882
20936,82,39,27138.69529221
20937,82,40,48222.90893395
20938,82,41,41596.59406239
20939,82,42,36687.19485543
20940,82,43,53199.71279572
20941,82,44,41050.95447707
20942,82,45,35967.42075434
20943,82,46,37850.96570554
20944,82,47,58282.1435519
20945,82,48,59237.46244074
20946,82,49,34140.30606696
20947,82,50,55269.4933639
20948,82,51,32474.98297564
20949,82,52,31301.76488678
20950,82,53,26706.36108174
20951,82,54,31072.42695289
20952,82,55,13951.98223254
20953,82,56,32293.47075298
20954,82,57,21772.08289927
20955,82,58,23400.01680851
20956,82,59,31374.80760924
20957,82,60,30522.67409262
20958,82,61,34473.88861323
20959,82,62,19380.53772405
20960,82,63,28420.91460866
20961,82,64,11106.59841718
20962,82,65,29192.43364789
20963,82,66,24899.48481814
20964,82,67,21375.92798115
20965,82,68,22644.04415613
20966,82,69,6346.56676759
20967,82,70,17075.71350591
20968,82,71,16028.6467818
20969,82,72,8054.12284353
20970,82,73,17563.67141207
20971,82,74,7884.56740042
20972,82,75,5968.79768754
20973,82,76,14048.31606221
20974,82,77,18878.4220423
20975,82,78,19314.32594032
20976,82,79,3797.15754686
20977,82,80,12024.05027316
20978,82,81,10651.06796987
20979,82,82,0.0
20980,82,83,27779.29061827
20981,82,84,13096.39294995
20982,82,85,2403.85947433
20983,82,86,27036.70691553
20984,82,87,19222.63331065
20985,82,88,25384.64351919
20986,82,89,28376.83998305
20987,82,90,30942.88629487
20988,82,91,34051.22159278
20989,82,92,29063.43052884
20990,82,93,37515.44772677
20991,82,94,36686.4658497
20992,82,95,32701.65827701
20993,82,96,25025.84125493
20994,82,97,24514.68068438
20995,82,98,24337.08434046
20996,82,99,37385.23107353
20997,82,100,26003.22806113
20998,82,101,34934.69824814
20999,82,102,37237.05567364
21000,82,103,24165.96557924
21001,82,104,27858.58402177
21002,82,105,29858.84834833
21003,82,106,37679.40165619
21004,82,107,33249.66737871
21005,82,108,24213.55533602
21006,82,109,28059.39848052
21007,82,110,33831.39564245
21008,82,111,35036.24837641
21009,82,112,38492.30407137
21010,82,113,32839.65217118
21011,82,114,34389.53079192
21012,82,115,32076.19513121
21013,82,116,32944.71255796
21014,82,117,40322.58990039
21015,82,118,35093.05281105
21016,82,119,31842.387762
21017,82,120,35650.35515588
21018,82,121,41099.53846922
21019,82,122,34508.81646779
21020,82,123,33531.26073209
21021,82,124,33916.76158579
21022,82,125,33727.11755299
21023,82,126,35348.28464686
21024,82,127,32049.0421569
21025,82,128,41944.97568085
21026,82,129,33894.36505572
21027,82,130,35898.75848927
21028,82,131,31789.75986908
21029,82,132,34113.4293384
21030,82,133,31550.47075367
21031,82,134,26399.91668923
21032,82,135,26494.18810873
21033,82,136,25167.72967407
21034,82,137,18503.76441062
21035,82,138,17255.71042765
21036,82,139,25987.03034993
21037,82,140,22045.04874702
21038,82,141,20016.35791014
21039,82,142,25437.48406681
21040,82,143,27800.37835843
21041,82,144,25520.64148693
21042,82,145,28583.64220632
21043,82,146,18920.18673581
21044,82,147,32501.3409425
21045,82,148,40247.46552266
21046,82,149,29757.51892948
21047,82,150,45807.49295138
21048,82,151,35033.6113307
21049,82,152,39687.47989181
21050,82,153,33345.00737164
21051,82,154,30864.85611376
21052,82,155,42449.20906858
21053,82,156,26687.80349986
21054,82,157,30586.11240133
21055,82,158,47279.46438186
21056,82,159,26232.13109815
21057,82,160,44084.97488745
21058,82,161,41445.98860371
21059,82,162,40978.37916431
21060,82,163,27615.06983199
21061,82,164,39021.55149695
21062,82,165,29077.15622876
21063,82,166,27490.64987603
21064,82,167,31729.33082245
21065,82,168,60663.78961172
21066,82,169,58241.05639774
21067,82,170,59327.59950008
21068,82,171,62027.11610023
21069,82,172,61112.49250655
21070,82,173,61641.87854948
21071,82,174,62830.0202839
21072,82,175,62695.6995657
21073,82,176,63828.09317
21074,82,177,61282.15444192
21075,82,178,22024.78347319
21076,82,179,23241.57553783
21077,82,180,22235.93090888
21078,82,181,26636.95619334
21079,82,182,30242.26760331
21080,82,183,32869.23913718
21081,82,184,24131.48802356
21082,82,185,23107.18249912
21083,82,186,28952.3002009
21084,82,187,32248.70931027
21085,82,188,56885.47490272
21086,82,189,51565.14229824
21087,82,190,45877.42798708
21088,82,191,49802.81872306
21089,82,192,54456.17173036
21090,82,193,49065.48769985
21091,82,194,47541.77180789
21092,82,195,52936.00412346
21093,82,196,58438.805477
21094,82,197,45712.99948361
21095,82,198,43682.98339169
21096,82,199,46241.13085602
21097,82,200,65403.17944629
21098,82,201,54859.8640146
21099,82,202,72505.62143249
21100,82,203,68700.44614637
21101,82,204,62768.34254307
21102,82,205,56337.0010621
21103,82,206,52491.7333547
21104,82,207,76442.44110076
21105,82,208,47706.48709653
21106,82,209,25835.74878667
21107,82,210,30753.44352082
21108,82,211,21982.20196548
21109,82,212,15075.25890469
21110,82,213,22244.51014093
21111,82,214,46375.74716322
21112,82,215,33349.69476921
21113,82,216,28626.22726012
21114,82,217,31338.54175094
21115,82,218,31188.62045427
21116,82,219,48523.995189
21117,82,220,51126.59753242
21118,82,221,31665.36971035
21119,82,222,40585.46445695
21120,82,223,29041.48487382
21121,82,224,54137.59248993
21122,82,225,29580.66429148
21123,82,226,44549.41727155
21124,82,227,35965.63802539
21125,82,228,55416.96471697
21126,82,229,46687.83569163
21127,82,230,47486.84697897
21128,82,231,30308.12401207
21129,82,232,30626.20979113
21130,82,233,29970.36562447
21131,82,234,31779.36343166
21132,82,235,31060.25800722
21133,82,236,29609.68218654
21134,82,237,31492.29190825
21135,82,238,38425.06141962
21136,82,239,38105.14338507
21137,82,240,39867.59812218
21138,82,241,32317.40613849
21139,82,242,35504.40214531
21140,82,243,29854.40582489
21141,82,244,39776.12933981
21142,82,245,38794.58770127
21143,82,246,40749.82408
21144,82,247,37482.85920164
21145,82,248,38213.41626062
21146,82,249,39676.15567589
21147,82,250,36960.08166152
21148,82,251,38553.57545696
21149,82,252,32063.72569392
21150,82,253,28256.79376274
21151,82,254,40782.8053042
21152,82,255,40311.94901134
21153,82,256,35717.11759051
21154,82,257,37152.19675985
21155,82,258,33846.56404962
21156,83,1,11220.38572195
21157,83,2,17416.60806358
21158,83,3,12268.64620874
21159,83,4,15705.17555999
21160,83,5,17014.60109307
21161,83,6,16566.06099467
21162,83,7,6955.70596406
21163,83,8,14270.80595557
21164,83,9,13416.7635666
21165,83,10,7742.49415131
21166,83,11,7587.99397881
21167,83,12,8941.34787717
21168,83,13,10228.89724237
21169,83,14,15939.14784863
21170,83,15,15202.15096129
21171,83,16,17886.36761256
21172,83,17,14344.42405207
21173,83,18,14249.68932226
21174,83,19,12977.77717501
21175,83,20,14657.97526248
21176,83,21,15459.2572695
21177,83,22,16625.63290548
21178,83,23,11892.58799053
21179,83,24,12647.15739671
21180,83,25,13809.1202526
21181,83,26,14459.76931353
21182,83,27,14981.72421952
21183,83,28,14361.60629428
21184,83,29,13366.91824009
21185,83,30,14237.59128137
21186,83,31,12787.04671249
21187,83,32,13534.39145904
21188,83,33,16578.65773855
21189,83,34,14539.85120785
21190,83,35,13294.77697778
21191,83,36,18778.19803619
21192,83,37,19699.42307579
21193,83,38,12688.92060963
21194,83,39,12001.35408745
21195,83,40,20621.21892034
21196,83,41,14683.09283797
21197,83,42,9794.3911501
21198,83,43,25481.37168767
21199,83,44,13991.19577775
21200,83,45,9538.01098701
21201,83,46,10706.58340263
21202,83,47,30502.85602313
21203,83,48,31460.43348696
21204,83,49,8032.12298488
21205,83,50,27520.06322725
21206,83,51,7565.59105825
21207,83,52,6601.50110906
21208,83,53,9134.76243041
21209,83,54,5832.30967629
21210,83,55,19667.77703796
21211,83,56,5441.93312634
21212,83,57,14000.95733986
21213,83,58,12251.48192298
21214,83,59,5436.90467935
21215,83,60,7617.68823864
21216,83,61,7372.53110308
21217,83,62,15934.44302256
21218,83,63,8264.22599195
21219,83,64,21036.52956999
21220,83,65,7632.81178441
21221,83,66,10965.19596131
21222,83,67,7395.23930891
21223,83,68,6641.01016655
21224,83,69,34013.46796288
21225,83,70,10835.8458624
21226,83,71,43602.99288521
21227,83,72,19830.90249683
21228,83,73,44949.22225638
21229,83,74,35498.11640862
21230,83,75,22047.09407372
21231,83,76,41713.86489544
21232,83,77,45313.0456892
21233,83,78,46401.04909232
21234,83,79,24457.56151262
21235,83,80,39591.69175306
21236,83,81,38311.78110942
21237,83,82,27779.29061827
21238,83,83,0.0
21239,83,84,40710.33207331
21240,83,85,30137.55549248
21241,83,86,1109.72875136
21242,83,87,8984.61876705
21243,83,88,3151.28486878
21244,83,89,1542.66418626
21245,83,90,8315.91759705
21246,83,91,11198.54704359
21247,83,92,5124.17605447
21248,83,93,19163.24528134
21249,83,94,16642.31031278
21250,83,95,9085.40844979
21251,83,96,3073.4561109
21252,83,97,6745.56338251
21253,83,98,5690.85670379
21254,83,99,15849.83502489
21255,83,100,1778.43445249
21256,83,101,12279.4919751
21257,83,102,16168.3599395
21258,83,103,7872.69293205
21259,83,104,1960.52813454
21260,83,105,6489.17995267
21261,83,106,18138.29889058
21262,83,107,10132.83968916
21263,83,108,4640.93270311
21264,83,109,3363.94519251
21265,83,110,8069.78838914
21266,83,111,7627.21976567
21267,83,112,18247.19996567
21268,83,113,8500.11347428
21269,83,114,8571.2160892
21270,83,115,10464.25630694
21271,83,116,12017.80020015
21272,83,117,19105.66124616
21273,83,118,7625.49249527
21274,83,119,12071.87177368
21275,83,120,7891.67187398
21276,83,121,19672.73732462
21277,83,122,7514.70670202
21278,83,123,12840.76550214
21279,83,124,14192.80772978
21280,83,125,9966.64910027
21281,83,126,7584.16801064
21282,83,127,10968.64020443
21283,83,128,20314.18233851
21284,83,129,9395.4482455
21285,83,130,16826.98203631
21286,83,131,8501.25141553
21287,83,132,15044.92114805
21288,83,133,9056.59918107
21289,83,134,27268.11646402
21290,83,135,23692.71957088
21291,83,136,20991.34210911
21292,83,137,12371.08353916
21293,83,138,11942.70337279
21294,83,139,22481.17665814
21295,83,140,17945.58774155
21296,83,141,17249.00709313
21297,83,142,26072.23632051
21298,83,143,28560.48614141
21299,83,144,24617.61023487
21300,83,145,27648.40908818
21301,83,146,14215.12153685
21302,83,147,14625.49788309
21303,83,148,17133.97676518
21304,83,149,11059.73973698
21305,83,150,21011.97110331
21306,83,151,15176.55053859
21307,83,152,17015.98525803
21308,83,153,14845.40634557
21309,83,154,13544.5038469
21310,83,155,17741.74662462
21311,83,156,4842.97387258
21312,83,157,12118.34685768
21313,83,158,22124.71067131
21314,83,159,4107.1016267
21315,83,160,19345.10185194
21316,83,161,17298.16795678
21317,83,162,17226.48621861
21318,83,163,6914.75122391
21319,83,164,16755.93954374
21320,83,165,9477.77420866
21321,83,166,6068.462143
21322,83,167,14351.8189048
21323,83,168,33096.51374242
21324,83,169,30612.53476916
21325,83,170,31760.35965575
21326,83,171,34474.15047932
21327,83,172,33884.13741951
21328,83,173,34308.2853436
21329,83,174,35385.36151167
21330,83,175,35852.50109338
21331,83,176,37344.59801247
21332,83,177,34199.73327249
21333,83,178,11389.02393797
21334,83,179,6971.59955154
21335,83,180,13393.99285278
21336,83,181,18016.14674185
21337,83,182,21556.49302189
21338,83,183,26082.82196575
21339,83,184,15343.87606025
21340,83,185,8763.44182135
21341,83,186,20547.38835243
21342,83,187,24791.29397289
21343,83,188,31875.15192338
21344,83,189,28251.71260373
21345,83,190,26142.63415754
21346,83,191,27522.44935569
21347,83,192,29816.68012169
21348,83,193,27274.82095126
21349,83,194,26703.6218404
21350,83,195,28851.73132484
21351,83,196,32833.15547115
21352,83,197,26954.92084177
21353,83,198,16108.76207889
21354,83,199,18510.30874704
21355,83,200,40828.49625273
21356,83,201,27856.36316727
21357,83,202,49501.46776306
21358,83,203,45059.75928005
21359,83,204,37655.60838961
21360,83,205,30363.96410019
21361,83,206,24984.02915804
21362,83,207,53314.84924696
21363,83,208,19950.7885999
21364,83,209,7335.59938937
21365,83,210,6863.49475338
21366,83,211,11452.22465555
21367,83,212,42814.73644177
21368,83,213,50002.77634938
21369,83,214,28590.78990611
21370,83,215,11035.83543289
21371,83,216,901.61878063
21372,83,217,5866.91003953
21373,83,218,7243.53049796
21374,83,219,35394.41353767
21375,83,220,39545.34142009
21376,83,221,4351.50400935
21377,83,222,19342.32415266
21378,83,223,3353.81488297
21379,83,224,44122.71683167
21380,83,225,2499.60563909
21381,83,226,25004.73954976
21382,83,227,13584.48826429
21383,83,228,46180.65651505
21384,83,229,30617.47761248
21385,83,230,32823.904508
21386,83,231,7254.08842893
21387,83,232,7242.10919366
21388,83,233,7301.04052261
21389,83,234,7422.26368009
21390,83,235,7275.38835521
21391,83,236,7410.47433141
21392,83,237,7333.3573572
21393,83,238,33762.01259541
21394,83,239,25744.30298541
21395,83,240,32785.96199734
21396,83,241,15871.34760354
21397,83,242,21744.4923871
21398,83,243,13749.70091298
21399,83,244,29919.50230459
21400,83,245,28923.88513404
21401,83,246,30955.69497901
21402,83,247,26187.24722765
21403,83,248,27985.39383213
21404,83,249,33362.82976817
21405,83,250,32477.42134757
21406,83,251,25180.73529521
21407,83,252,16893.86513037
21408,83,253,12811.66237681
21409,83,254,31640.95453512
21410,83,255,32135.83445943
21411,83,256,31965.75743895
21412,83,257,26672.89281863
21413,83,258,19781.12385402
21414,84,1,46244.77865193
21415,84,2,45605.34816358
21416,84,3,46849.55583337
21417,84,4,48201.29217834
21418,84,5,46148.96129929
21419,84,6,46948.60595115
21420,84,7,44704.60991001
21421,84,8,47918.66496808
21422,84,9,47406.08756206
21423,84,10,46365.93213465
21424,84,11,44695.99472998
21425,84,12,45088.43655908
21426,84,13,45475.75372118
21427,84,14,47601.24315822
21428,84,15,48532.19182405
21429,84,16,44597.01283227
21430,84,17,53256.71399921
21431,84,18,52699.77681543
21432,84,19,45356.52217188
21433,84,20,50878.23685756
21434,84,21,55182.58124336
21435,84,22,36508.10271886
21436,84,23,40780.71902729
21437,84,24,42605.1830312
21438,84,25,48864.49420127
21439,84,26,37677.93850676
21440,84,27,54353.97992526
21441,84,28,51393.53476309
21442,84,29,38103.00915933
21443,84,30,52179.35567576
21444,84,31,44346.75615158
21445,84,32,48076.12530974
21446,84,33,56615.73745674
21447,84,34,49933.67976583
21448,84,35,46399.81093077
21449,84,36,35740.60222576
21450,84,37,35963.86587168
21451,84,38,43582.02866187
21452,84,39,39965.76383978
21453,84,40,61246.34629549
21454,84,41,54682.17269275
21455,84,42,49763.05824447
21456,84,43,66182.60264083
21457,84,44,54128.50508425
21458,84,45,49056.89913783
21459,84,46,50915.61043656
21460,84,47,71180.69789611
21461,84,48,72115.10156909
21462,84,49,47231.40661003
21463,84,50,68230.26196421
21464,84,51,45571.26112209
21465,84,52,44398.10936582
21466,84,53,39714.52260943
21467,84,54,44164.98943952
21468,84,55,26092.89094418
21469,84,56,45350.99898238
21470,84,57,34431.83215123
21471,84,58,36213.57987426
21472,84,59,44457.42398426
21473,84,60,43606.77187892
21474,84,61,47529.22350772
21475,84,62,31856.01800748
21476,84,63,41471.20407863
21477,84,64,23284.31419035
21478,84,65,42265.84687497
21479,84,66,37802.89619343
21480,84,67,34465.52943467
21481,84,68,35737.89232836
21482,84,69,6751.38889054
21483,84,70,30122.816273
21484,84,71,2934.57638447
21485,84,72,20880.18986807
21486,84,73,4620.79140829
21487,84,74,5227.42558194
21488,84,75,18663.97786229
21489,84,76,1073.98228571
21490,84,77,7427.98235655
21491,84,78,6695.50513192
21492,84,79,16255.19437416
21493,84,80,1144.6376884
21494,84,81,2453.81193346
21495,84,82,13096.39294995
21496,84,83,40710.33207331
21497,84,84,0.0
21498,84,85,10692.69363572
21499,84,86,40016.31201307
21500,84,87,32297.57140673
21501,84,88,38423.23045222
21502,84,89,41207.98860406
21503,84,90,44016.60235396
21504,84,91,47090.47379195
21505,84,92,42158.35195205
21506,84,93,50103.67569046
21507,84,94,49479.17105147
21508,84,95,45780.54960327
21509,84,96,37865.34163697
21510,84,97,36863.31720981
21511,84,98,36860.95174997
21512,84,99,50286.19971906
21513,84,100,38932.02547761
21514,84,101,47952.04607621
21515,84,102,50104.13693133
21516,84,103,36354.6219731
21517,84,104,40888.23965203
21518,84,105,42953.23810662
21519,84,106,50392.2713156
21520,84,107,46309.09641936
21521,84,108,36909.21990541
21522,84,109,41132.18669797
21523,84,110,46294.08187286
21524,84,111,48066.75669734
21525,84,112,51252.11635408
21526,84,113,45117.05300263
21527,84,114,47484.69425526
21528,84,115,43955.09948106
21529,84,116,45909.3262197
21530,84,117,53132.18832321
21531,84,118,47862.88683787
21532,84,119,43408.11092999
21533,84,120,48600.65488421
21534,84,121,53913.02816156
21535,84,122,47176.65371661
21536,84,123,46465.70748575
21537,84,124,46769.8594703
21538,84,125,46800.95307467
21539,84,126,48237.9394716
21540,84,127,45044.51933164
21541,84,128,54761.70392411
21542,84,129,46983.15353437
21543,84,130,48624.8158674
21544,84,131,43970.38742333
21545,84,132,46904.84010916
21546,84,133,43623.64120795
21547,84,134,36320.54346067
21548,84,135,37416.01916877
21549,84,136,36642.5364443
21550,84,137,31489.1772488
21551,84,138,30336.00800664
21552,84,139,37167.56287578
21553,84,140,34085.75402918
21554,84,141,32233.40132841
21555,84,142,35628.21403262
21556,84,143,37478.88181605
21557,84,144,36132.35678366
21558,84,145,38634.06492517
21559,84,146,31676.09123395
21560,84,147,45253.26792703
21561,84,148,53216.78996638
21562,84,149,42693.54548566
21563,84,150,58841.3282109
21564,84,151,47861.05381433
21565,84,152,52632.77635561
21566,84,153,46116.24877352
21567,84,154,43647.68797887
21568,84,155,55496.82757914
21569,84,156,39782.55111469
21570,84,157,43472.08164822
21571,84,158,60328.06946523
21572,84,159,39316.80176309
21573,84,160,57124.98504145
21574,84,161,54469.63930364
21575,84,162,53982.08115268
21576,84,163,40696.84164237
21577,84,164,51947.10182536
21578,84,165,42086.37263042
21579,84,166,40583.82675215
21580,84,167,44473.06956622
21581,84,168,73704.48497246
21582,84,169,71263.808581
21583,84,170,72367.57710498
21584,84,171,75071.79982284
21585,84,172,74197.95085591
21586,84,173,74719.11732156
21587,84,174,75894.63720478
21588,84,175,75792.05922696
21589,84,176,76916.11397822
21590,84,177,74374.8459864
21591,84,178,33690.45354851
21592,84,179,35665.495617
21593,84,180,33401.95726
21594,84,181,36507.49485495
21595,84,182,39333.25948816
21596,84,183,40835.17670788
21597,84,184,34707.76572519
21598,84,185,35220.1710365
21599,84,186,38226.88158682
21600,84,187,40557.52867048
21601,84,188,68553.67043087
21602,84,189,62820.43120072
21603,84,190,56334.43317598
21604,84,191,60810.1175038
21605,84,192,66049.93777362
21606,84,193,59958.34780326
21607,84,194,58226.87985482
21608,84,195,64389.46587602
21609,84,196,70288.09841892
21610,84,197,55898.53413447
21611,84,198,56707.72221973
21612,84,199,59214.23708742
21613,84,200,76772.90506484
21614,84,201,67274.01824425
21615,84,202,83169.23376602
21616,84,203,79669.87073009
21617,84,204,74375.92980966
21618,84,205,68346.65205399
21619,84,206,65151.67965872
21620,84,207,87088.07237884
21621,84,208,60555.81269704
21622,84,209,38909.65231899
21623,84,210,43848.14976146
21624,84,211,34898.64338239
21625,84,212,4431.49854959
21626,84,213,9431.41195935
21627,84,214,56231.04489335
21628,84,215,45246.97769851
21629,84,216,41574.11426949
21630,84,217,43867.84416362
21631,84,218,43512.30332959
21632,84,219,56725.59386731
21633,84,220,58578.59136789
21634,84,221,44451.93215476
21635,84,222,51758.23041743
21636,84,223,42106.48545841
21637,84,224,60779.10466481
21638,84,225,42386.3530294
21639,84,226,55031.68615374
21640,84,227,47688.8747314
21641,84,228,61664.00798925
21642,84,229,55995.04832245
21643,84,230,56283.17726352
21644,84,231,43396.45309973
21645,84,232,43716.67924119
21646,84,233,43055.77423513
21647,84,234,44874.26180675
21648,84,235,44152.86864292
21649,84,236,42690.71059729
21650,84,237,44586.57581509
21651,84,238,48225.3727501
21652,84,239,49749.32546186
21653,84,240,50189.76575731
21654,84,241,44937.17978239
21655,84,242,47568.74414672
21656,84,243,42585.57700312
21657,84,244,50779.80119782
21658,84,245,49877.73651489
21659,84,246,51665.84269414
21660,84,247,48966.29591803
21661,84,248,49420.30363652
21662,84,249,49812.23858332
21663,84,250,46864.66604059
21664,84,251,50354.02227233
21665,84,252,44554.16842538
21666,84,253,41032.07396273
21667,84,254,51543.21019627
21668,84,255,50874.59322958
21669,84,256,45555.20919845
21670,84,257,48496.62449848
21671,84,258,46070.37459029
21672,85,1,35616.88309479
21673,85,2,35384.57126878
21674,85,3,36248.27610158
21675,85,4,37739.99983789
21676,85,5,35870.50737397
21677,85,6,36600.33521163
21678,85,7,34012.07579187
21679,85,8,37382.16141379
21680,85,9,36841.81514157
21681,85,10,35673.58243034
21682,85,11,34006.92086794
21683,85,12,34415.71838316
21684,85,13,34829.91952507
21685,85,14,37180.09950463
21686,85,15,38026.44512885
21687,85,16,34462.53969971
21688,85,17,42566.87433225
21689,85,18,42016.58199158
21690,85,19,34829.27244172
21691,85,20,40258.19026408
21692,85,21,44491.20219423
21693,85,22,26445.71945598
21694,85,23,30282.09178896
21695,85,24,32123.82415141
21696,85,25,38272.91814634
21697,85,26,27389.66602482
21698,85,27,43661.34011868
21699,85,28,40745.52949209
21700,85,29,27721.62959971
21701,85,30,41506.60996788
21702,85,31,33835.14361234
21703,85,32,37496.71874264
21704,85,33,45929.5291548
21705,85,34,39340.55516119
21706,85,35,35859.79222701
21707,85,36,25958.93434096
21708,85,37,26313.82248757
21709,85,38,33082.77456413
21710,85,39,29480.90717191
21711,85,40,50607.59474396
21712,85,41,43996.75860871
21713,85,42,39084.59954576
21714,85,43,55575.10800032
21715,85,44,43448.92305958
21716,85,45,38368.64313612
21717,85,46,40245.4258635
21718,85,47,60638.60158282
21719,85,48,61589.29275654
21720,85,49,36542.00463001
21721,85,50,57639.90781302
21722,85,51,34878.80896031
21723,85,52,33705.41575581
21724,85,53,29091.22628875
21725,85,54,33474.56644223
21726,85,55,16079.37390416
21727,85,56,34685.7503807
21728,85,57,24067.97762081
21729,85,58,25736.37274041
21730,85,59,33773.94565607
21731,85,60,32924.62670801
21732,85,61,36865.72992436
21733,85,62,21624.0885837
21734,85,63,30815.60216032
21735,85,64,13221.79457315
21736,85,65,31592.17895558
21737,85,66,27258.83835156
21738,85,67,23776.94138371
21739,85,68,25046.55762224
21740,85,69,3942.76586163
21741,85,70,19462.92052505
21742,85,71,13624.79527471
21743,85,72,10351.38332746
21744,85,73,15166.14704811
21745,85,74,5482.19052638
21746,85,75,8197.13366807
21747,85,76,11647.67151691
21748,85,77,16587.02106949
21749,85,78,16939.60084148
21750,85,79,5869.44122035
21751,85,80,9620.88349192
21752,85,81,8248.3989913
21753,85,82,2403.85947433
21754,85,83,30137.55549248
21755,85,84,10692.69363572
21756,85,85,0.0
21757,85,86,29407.51842827
21758,85,87,21618.83969574
21759,85,88,27771.05272964
21760,85,89,30709.53822028
21761,85,90,33342.76105202
21762,85,91,36443.97131194
21763,85,92,31466.38927072
21764,85,93,39808.87922829
21765,85,94,39025.22704017
21766,85,95,35102.63411114
21767,85,96,27358.63888089
21768,85,97,26718.52310258
21769,85,98,26586.20665069
21770,85,99,39748.22838073
21771,85,100,28360.20485298
21772,85,101,37322.79943034
21773,85,102,39592.53200443
21774,85,103,26327.59481372
21775,85,104,30242.93458355
21776,85,105,32262.58406095
21777,85,106,40000.76402215
21778,85,107,35646.66039207
21779,85,108,26507.62430389
21780,85,109,30455.60719074
21781,85,110,36076.76638934
21782,85,111,37421.69274751
21783,85,112,40824.43438034
21784,85,113,35039.10487983
21785,85,114,36792.59947534
21786,85,115,34178.33728408
21787,85,116,35320.88359693
21788,85,117,42666.29955154
21789,85,118,37413.85283001
21790,85,119,33868.94249464
21791,85,120,38015.69187255
21792,85,121,43444.32283003
21793,85,122,36804.46160252
21794,85,123,35900.79700205
21795,85,124,36268.08235009
21796,85,125,36127.10800736
21797,85,126,37698.54377118
21798,85,127,34431.95543626
21799,85,128,44290.6972028
21800,85,129,36297.23488569
21801,85,130,38222.24658381
21802,85,131,33964.28903362
21803,85,132,36450.86199754
21804,85,133,33698.54020216
21805,85,134,28043.93437309
21806,85,135,28376.41217733
21807,85,136,27177.59508884
21808,85,137,20880.51619324
21809,85,138,19656.34126418
21810,85,139,27929.01168124
21811,85,140,24184.0454989
21812,85,141,22193.94388961
21813,85,142,27138.93553972
21814,85,143,29397.31499265
21815,85,144,27323.38953836
21816,85,145,30271.72318107
21817,85,146,21236.93039907
21818,85,147,34828.98848756
21819,85,148,42625.83964219
21820,85,149,32126.42578919
21821,85,150,48199.84156953
21822,85,151,37379.54527517
21823,85,152,42060.60002969
21824,85,153,35677.50293076
21825,85,154,33198.75606803
21826,85,155,44844.20188886
21827,85,156,29090.68489318
21828,85,157,32943.74777926
21829,85,158,49674.84448182
21830,85,159,28631.72661305
21831,85,160,46478.49535496
21832,85,161,43835.98577377
21833,85,162,43364.15177773
21834,85,163,30016.49280142
21835,85,164,41390.27338605
21836,85,165,31462.68535199
21837,85,166,29894.20852743
21838,85,167,34054.66539545
21839,85,168,63053.12122365
21840,85,169,60626.07597688
21841,85,170,61716.72081406
21842,85,171,64417.42900889
21843,85,172,63512.79544991
21844,85,173,64040.07355032
21845,85,174,65225.11878023
21846,85,175,65099.48585279
21847,85,176,66230.99030245
21848,85,177,63684.46279463
21849,85,178,24043.00433594
21850,85,179,25462.51423203
21851,85,180,24125.76039919
21852,85,181,28234.79567763
21853,85,182,31682.04191131
21854,85,183,34073.5023987
21855,85,184,25884.29412914
21856,85,185,25246.26289974
21857,85,186,30425.72525599
21858,85,187,33524.91740937
21859,85,188,58970.12192953
21860,85,189,53554.68829725
21861,85,190,47683.13336946
21862,85,191,51735.84599622
21863,85,192,56522.60941519
21864,85,193,50972.38742707
21865,85,194,49400.6690757
21866,85,195,54970.36530344
21867,85,196,60563.88981402
21868,85,197,47458.90962524
21869,85,198,46067.69415339
21870,85,199,48613.59111684
21871,85,200,67430.02229652
21872,85,201,57107.06180324
21873,85,202,74389.48102392
21874,85,203,70645.21138241
21875,85,204,64844.12305281
21876,85,205,58495.74555901
21877,85,206,54793.14684779
21878,85,207,78325.53554469
21879,85,208,50050.07692214
21880,85,209,28235.44824268
21881,85,210,33157.21795591
21882,85,211,24343.21839292
21883,85,212,12793.16968884
21884,85,213,19868.8928476
21885,85,214,48051.31434068
21886,85,215,35458.64279026
21887,85,216,30989.1708564
21888,85,217,33597.76819514
21889,85,218,33397.16724655
21890,85,219,49852.49253194
21891,85,220,52307.08471769
21892,85,221,33988.59076982
21893,85,222,42539.9639809
21894,85,223,31435.57469989
21895,85,224,55161.51873831
21896,85,225,31907.54783281
21897,85,226,46357.87245454
21898,85,227,38038.15637928
21899,85,228,56365.05051605
21900,85,229,48245.8804781
21901,85,230,48937.94816204
21902,85,231,32710.87397339
21903,85,232,33029.34424888
21904,85,233,32372.56158065
21905,85,234,34183.1596776
21906,85,235,33463.74691837
21907,85,236,32011.00775986
21908,85,237,33896.01811893
21909,85,238,40100.77257709
21910,85,239,40187.7946568
21911,85,240,41661.93067955
21912,85,241,34614.51034434
21913,85,242,37677.71983043
21914,85,243,32175.65896722
21915,85,244,41719.85769978
21916,85,245,40753.75528918
21917,85,246,42676.36871222
21918,85,247,39528.48131201
21919,85,248,40198.80506013
21920,85,249,41429.27296549
21921,85,250,38653.45181151
21922,85,251,40671.79789461
21923,85,252,34330.70645015
21924,85,253,30587.38561382
21925,85,254,42675.33011235
21926,85,255,42160.06437204
21927,85,256,37391.06283608
21928,85,257,39166.05712559
21929,85,258,36054.0885616
21930,86,1,10747.99190555
21931,86,2,16638.24225053
21932,86,3,11790.57315392
21933,86,4,15154.37793222
21934,86,5,16276.68173457
21935,86,6,15890.7120918
21936,86,7,6666.95519139
21937,86,8,13772.68649658
21938,86,9,12921.75067357
21939,86,10,7679.72685637
21940,86,11,7218.85005283
21941,86,12,8500.50032007
21942,86,13,9737.34248064
21943,86,14,15332.50523944
21944,86,15,14704.76763195
21945,86,16,17048.34430989
21946,86,17,14497.86020198
21947,86,18,14322.41686768
21948,86,19,12325.24358347
21949,86,20,14433.80751223
21950,86,21,15786.62109433
21951,86,22,15546.21150841
21952,86,23,10959.1893956
21953,86,24,11808.12816727
21954,86,25,13433.06566719
21955,86,26,13402.58630844
21956,86,27,15230.22046111
21957,86,28,14230.52074979
21958,86,29,12320.59715104
21959,86,30,14230.6817827
21960,86,31,12063.18229749
21961,86,32,13097.09168182
21962,86,33,16988.77236273
21963,86,34,14220.49628736
21964,86,35,12715.23281465
21965,86,36,17688.94400195
21966,86,37,18612.73517584
21967,86,38,11913.07922611
21968,86,39,11026.66464967
21969,86,40,21244.89864318
21970,86,41,15071.51224496
21971,86,42,10127.26273231
21972,86,43,26169.80621425
21973,86,44,14413.42560197
21974,86,45,9741.02813631
21975,86,46,11127.51894562
21976,86,47,31267.74603617
21977,86,48,32239.31582748
21978,86,49,8116.54815218
21979,86,50,28232.96786706
21980,86,51,7363.31933782
21981,86,52,6299.44802889
21982,86,53,8157.85281065
21983,86,54,5597.70678919
21984,86,55,18622.24612087
21985,86,56,5664.41259157
21986,86,57,12893.42913043
21987,86,58,11158.49653122
21988,86,59,5360.30497023
21989,86,60,7071.14431308
21990,86,61,7735.83010863
21991,86,62,14828.20045961
21992,86,63,7432.40839833
21993,86,64,20045.95903281
21994,86,65,6906.14356889
21995,86,66,9905.25186949
21996,86,67,6373.20383364
21997,86,68,5562.07259802
21998,86,69,33301.31884992
21999,86,70,10012.97152477
22000,86,71,42918.63289412
22001,86,72,19141.3654886
22002,86,73,44292.44959381
22003,86,74,34796.33612072
22004,86,75,21366.04729814
22005,86,76,41011.54499325
22006,86,77,44742.55403772
22007,86,78,45778.85904094
22008,86,79,23777.72430062
22009,86,80,38903.22861074
22010,86,81,37606.94459039
22011,86,82,27036.70691553
22012,86,83,1109.72875136
22013,86,84,40016.31201307
22014,86,85,29407.51842827
22015,86,86,0.0
22016,86,87,8070.4251428
22017,86,88,2061.42867387
22018,86,89,2606.97884312
22019,86,90,7775.81616928
22020,86,91,10828.14432294
22021,86,92,4531.55321996
22022,86,93,18589.97220298
22023,86,94,16144.2199404
22024,86,95,8732.20137085
22025,86,96,2928.85165422
22026,86,97,7058.53149747
22027,86,98,5893.86165151
22028,86,99,15469.20642085
22029,86,100,1362.86444574
22030,86,101,11922.31561011
22031,86,102,15750.23574625
22032,86,103,8181.88841618
22033,86,104,1378.75814404
22034,86,105,5928.28455219
22035,86,106,17632.54784513
22036,86,107,9754.79549414
22037,86,108,4653.12665772
22038,86,109,2682.09759661
22039,86,110,9179.48161773
22040,86,111,8119.44630539
22041,86,112,17801.06595091
22042,86,113,9584.31911084
22043,86,114,8604.02010136
22044,86,115,11454.76193591
22045,86,116,11460.53178544
22046,86,117,18760.71163498
22047,86,118,8616.15482465
22048,86,119,13000.77218044
22049,86,120,8621.67616198
22050,86,121,19356.59942191
22051,86,122,8579.80745969
22052,86,123,12290.82231116
22053,86,124,13600.83261271
22054,86,125,9674.35184841
22055,86,126,8429.19797356
22056,86,127,10383.33325532
22057,86,128,20027.0694764
22058,86,129,9199.07687429
22059,86,130,16255.09155705
22060,86,131,9537.93587098
22061,86,132,14425.38390174
22062,86,133,10061.93060191
22063,86,134,26176.54289904
22064,86,135,22618.58716115
22065,86,136,19912.06867791
22066,86,137,11303.13252786
22067,86,138,10951.1010486
22068,86,139,21406.37169331
22069,86,140,16840.91699154
22070,86,141,16139.62182524
22071,86,142,24977.17634187
22072,86,143,27475.86401555
22073,86,144,23528.37265485
22074,86,145,26577.7614633
22075,86,146,13118.2219047
22076,86,147,13905.19398237
22077,86,148,16947.49892748
22078,86,149,10262.87495415
22079,86,150,21083.08479812
22080,86,151,14624.93644247
22081,86,152,16777.98305682
22082,86,153,14176.62770794
22083,86,154,12750.72702291
22084,86,155,17764.78169236
22085,86,156,3864.87748611
22086,86,157,11350.64966593
22087,86,158,22254.24921685
22088,86,159,3061.17759333
22089,86,160,19391.71444195
22090,86,161,17240.07873429
22091,86,162,17117.31439319
22092,86,163,6031.01129876
22093,86,164,16469.44501225
22094,86,165,8672.44505005
22095,86,166,5183.84679352
22096,86,167,13589.05793387
22097,86,168,33717.82502536
22098,86,169,31256.22789415
22099,86,170,32380.7262284
22100,86,171,35091.3264481
22101,86,172,34409.83527086
22102,86,173,34860.5190668
22103,86,174,35969.01879699
22104,86,175,36300.77329348
22105,86,176,37733.26463063
22106,86,177,34693.059854
22107,86,178,11557.83336932
22108,86,179,7075.0705517
22109,86,180,13617.20333245
22110,86,181,18502.41824811
22111,86,182,22157.44415942
22112,86,183,26692.01975949
22113,86,184,15708.82067506
22114,86,185,8964.68093114
22115,86,186,21107.55355944
22116,86,187,25406.06222222
22117,86,188,32961.41752292
22118,86,189,29361.25200463
22119,86,190,27209.58954227
22120,86,191,28629.04277581
22121,86,192,30912.9235249
22122,86,193,28377.03433141
22123,86,194,27792.51932662
22124,86,195,29956.52121856
22125,86,196,33899.97151255
22126,86,197,28002.84069745
22127,86,198,16713.18490788
22128,86,199,19206.13954818
22129,86,200,41917.26149897
22130,86,201,28841.05178932
22131,86,202,50607.2821295
22132,86,203,46161.09080906
22133,86,204,38733.64938412
22134,86,205,31418.46706335
22135,86,206,25895.56543895
22136,86,207,54418.70484821
22137,86,208,20769.94880462
22138,86,209,6304.58768712
22139,86,210,6423.3998315
22140,86,211,10342.97257392
22141,86,212,42041.87571326
22142,86,213,49276.34629874
22143,86,214,29621.5469428
22144,86,215,12072.19102078
22145,86,216,1676.21920331
22146,86,217,6961.93403355
22147,86,218,8287.91932471
22148,86,219,36328.14248193
22149,86,220,40453.06117009
22150,86,221,5415.61130452
22151,86,222,20416.03241705
22152,86,223,2993.58521109
22153,86,224,45003.68904028
22154,86,225,3609.07396297
22155,86,226,26063.38016375
22156,86,227,14652.8591647
22157,86,228,47046.66945594
22158,86,229,31611.99518015
22159,86,230,33789.5357349
22160,86,231,6703.75028294
22161,86,232,6743.24828065
22162,86,233,6696.51018106
22163,86,234,7104.8436922
22164,86,235,6845.97739223
22165,86,236,6748.48245781
22166,86,237,6973.97971619
22167,86,238,32800.18508514
22168,86,239,24951.87386976
22169,86,240,31880.33999024
22170,86,241,15095.77697571
22171,86,242,20955.11070667
22172,86,243,12888.79827126
22173,86,244,29077.3441585
22174,86,245,28072.34596418
22175,86,246,30121.06961305
22176,86,247,25357.43665926
22177,86,248,27136.6333701
22178,86,249,32440.08301465
22179,86,250,31502.60155744
22180,86,251,24425.2336213
22181,86,252,16074.00709753
22182,86,253,11882.14178881
22183,86,254,30790.0237265
22184,86,255,31257.82174552
22185,86,256,30971.35311331
22186,86,257,25818.39521999
22187,86,258,18970.32036174
22188,87,1,14936.33869776
22189,87,2,17652.90097337
22190,87,3,15776.34747961
22191,87,4,18221.26189982
22192,87,5,17716.91846627
22193,87,6,17921.78065063
22194,87,7,12532.57454599
22195,87,8,17359.25634325
22196,87,9,16639.69387098
22197,87,10,14132.55272946
22198,87,11,12638.22870916
22199,87,12,13296.47452999
22200,87,13,14004.36799743
22201,87,14,17972.95143521
22202,87,15,18184.88399249
22203,87,16,17397.80734922
22204,87,17,21118.57438006
22205,87,18,20663.64572244
22206,87,19,15052.90858227
22207,87,20,19492.70945794
22208,87,21,22914.92166046
22209,87,22,12146.04888287
22210,87,23,11296.33933382
22211,87,24,13009.33653054
22212,87,25,17792.2484251
22213,87,26,11001.83541515
22214,87,27,22135.58896196
22215,87,28,19743.92590545
22216,87,29,10423.6065103
22217,87,30,20270.59246691
22218,87,31,14273.22080611
22219,87,32,17143.93698968
22220,87,33,24322.25991608
22221,87,34,18808.2894687
22222,87,35,15906.11414419
22223,87,36,13683.47929667
22224,87,37,14610.18843477
22225,87,38,13700.90928738
22226,87,39,10774.13029301
22227,87,40,29032.37897455
22228,87,41,22387.59169001
22229,87,42,17466.19519717
22230,87,43,34056.74021828
22231,87,44,21831.19672057
22232,87,45,16771.9228436
22233,87,46,18629.17462202
22234,87,47,39259.4561277
22235,87,48,40246.72623655
22236,87,49,14954.21042093
22237,87,50,36155.43586275
22238,87,51,13399.14109373
22239,87,52,12203.93520003
22240,87,53,8936.39922251
22241,87,54,11901.59276884
22242,87,55,11126.797082
22243,87,56,13077.79700862
22244,87,57,8546.75574165
22245,87,58,8195.40287502
22246,87,59,12161.7171478
22247,87,60,11704.59376459
22248,87,61,15258.93560853
22249,87,62,9057.01718802
22250,87,63,10070.83598332
22251,87,64,12148.26537252
22252,87,65,10548.01826356
22253,87,66,8439.4256585
22254,87,67,2256.77268204
22255,87,68,3573.59523063
22256,87,69,25549.81434897
22257,87,70,2272.47923689
22258,87,71,35221.69632698
22259,87,72,11609.69732067
22260,87,73,36680.1589218
22261,87,74,27070.92159757
22262,87,75,13825.63990329
22263,87,76,33265.22370528
22264,87,77,37444.37133006
22265,87,78,38281.24556783
22266,87,79,16206.33763028
22267,87,80,31205.03624873
22268,87,81,29862.58412206
22269,87,82,19222.63331065
22270,87,83,8984.61876705
22271,87,84,32297.57140673
22272,87,85,21618.83969574
22273,87,86,8070.4251428
22274,87,87,0.0
22275,87,88,6229.74358627
22276,87,89,9969.78544192
22277,87,90,12237.29363666
22278,87,91,15557.15353822
22279,87,92,9929.92887275
22280,87,93,21156.07590853
22281,87,94,19467.52561508
22282,87,95,13899.37354736
22283,87,96,6900.50759642
22284,87,97,9145.70931938
22285,87,98,8128.5683029
22286,87,99,19594.12070303
22287,87,100,7308.45589832
22288,87,101,16567.17760766
22289,87,102,19624.15147962
22290,87,103,9695.18794282
22291,87,104,8707.68733384
22292,87,105,10877.83996161
22293,87,106,20766.76438528
22294,87,107,14618.10754345
22295,87,108,7079.15326781
22296,87,109,8836.83441419
22297,87,110,16396.34176669
22298,87,111,15853.61378029
22299,87,112,21320.61952248
22300,87,113,16122.06454384
22301,87,114,15240.32223635
22302,87,115,16807.41473442
22303,87,116,15006.79546459
22304,87,117,22839.84475478
22305,87,118,16600.71965709
22306,87,119,17635.54654556
22307,87,120,16636.99047352
22308,87,121,23567.95404882
22309,87,122,16358.91690313
22310,87,123,15747.70476533
22311,87,124,16573.4683942
22312,87,125,14956.15003559
22313,87,126,16498.73567001
22314,87,127,13951.70410742
22315,87,128,24367.36442876
22316,87,129,14958.94593636
22317,87,130,19050.37207957
22318,87,131,15534.70404482
22319,87,132,17082.550266
22320,87,133,15704.47277996
22321,87,134,21536.50308129
22322,87,135,18708.19465764
22323,87,136,16040.80394573
22324,87,137,4653.88620057
22325,87,138,3218.3506709
22326,87,139,17555.64424731
22327,87,140,12160.46380361
22328,87,141,10622.30875158
22329,87,142,20251.90256784
22330,87,143,23022.56836965
22331,87,144,19093.24660096
22332,87,145,22560.78392579
22333,87,146,7044.1526559
22334,87,147,15826.08555306
22335,87,148,22010.34525514
22336,87,149,12249.97773494
22337,87,150,27144.68664031
22338,87,151,17748.50916043
22339,87,152,21588.3458607
22340,87,153,16485.23291841
22341,87,154,14204.2988412
22342,87,155,23745.00943157
22343,87,156,7567.89142108
22344,87,157,13332.72103037
22345,87,158,28524.16944077
22346,87,159,7027.54919669
22347,87,160,25406.62952433
22348,87,161,22893.83494151
22349,87,162,22544.03911443
22350,87,163,8922.62522107
22351,87,164,21043.06586862
22352,87,165,11064.67424028
22353,87,166,8588.50996855
22354,87,167,15183.44179024
22355,87,168,41451.79038362
22356,87,169,39045.1554746
22357,87,170,40116.39345424
22358,87,171,42812.23374819
22359,87,172,41901.8064352
22360,87,173,42422.24974118
22361,87,174,43607.46428286
22362,87,175,43554.5021344
22363,87,176,44782.03135062
22364,87,177,42091.81089069
22365,87,178,10918.05420775
22366,87,179,7974.29365184
22367,87,180,12859.4267146
22368,87,181,18971.34196564
22369,87,182,23220.88772216
22370,87,183,27558.68741349
22371,87,184,15613.44329005
22372,87,185,9462.69057313
22373,87,186,21919.9920027
22374,87,187,26384.82641281
22375,87,188,40414.86605693
22376,87,189,36224.6559515
22377,87,190,32769.09325032
22378,87,191,35126.48934598
22379,87,192,38230.82494389
22380,87,193,34698.96634873
22381,87,194,33764.28160365
22382,87,195,37084.17880248
22383,87,196,41535.94463913
22384,87,197,33241.90750446
22385,87,198,24495.18351591
22386,87,199,27126.90442388
22387,87,200,49313.68174806
22388,87,201,36820.12626215
22389,87,202,57613.88564994
22390,87,203,53319.10058364
22391,87,204,46261.86820151
22392,87,205,39142.16136233
22393,87,206,33959.46511382
22394,87,207,61485.43181671
22395,87,208,28821.03040465
22396,87,209,7370.57038623
22397,87,210,11752.0944924
22398,87,211,6435.02506053
22399,87,212,34113.68464546
22400,87,213,41448.40274061
22401,87,214,34576.97437338
22402,87,215,17828.68188967
22403,87,216,9736.57185026
22404,87,217,13880.9618263
22405,87,218,14502.09294922
22406,87,219,39944.3657058
22407,87,220,43705.41838874
22408,87,221,13248.42153455
22409,87,222,26259.63244639
22410,87,223,9821.24980905
22411,87,224,47895.80974162
22412,87,225,11201.7619317
22413,87,226,31511.09201666
22414,87,227,20642.09670461
22415,87,228,49751.69336049
22416,87,229,36045.69004244
22417,87,230,37825.23832039
22418,87,231,11434.53818051
22419,87,232,11712.33578127
22420,87,233,11147.39811685
22421,87,234,12761.59561699
22422,87,235,12101.37974936
22423,87,236,10856.05694749
22424,87,237,12492.82272995
22425,87,238,30578.24549004
22426,87,239,25136.54519278
22427,87,240,30454.58661172
22428,87,241,16338.2856354
22429,87,242,21439.04640761
22430,87,243,13628.5991734
22431,87,244,28520.59962291
22432,87,245,27452.96236258
22433,87,246,29606.11710657
22434,87,247,25119.46142862
22435,87,248,26593.20115406
22436,87,249,30772.77226622
22437,87,250,29129.97377661
22438,87,251,25012.55323465
22439,87,252,16739.58185866
22440,87,253,12028.13698241
22441,87,254,30064.67185993
22442,87,255,30196.54726067
22443,87,256,28308.82666887
22444,87,257,25276.66735834
22445,87,258,19405.54851848
22446,88,1,10619.34814165
22447,88,2,15718.06646248
22448,88,3,11624.04568932
22449,88,4,14773.87365882
22450,88,5,15457.89655867
22451,88,6,15222.96197232
22452,88,7,7078.56420608
22453,88,8,13525.4831655
22454,88,9,12696.1277361
22455,88,10,8430.42052239
22456,88,11,7442.59327935
22457,88,12,8515.02605167
22458,88,13,9598.67260094
22459,88,14,14827.10953372
22460,88,15,14444.69267405
22461,88,16,15975.37268632
22462,88,17,15438.65592167
22463,88,18,15133.68782931
22464,88,19,11762.95919939
22465,88,20,14720.3104559
22466,88,21,16984.87085936
22467,88,22,13747.81278587
22468,88,23,9693.65969575
22469,88,24,10793.92414576
22470,88,25,13442.49350911
22471,88,26,11702.60998246
22472,88,27,16313.0138995
22473,88,28,14690.90004837
22474,88,29,10668.53188741
22475,88,30,14909.0278651
22476,88,31,11336.90693143
22477,88,32,12988.5300036
22478,88,33,18300.81113213
22479,88,34,14328.60261181
22480,88,35,12310.62709506
22481,88,36,15841.5831922
22482,88,37,16775.53813174
22483,88,38,11060.91960893
22484,88,39,9632.6775102
22485,88,40,22838.56758419
22486,88,41,16366.65257578
22487,88,42,11406.99715096
22488,88,43,27838.89725237
22489,88,44,15763.29245553
22490,88,45,10840.26647994
22491,88,46,12513.19411689
22492,88,47,33029.86133195
22493,88,48,34018.33229402
22494,88,49,9084.20406775
22495,88,50,29931.1838851
22496,88,51,7890.53599913
22497,88,52,6712.03010903
22498,88,53,6814.20532523
22499,88,54,6188.60761278
22500,88,55,16576.59368587
22501,88,56,6943.92648455
22502,88,57,10941.42840837
22503,88,58,9311.4547427
22504,88,59,6233.26325333
22505,88,60,6934.54131843
22506,88,61,9113.95564649
22507,88,62,12794.60125296
22508,88,63,6565.00926265
22509,88,64,18053.06877866
22510,88,65,6351.31320041
22511,88,66,8221.02599583
22512,88,67,4370.89191969
22513,88,68,3501.55021617
22514,88,69,31687.2551837
22515,88,70,8308.93335878
22516,88,71,41338.07709806
22517,88,72,17597.54396148
22518,88,73,42753.93207421
22519,88,74,33196.62053322
22520,88,75,19827.46607646
22521,88,76,39404.71599844
22522,88,77,43341.64040688
22523,88,78,44293.85950333
22524,88,79,22233.448558
22525,88,80,37319.86357266
22526,88,81,35999.37114016
22527,88,82,25384.64351919
22528,88,83,3151.28486878
22529,88,84,38423.23045222
22530,88,85,27771.05272964
22531,88,86,2061.42867387
22532,88,87,6229.74358627
22533,88,88,0.0
22534,88,89,4550.41404653
22535,88,90,7613.45043596
22536,88,91,10905.63191016
22537,88,92,4534.57943812
22538,88,93,18123.57848648
22539,88,94,15863.67495471
22540,88,95,8913.16407654
22541,88,96,3267.78306059
22542,88,97,7600.5595633
22543,88,98,6326.24182415
22544,88,99,15438.27580292
22545,88,100,2160.08384488
22546,88,101,11999.22203399
22547,88,102,15640.02544219
22548,88,103,8660.57255956
22549,88,104,2480.40277818
22550,88,105,5844.33542546
22551,88,106,17319.54748724
22552,88,107,9849.09544371
22553,88,108,4889.13895937
22554,88,109,2910.34104743
22555,88,110,11197.49126326
22556,88,111,9651.7701025
22557,88,112,17610.41317385
22558,88,113,11485.16153427
22559,88,114,9473.16454381
22560,88,115,13121.45358758
22561,88,116,11131.55377462
22562,88,117,18764.35812143
22563,88,118,10643.48160353
22564,88,119,14525.65308199
22565,88,120,10418.22321962
22566,88,121,19411.43331184
22567,88,122,10640.44228355
22568,88,123,11959.62366605
22569,88,124,13153.06260803
22570,88,125,9938.40251632
22571,88,126,10341.1804611
22572,88,127,10020.07562966
22573,88,128,20132.60795341
22574,88,129,9657.40855068
22575,88,130,15815.1018027
22576,88,131,11320.29552536
22577,88,132,13903.37522648
22578,88,133,11771.26190408
22579,88,134,24308.64031974
22580,88,135,20827.57932928
22581,88,136,18104.5771464
22582,88,137,9245.29850424
22583,88,138,8970.12245745
22584,88,139,19614.50183423
22585,88,140,14908.34899346
22586,88,141,14129.61202554
22587,88,142,23093.50209799
22588,88,143,25637.50517158
22589,88,144,21673.35501296
22590,88,145,24795.33727297
22591,88,146,11063.9269265
22592,88,147,13157.02133467
22593,88,148,17271.96951894
22594,88,149,9392.2850409
22595,88,150,21829.49130322
22596,88,151,14250.01102605
22597,88,152,17008.01100393
22598,88,153,13545.84636435
22599,88,154,11838.74312566
22600,88,155,18454.34094856
22601,88,156,2825.28101602
22602,88,157,10530.14193104
22603,88,158,23092.23989034
22604,88,159,1853.58644196
22605,88,160,20108.10853979
22606,88,161,17793.52593351
22607,88,162,17581.01727041
22608,88,163,5091.3310264
22609,88,164,16610.60306187
22610,88,165,7826.8137544
22611,88,166,4313.65496284
22612,88,167,12742.20069406
22613,88,168,35283.41244162
22614,88,169,32856.47793498
22615,88,170,33946.77676213
22616,88,171,36649.34391295
22617,88,172,35836.06528427
22618,88,173,36325.17242397
22619,88,174,37477.94021285
22620,88,175,37607.40710612
22621,88,176,38945.16431117
22622,88,177,36070.57473283
22623,88,178,11669.92988378
22624,88,179,7243.45604864
22625,88,180,13788.06955985
22626,88,181,19108.97725727
22627,88,182,22962.13081776
22628,88,183,27492.92931414
22629,88,184,16113.77191303
22630,88,185,9216.11426402
22631,88,186,21838.29590549
22632,88,187,26223.03343733
22633,88,188,35021.82997832
22634,88,189,31377.56794507
22635,88,190,29028.23057035
22636,88,191,30599.48682054
22637,88,192,32967.91235058
22638,88,193,30322.35303494
22639,88,194,29682.67537781
22640,88,195,31998.45550429
22641,88,196,35959.87948773
22642,88,197,29765.78106574
22643,88,198,18298.73072643
22644,88,199,20901.02631321
22645,88,200,43976.89146806
22646,88,201,30849.35625004
22647,88,202,52645.92694296
22648,88,203,48209.86948592
22649,88,204,40795.07658107
22650,88,205,33474.25772419
22651,88,206,27834.52685968
22652,88,207,56462.58429738
22653,88,208,22611.99204216
22654,88,209,4819.60245415
22655,88,210,6557.58969461
22656,88,211,8371.42655859
22657,88,212,40327.41150167
22658,88,213,47627.05526846
22659,88,214,31336.31842811
22660,88,215,13838.95073565
22661,88,216,3700.10441382
22662,88,217,8906.54794727
22663,88,218,10097.30262221
22664,88,219,37796.82935108
22665,88,220,41857.30494099
22666,88,221,7476.67309718
22667,88,222,22261.87391205
22668,88,223,3760.46983377
22669,88,224,46342.79404326
22670,88,225,5639.68660995
22671,88,226,27858.50385355
22672,88,227,16493.03708188
22673,88,228,48350.31445092
22674,88,229,33231.8231686
22675,88,230,35336.47693631
22676,88,231,6582.85749149
22677,88,232,6731.74677031
22678,88,233,6453.24686681
22679,88,234,7435.16579724
22680,88,235,6972.43567351
22681,88,236,6365.40194732
22682,88,237,7231.63914805
22683,88,238,31346.34242735
22684,88,239,23948.2332464
22685,88,240,30577.10619591
22686,88,241,14198.14846531
22687,88,242,19977.28514743
22688,88,243,11799.25381455
22689,88,244,27939.87477403
22690,88,245,26914.32698326
22691,88,246,28999.47452183
22692,88,247,24261.45702305
22693,88,248,25988.13957181
22694,88,249,31091.38345339
22695,88,250,30014.66278751
22696,88,251,23511.45804925
22697,88,252,15055.61924461
22698,88,253,10614.03574229
22699,88,254,29626.84276621
22700,88,255,30026.12641086
22701,88,256,29428.48601299
22702,88,257,24659.61805618
22703,88,258,17951.98621693
22704,89,1,12430.9256352
22705,89,2,18849.9769063
22706,89,3,13477.52678928
22707,89,4,16963.51014581
22708,89,5,18420.2221989
22709,89,6,17925.47789354
22710,89,7,8053.69732561
22711,89,8,15487.64043941
22712,89,9,14634.69398978
22713,89,10,8594.41765693
22714,89,11,8746.45687113
22715,89,12,10144.25872782
22716,89,13,11463.50293589
22717,89,14,17244.55305348
22718,89,15,16414.54490696
22719,89,16,19357.4354317
22720,89,17,14838.13948055
22721,89,18,14848.09957559
22722,89,19,14329.0226615
22723,89,20,15600.60597285
22724,89,21,15704.25347791
22725,89,22,18152.57351333
22726,89,23,13415.55568838
22727,89,24,14124.73075525
22728,89,25,14913.37478605
22729,89,26,15998.12286612
22730,89,27,15341.86754399
22731,89,28,15203.12146845
22732,89,29,14907.84246766
22733,89,30,14934.47485876
22734,89,31,14191.34634996
22735,89,32,14698.83660478
22736,89,33,16693.38535084
22737,89,34,15583.2378167
22738,89,35,14586.34146144
22739,89,36,20295.44143418
22740,89,37,21219.62555828
22741,89,38,14128.38356161
22742,89,39,13537.16418298
22743,89,40,20372.46353299
22744,89,41,14845.45022446
22745,89,42,10102.89023136
22746,89,43,25104.12923639
22747,89,44,14109.40914639
22748,89,45,10029.76464528
22749,89,46,10869.20741779
22750,89,47,29977.1296993
22751,89,48,30907.17392379
22752,89,49,8707.33885068
22753,89,50,27094.46295654
22754,89,51,8567.48890901
22755,89,52,7719.61753836
22756,89,53,10672.21254248
22757,89,54,6910.13683593
22758,89,55,20863.86141545
22759,89,56,6043.20411153
22760,89,57,15474.97373187
22761,89,58,13764.06388167
22762,89,59,6377.07028934
22763,89,60,8921.83199985
22764,89,61,7699.87527722
22765,89,62,17335.15587091
22766,89,63,9747.87172917
22767,89,64,22105.4920904
22768,89,65,9060.71049632
22769,89,66,12502.33340473
22770,89,67,8592.56083854
22771,89,68,7968.1973745
22772,89,69,34549.37350519
22773,89,70,11647.56595285
22774,89,71,44081.86019801
22775,89,72,20364.40087159
22776,89,73,45381.50265581
22777,89,74,36014.71811591
22778,89,75,22558.44987893
22779,89,76,42224.35231538
22780,89,77,45606.55534101
22781,89,78,46775.96677211
22782,89,79,24959.44845702
22783,89,80,40081.30506664
22784,89,81,38830.02290637
22785,89,82,28376.83998305
22786,89,83,1542.66418626
22787,89,84,41207.98860406
22788,89,85,30709.53822028
22789,89,86,2606.97884312
22790,89,87,9969.78544192
22791,89,88,4550.41404653
22792,89,89,0.0
22793,89,90,9607.52060616
22794,89,91,12315.40580379
22795,89,92,6497.68051429
22796,89,93,20432.34970301
22797,89,94,17850.28534379
22798,89,95,10207.75842087
22799,89,96,3351.13508091
22800,89,97,6034.51899455
22801,89,98,5186.46270741
22802,89,99,16948.40393593
22803,89,100,2698.28586
22804,89,101,13375.13465763
22805,89,102,17302.40913871
22806,89,103,7129.16152443
22807,89,104,3441.86569815
22808,89,105,7818.53801141
22809,89,106,19348.90797452
22810,89,107,11266.64862618
22811,89,108,4487.84712089
22812,89,109,4824.30127532
22813,89,110,6664.76105222
22814,89,111,7751.96036126
22815,89,112,19401.16878053
22816,89,113,6977.84044005
22817,89,114,9295.56571421
22818,89,115,8933.62597059
22819,89,116,13296.60324911
22820,89,117,20155.75939949
22821,89,118,6741.45385588
22822,89,119,10574.83293046
22823,89,120,7595.18230019
22824,89,121,20690.92706562
22825,89,122,6389.61887734
22826,89,123,14109.39023681
22827,89,124,15491.34940006
22828,89,125,11019.94144249
22829,89,126,7060.80614357
22830,89,127,12275.98059519
22831,89,128,21299.4565282
22832,89,129,10359.05879476
22833,89,130,18100.41697093
22834,89,131,6958.71705688
22835,89,132,16363.47414467
22836,89,133,7520.92685204
22837,89,134,28782.15380431
22838,89,135,25223.58480719
22839,89,136,22518.47263845
22840,89,137,13640.82475087
22841,89,138,13043.98338243
22842,89,139,24011.58052826
22843,89,140,19431.57856912
22844,89,141,18679.66973533
22845,89,142,27580.89629645
22846,89,143,30082.84005101
22847,89,144,26134.78581231
22848,89,145,29181.4402354
22849,89,146,15571.4221268
22850,89,147,16022.78581233
22851,89,148,18021.4470301
22852,89,149,12516.05562213
22853,89,150,21572.57992869
22854,89,151,16437.3430881
22855,89,152,17960.84408653
22856,89,153,16203.65260242
22857,89,154,14993.67471657
22858,89,155,18378.51262089
22859,89,156,6383.5966473
22860,89,157,13553.8979189
22861,89,158,22604.94890109
22862,89,159,5645.86082538
22863,89,160,19944.1783141
22864,89,161,18036.29720373
22865,89,162,18025.25160114
22866,89,163,8425.95670586
22867,89,164,17753.97988471
22868,89,165,10943.40823687
22869,89,166,7582.72833142
22870,89,167,15779.29799677
22871,89,168,32817.73916004
22872,89,169,30300.57642753
22873,89,170,31485.52401348
22874,89,171,34200.03909821
22875,89,172,33759.78158753
22876,89,173,34140.80086804
22877,89,174,35165.19926775
22878,89,175,35845.60841821
22879,89,176,37425.40355192
22880,89,177,34125.84394124
22881,89,178,10763.33315752
22882,89,179,6542.46368052
22883,89,180,12673.17173164
22884,89,181,16941.56260614
22885,89,182,20344.21581348
22886,89,183,24854.48206804
22887,89,184,14427.82438734
22888,89,185,8142.90793027
22889,89,186,19381.5682015
22890,89,187,23558.92536852
22891,89,188,30601.10489382
22892,89,189,26834.13250571
22893,89,190,24606.81284724
22894,89,191,26052.2143505
22895,89,192,28500.14222903
22896,89,193,25785.78058896
22897,89,194,25186.72593731
22898,89,195,27486.62184539
22899,89,196,31627.97001008
22900,89,197,25413.18535222
22901,89,198,15918.03600211
22902,89,199,18146.37443146
22903,89,200,39541.09512288
22904,89,201,26880.31621652
22905,89,202,48124.51388697
22906,89,203,43712.45296273
22907,89,204,36409.9425008
22908,89,205,29199.10848751
22909,89,206,24178.97212655
22910,89,207,51951.1948264
22911,89,208,19349.83290153
22912,89,209,8877.83746102
22913,89,210,8094.57788428
22914,89,211,12913.1952087
22915,89,212,43444.37357031
22916,89,213,50547.28377692
22917,89,214,27048.22315344
22918,89,215,9493.22199709
22919,89,216,1773.77240486
22920,89,217,4364.97495672
22921,89,218,5700.8996981
22922,89,219,33885.05169824
22923,89,220,38050.67343945
22924,89,221,3320.64857632
22925,89,222,17810.36600282
22926,89,223,4639.33786754
22927,89,224,42644.72979216
22928,89,225,1236.86283634
22929,89,226,23465.49719327
22930,89,227,12049.02615912
22931,89,228,44712.6795195
22932,89,229,29081.67638578
22933,89,230,31298.8904852
22934,89,231,8565.45513561
22935,89,232,8514.22467494
22936,89,233,8651.24413691
22937,89,234,8537.10958058
22938,89,235,8490.78655237
22939,89,236,8798.94215275
22940,89,237,8487.58537863
22941,89,238,35290.60515351
22942,89,239,27180.45947537
22943,89,240,34289.59380014
22944,89,241,17304.90940404
22945,89,242,23181.15775606
22946,89,243,15237.7729471
22947,89,244,31387.00208813
22948,89,245,30397.55618327
22949,89,246,32418.05013288
22950,89,247,27648.2286108
22951,89,248,29457.65301285
22952,89,249,34874.92110844
22953,89,250,34010.47928219
22954,89,251,26590.77200494
22955,89,252,18354.77553515
22956,89,253,14332.53910571
22957,89,254,33113.47230105
22958,89,255,33624.46754207
22959,89,256,33504.1234261
22960,89,257,28149.11769349
22961,89,258,21233.6352997
22962,90,1,3012.12064307
22963,90,2,9520.06576968
22964,90,3,4036.45568686
22965,90,4,7391.89741121
22966,90,5,8970.37338602
22967,90,6,8356.91057542
22968,90,7,2191.77618037
22969,90,8,5999.50205441
22970,90,9,5150.95862127
22971,90,10,3543.08046017
22972,90,11,1454.04836937
22973,90,12,1074.57054937
22974,90,13,1990.02851121
22975,90,14,7637.26415677
22976,90,15,6930.9799032
22977,90,16,10279.6629561
22978,90,17,9361.40422329
22979,90,18,8709.48048039
22980,90,19,4767.32276824
22981,90,20,7289.60617889
22982,90,21,11626.66087152
22983,90,22,12180.74480671
22984,90,23,5755.98779694
22985,90,24,5418.88204229
22986,90,25,5834.76231398
22987,90,26,9759.71181458
22988,90,27,10609.73285521
22989,90,28,7511.17067629
22990,90,29,8638.8834959
22991,90,30,8163.85460202
22992,90,31,4825.99105155
22993,90,32,5382.98675362
22994,90,33,13263.36981615
22995,90,34,6753.35806345
22996,90,35,4982.40169613
22997,90,36,14419.30061159
22998,90,37,15168.94391598
22999,90,38,5008.86171268
23000,90,39,6379.17957935
23001,90,40,18758.82016135
23002,90,41,11447.4429114
23003,90,42,7334.13042156
23004,90,43,23932.30666253
23005,90,44,11145.13047546
23006,90,45,6184.98493918
23007,90,46,8624.18968369
23008,90,47,29516.18837323
23009,90,48,30589.62716295
23010,90,49,4643.58089367
23011,90,50,26117.75130545
23012,90,51,2573.74094955
23013,90,52,2313.40833934
23014,90,53,4709.09212634
23015,90,54,3072.6734593
23016,90,55,19485.59326883
23017,90,56,5277.18776871
23018,90,57,11329.60504607
23019,90,58,9101.4191805
23020,90,59,3910.58494116
23021,90,60,704.70451327
23022,90,61,6389.84798409
23023,90,62,14073.82029133
23024,90,63,2686.52088344
23025,90,64,21739.2207851
23026,90,65,1750.76174856
23027,90,66,7213.07206699
23028,90,67,9984.17469028
23029,90,68,8671.01849545
23030,90,69,37281.69643576
23031,90,70,14506.49607584
23032,90,71,46951.13985468
23033,90,72,23732.31735497
23034,90,73,48506.22651901
23035,90,74,38824.53215285
23036,90,75,25911.69719796
23037,90,76,44936.04215852
23038,90,77,49518.4320775
23039,90,78,50213.15009683
23040,90,79,28240.19004901
23041,90,80,42960.58378285
23042,90,81,41563.64664721
23043,90,82,30942.88629487
23044,90,83,8315.91759705
23045,90,84,44016.60235396
23046,90,85,33342.76105202
23047,90,86,7775.81616928
23048,90,87,12237.29363666
23049,90,88,7613.45043596
23050,90,89,9607.52060616
23051,90,90,0.0
23052,90,91,3365.22472175
23053,90,92,3245.63068263
23054,90,93,10847.32810226
23055,90,94,8369.48285334
23056,90,95,1782.0536275
23057,90,96,10542.85988366
23058,90,97,14821.06922516
23059,90,98,13621.54350586
23060,90,99,7824.9478896
23061,90,100,9011.30589474
23062,90,101,4433.08238596
23063,90,102,8040.63175923
23064,90,103,15938.2452441
23065,90,104,6434.61718685
23066,90,105,1847.72066639
23067,90,106,9856.74917896
23068,90,107,2381.91145579
23069,90,108,12283.60264131
23070,90,109,5101.1127576
23071,90,110,14334.00761108
23072,90,111,7408.20727359
23073,90,112,10051.421792
23074,90,113,15570.01947503
23075,90,114,4449.92265792
23076,90,115,18176.21990476
23077,90,116,3701.89870541
23078,90,117,11150.91313472
23079,90,118,11660.27630307
23080,90,119,19996.13540179
23081,90,120,9382.11335051
23082,90,121,11801.57147334
23083,90,122,12574.51236863
23084,90,123,4526.31945926
23085,90,124,5885.03111344
23086,90,125,2784.43784048
23087,90,126,10179.44489456
23088,90,127,2669.78090902
23089,90,128,12532.45987492
23090,90,129,3108.11640965
23091,90,130,8511.10823981
23092,90,131,16026.58780783
23093,90,132,6757.70225033
23094,90,133,16742.69098322
23095,90,134,22477.07839778
23096,90,135,18535.61084666
23097,90,136,16132.92974633
23098,90,137,12666.86597409
23099,90,138,13687.56285746
23100,90,139,17406.60508236
23101,90,140,14428.22434509
23102,90,141,14775.52624865
23103,90,142,21465.01569074
23104,90,143,23493.54388212
23105,90,144,19859.15716159
23106,90,145,22242.66253019
23107,90,146,13210.19433479
23108,90,147,6575.36373948
23109,90,148,9834.08602919
23110,90,149,3760.80188377
23111,90,150,14943.18224967
23112,90,151,6862.80339316
23113,90,152,9487.49711896
23114,90,153,6641.53100334
23115,90,154,5901.06729129
23116,90,155,11552.69133562
23117,90,156,4972.48849447
23118,90,157,4445.72631659
23119,90,158,16367.62191978
23120,90,159,5853.30534982
23121,90,160,13207.29742946
23122,90,161,10659.03555786
23123,90,162,10311.05064537
23124,90,163,3348.89609982
23125,90,164,9036.37207152
23126,90,165,2781.44795571
23127,90,166,3675.7642451
23128,90,167,6489.7541693
23129,90,168,30637.9274996
23130,90,169,28433.02188159
23131,90,170,29331.95444134
23132,90,171,31941.97337811
23133,90,172,30582.52985598
23134,90,173,31217.02412108
23135,90,174,32536.27931075
23136,90,175,31892.59230068
23137,90,176,32913.96645453
23138,90,177,30628.09747436
23139,90,178,19192.48028127
23140,90,179,14710.88180039
23141,90,180,21289.77030444
23142,90,181,26275.11726325
23143,90,182,29871.55951302
23144,90,183,34398.68488083
23145,90,184,23468.68633004
23146,90,185,16654.45727835
23147,90,186,28852.06111593
23148,90,187,33107.20838092
23149,90,188,35650.79564879
23150,90,189,33352.97564423
23151,90,190,32860.33559525
23152,90,191,33190.04262092
23153,90,192,33989.157433
23154,90,193,33174.67074337
23155,90,194,33015.42849367
23156,90,195,33459.06466243
23157,90,196,36057.89484296
23158,90,197,33905.25015885
23159,90,198,14515.71182766
23160,90,199,17510.77599032
23161,90,200,44518.24072136
23162,90,201,29694.98389662
23163,90,202,53867.13481143
23164,90,203,49201.44702475
23165,90,204,41071.04761481
23166,90,205,33372.03763646
23167,90,206,25919.29977208
23168,90,207,57516.56009398
23169,90,208,20101.19392844
23170,90,209,5107.37298791
23171,90,210,1585.85137582
23172,90,211,9668.20776828
23173,90,212,45387.56173062
23174,90,213,52916.44532666
23175,90,214,35700.94765441
23176,90,215,18448.1737673
23177,90,216,7833.7482086
23178,90,217,13028.78193305
23179,90,218,14789.66977655
23180,90,219,43110.34904082
23181,90,220,47362.80692277
23182,90,221,10280.60974914
23183,90,222,26090.67963525
23184,90,223,4978.02304695
23185,90,224,52032.01092325
23186,90,225,9840.36312778
23187,90,226,31852.86652659
23188,90,227,20585.86436045
23189,90,228,54137.22428121
23190,90,229,38006.89182906
23191,90,230,40384.22445968
23192,90,231,1072.11385873
23193,90,232,1101.52970649
23194,90,233,1165.82025449
23195,90,234,1839.69082043
23196,90,235,1293.49079188
23197,90,236,1382.06910202
23198,90,237,1620.89832105
23199,90,238,26709.12283591
23200,90,239,17785.33400394
23201,90,240,25321.0823242
23202,90,241,8008.07917333
23203,90,242,13815.01724482
23204,90,243,6564.71256484
23205,90,244,22132.66472521
23206,90,245,21190.29971427
23207,90,246,23127.45295013
23208,90,247,18377.37516697
23209,90,248,20247.02437297
23210,90,249,26007.13554521
23211,90,250,25560.89931519
23212,90,251,17104.51151092
23213,90,252,9219.59026563
23214,90,253,6431.8363336
23215,90,254,23882.39545857
23216,90,255,24512.47806833
23217,90,256,25258.70965038
23218,90,257,18977.58191814
23219,90,258,11977.38016177
23220,91,1,1093.11814317
23221,91,2,8452.65002887
23222,91,3,1579.77168783
23223,91,4,4996.63012842
23224,91,5,7673.4014568
23225,91,6,6685.58435062
23226,91,7,4262.45011216
23227,91,8,3388.50404331
23228,91,9,2610.30292732
23229,91,10,4210.87775285
23230,91,11,3616.01742449
23231,91,12,2390.90339021
23232,91,13,1614.73712986
23233,91,14,5577.39125599
23234,91,15,4253.87290018
23235,91,16,9575.31538188
23236,91,17,6883.70775028
23237,91,18,6024.65536824
23238,91,19,3766.02676464
23239,91,20,3936.8288746
23240,91,21,9451.76878221
23241,91,22,13687.43119844
23242,91,23,7267.90005007
23243,91,24,6053.76199742
23244,91,25,2610.96451215
23245,91,26,11389.60369655
23246,91,27,8288.139923
23247,91,28,4303.09775415
23248,91,29,10404.69911331
23249,91,30,5265.57521607
23250,91,31,4531.6338912
23251,91,32,2434.11014186
23252,91,33,11172.26982251
23253,91,34,3424.37837957
23254,91,35,3196.03143049
23255,91,36,15799.60547407
23256,91,37,16418.1925888
23257,91,38,5171.94969991
23258,91,39,8071.75369952
23259,91,40,16928.43532316
23260,91,41,9569.29237227
23261,91,42,6721.83851972
23262,91,43,22037.19528405
23263,91,44,9488.62695096
23264,91,45,5514.66243915
23265,91,46,7822.02345649
23266,91,47,27700.39205825
23267,91,48,28796.48376698
23268,91,49,4885.33627591
23269,91,50,24221.3306082
23270,91,51,3828.9059996
23271,91,52,4604.20073218
23272,91,53,7407.2240643
23273,91,54,5405.34431286
23274,91,55,22089.00853756
23275,91,56,6891.52655836
23276,91,57,13624.9926858
23277,91,58,11458.7410991
23278,91,59,6002.16262196
23279,91,60,3995.33981201
23280,91,61,6955.08391655
23281,91,62,16435.35969894
23282,91,63,5636.52971677
23283,91,64,24495.97226592
23284,91,65,5009.14056217
23285,91,66,9623.47540266
23286,91,67,13311.37403031
23287,91,68,12003.9300563
23288,91,69,40374.16013235
23289,91,70,17820.0392602
23290,91,71,50023.31915788
23291,91,72,26981.62536237
23292,91,73,51608.94498522
23293,91,74,41920.00578607
23294,91,75,29143.48112388
23295,91,76,47992.73329039
23296,91,77,52715.87529584
23297,91,78,53352.3036881
23298,91,79,31449.20381707
23299,91,80,46048.2200997
23300,91,81,44636.68708783
23301,91,82,34051.22159278
23302,91,83,11198.54704359
23303,91,84,47090.47379195
23304,91,85,36443.97131194
23305,91,86,10828.14432294
23306,91,87,15557.15353822
23307,91,88,10905.63191016
23308,91,89,12315.40580379
23309,91,90,3365.22472175
23310,91,91,0.0
23311,91,92,6408.53485428
23312,91,93,8390.64830479
23313,91,94,5639.93853482
23314,91,95,2113.74136471
23315,91,96,13692.70868503
23316,91,97,17876.25060677
23317,91,98,16721.58112119
23318,91,99,4651.63008602
23319,91,100,12130.60717664
23320,91,101,1098.37726381
23321,91,102,4987.16926343
23322,91,103,19002.78472031
23323,91,104,9452.02758745
23324,91,105,5061.36960492
23325,91,106,7124.64348186
23326,91,107,1073.59467766
23327,91,108,15438.70323109
23328,91,109,8227.50615259
23329,91,110,16043.15562336
23330,91,111,7903.84255891
23331,91,112,7091.27786136
23332,91,113,17539.26945895
23333,91,114,4323.57626264
23334,91,115,20379.75770524
23335,91,116,2230.70880939
23336,91,117,7932.80410416
23337,91,118,12825.47020391
23338,91,119,22300.92060167
23339,91,120,10014.16542804
23340,91,121,8540.16533411
23341,91,122,13992.90866833
23342,91,123,2606.66992962
23343,91,124,3982.57308228
23344,91,125,1419.40769036
23345,91,126,11066.04848419
23346,91,127,2353.49845656
23347,91,128,9237.61717543
23348,91,129,2376.50978657
23349,91,130,6159.32531919
23350,91,131,18190.44723996
23351,91,132,4911.18735841
23352,91,133,18968.65984695
23353,91,134,23281.72160411
23354,91,135,19282.0055899
23355,91,136,17158.08795046
23356,91,137,15620.79871728
23357,91,138,16829.62121943
23358,91,139,18249.67527889
23359,91,140,16182.38131776
23360,91,141,16900.56211001
23361,91,142,22396.14963413
23362,91,143,24121.10349483
23363,91,144,20768.64169511
23364,91,145,22714.2160078
23365,91,146,15855.87059234
23366,91,147,5603.53510209
23367,91,148,6472.15209184
23368,91,149,4958.90870159
23369,91,150,11756.32776257
23370,91,151,4520.05585048
23371,91,152,6126.56007803
23372,91,153,5209.81641126
23373,91,154,5850.39273879
23374,91,155,8408.77321424
23375,91,156,8330.09887412
23376,91,157,4832.87706845
23377,91,158,13239.14256348
23378,91,159,9190.03840019
23379,91,160,10035.09690961
23380,91,161,7406.30507166
23381,91,162,6998.99714766
23382,91,163,6634.87937698
23383,91,164,5705.01957819
23384,91,165,5057.38767841
23385,91,166,7034.7816664
23386,91,167,5930.86522552
23387,91,168,28291.80151424
23388,91,169,26214.63847443
23389,91,170,27014.65351239
23390,91,171,29554.83196311
23391,91,172,27967.6526545
23392,91,173,28660.1285345
23393,91,174,30040.6479181
23394,91,175,29071.21986568
23395,91,176,29958.58787629
23396,91,177,27930.91413305
23397,91,178,22362.3020144
23398,91,179,17872.12526894
23399,91,180,24437.8742683
23400,91,181,29209.53437029
23401,91,182,32656.79816206
23402,91,183,37160.11766743
23403,91,184,26518.32770421
23404,91,185,19786.9881838
23405,91,186,31695.02774953
23406,91,187,35863.33530541
23407,91,188,35605.66453574
23408,91,189,33934.49271555
23409,91,190,34252.67521659
23410,91,191,34041.4633676
23411,91,192,34142.53680771
23412,91,193,34139.67082306
23413,91,194,34190.3402848
23414,91,195,33813.95392654
23415,91,196,35771.78036488
23416,91,197,35416.51710293
23417,91,198,13061.10899789
23418,91,199,16090.17565898
23419,91,200,44330.46762814
23420,91,201,28956.80132735
23421,91,202,53907.87143955
23422,91,203,49173.05244182
23423,91,204,40800.94250564
23424,91,205,33038.33868788
23425,91,206,24918.25978617
23426,91,207,57461.39093621
23427,91,208,19004.97842474
23428,91,209,8292.40180522
23429,91,210,4415.73337914
23430,91,211,12372.47967049
23431,91,212,48322.97997067
23432,91,213,55894.26369201
23433,91,214,37289.21995774
23434,91,215,20478.80730819
23435,91,216,10576.50295535
23436,91,217,15172.09175132
23437,91,218,17009.61255887
23438,91,219,45062.52672793
23439,91,220,49381.3463373
23440,91,221,12276.80607782
23441,91,222,27599.41007974
23442,91,223,7870.97407189
23443,91,224,54118.24604249
23444,91,225,12306.50464005
23445,91,226,33329.23026488
23446,91,227,22347.05162328
23447,91,228,56263.38931151
23448,91,229,39753.35169551
23449,91,230,42233.52583861
23450,91,231,4332.82212917
23451,91,232,4176.05638267
23452,91,233,4519.96507434
23453,91,234,3783.07803069
23454,91,235,3991.25479293
23455,91,236,4735.85839238
23456,91,237,3867.55153147
23457,91,238,25928.90197113
23458,91,239,16199.35281668
23459,91,240,24184.77734274
23460,91,241,7179.26953698
23461,91,242,12407.83816632
23462,91,243,6942.52230559
23463,91,244,20692.35565306
23464,91,245,19833.86934954
23465,91,246,21617.70383363
23466,91,247,16989.43415624
23467,91,248,18905.03247665
23468,91,249,24966.61607093
23469,91,250,24914.8360849
23470,91,251,15337.90239421
23471,91,252,8533.821138
23472,91,253,7590.502546
23473,91,254,22447.2110612
23474,91,255,23222.77569241
23475,91,256,24784.83453759
23476,91,257,17719.18293607
23477,91,258,10862.4711014
23478,92,1,6235.24840474
23479,92,2,12365.76904183
23480,92,3,7272.04540023
23481,92,4,10624.84717612
23482,92,5,11922.88826184
23483,92,6,11443.89023875
23484,92,7,2626.77373557
23485,92,8,9244.81890184
23486,92,9,8395.38452665
23487,92,10,4209.76384984
23488,92,11,2909.7130146
23489,92,12,4030.91337649
23490,92,13,5218.33270685
23491,92,14,10824.42797278
23492,92,15,10176.47412226
23493,92,16,12931.99469554
23494,92,17,11193.63660674
23495,92,18,10778.86295385
23496,92,19,7853.74209181
23497,92,20,10187.26533764
23498,92,21,13025.64265105
23499,92,22,13072.40273468
23500,92,23,7344.17516681
23501,92,24,7743.90437217
23502,92,25,8983.8927865
23503,92,26,10694.81462843
23504,92,27,12211.36188875
23505,92,28,10169.49214657
23506,92,29,9534.24228222
23507,92,30,10468.61540934
23508,92,31,7694.48953047
23509,92,32,8597.66950297
23510,92,33,14494.67532021
23511,92,34,9831.40677685
23512,92,35,8192.4101448
23513,92,36,15329.55742794
23514,92,37,16181.07415348
23515,92,38,7658.22596806
23516,92,39,7671.73801902
23517,92,40,19528.73943114
23518,92,41,12572.3989848
23519,92,42,7777.80316479
23520,92,43,24662.68441691
23521,92,44,12081.54954292
23522,92,45,6933.90081994
23523,92,46,9030.45922823
23524,92,47,30085.89318466
23525,92,48,31123.34177894
23526,92,49,5099.95539266
23527,92,50,26816.72683948
23528,92,51,3484.05118283
23529,92,52,2282.49982096
23530,92,53,5033.41150648
23531,92,54,2034.95275611
23532,92,55,18670.71333434
23533,92,56,3933.51976218
23534,92,57,11307.25911801
23535,92,58,9177.82931879
23536,92,59,2561.41569004
23537,92,60,2541.00200213
23538,92,61,5907.82986882
23539,92,62,13801.4907887
23540,92,63,3491.61996372
23541,92,64,20627.39860664
23542,92,65,2605.19770804
23543,92,66,7452.09731521
23544,92,67,7708.55709814
23545,92,68,6421.69501242
23546,92,69,35406.98879827
23547,92,70,12181.91259043
23548,92,71,45088.5553467
23549,92,72,21539.29320677
23550,92,73,46576.71365839
23551,92,74,36937.64982673
23552,92,75,23755.35873684
23553,92,76,43110.1069465
23554,92,77,47372.85719518
23555,92,78,48201.50666724
23556,92,79,26132.6475617
23557,92,80,41076.86716191
23558,92,81,39714.49606618
23559,92,82,29063.43052884
23560,92,83,5124.17605447
23561,92,84,42158.35195205
23562,92,85,31466.38927072
23563,92,86,4531.55321996
23564,92,87,9929.92887275
23565,92,88,4534.57943812
23566,92,89,6497.68051429
23567,92,90,3245.63068263
23568,92,91,6408.53485428
23569,92,92,0.0
23570,92,93,14067.36136788
23571,92,94,11615.11241783
23572,92,95,4381.91498082
23573,92,96,7313.71236235
23574,92,97,11576.12321822
23575,92,98,10381.42891616
23576,92,99,11005.85326562
23577,92,100,5771.1743939
23578,92,101,7506.53478072
23579,92,102,11256.34446552
23580,92,103,12694.26987901
23581,92,104,3203.7999766
23582,92,105,1398.11060995
23583,92,106,13101.92402372
23584,92,107,5341.36966046
23585,92,108,9058.24926613
23586,92,109,1855.87965115
23587,92,110,11890.52938748
23588,92,111,6764.28959456
23589,92,112,13287.74451772
23590,92,113,12883.92657358
23591,92,114,5326.45829005
23592,92,115,15284.0209717
23593,92,116,6930.7707344
23594,92,117,14319.87157162
23595,92,118,9836.00401774
23596,92,119,17024.4646894
23597,92,120,8293.13449977
23598,92,121,14944.0877842
23599,92,122,10458.07374012
23600,92,123,7760.28736191
23601,92,124,9083.91524408
23602,92,125,5403.83087823
23603,92,126,8747.42352631
23604,92,127,5861.00821295
23605,92,128,15646.11581227
23606,92,129,5164.44894822
23607,92,130,11731.24867175
23608,92,131,13187.05712477
23609,92,132,9925.40317872
23610,92,133,13850.51783937
23611,92,134,23719.06851067
23612,92,135,19912.74632486
23613,92,136,17326.45420357
23614,92,137,11423.9232893
23615,92,138,11955.87596049
23616,92,139,18727.78828698
23617,92,140,14929.43284993
23618,92,141,14801.9749108
23619,92,142,22609.25434573
23620,92,143,24876.48655673
23621,92,144,21057.43319248
23622,92,145,23779.79870847
23623,92,146,12529.67213475
23624,92,147,9525.11519062
23625,92,148,12737.95108075
23626,92,149,6085.7762438
23627,92,150,17391.36043054
23628,92,151,10095.39385737
23629,92,152,12484.01410483
23630,92,153,9722.66186472
23631,92,154,8535.90779359
23632,92,155,13999.63839173
23633,92,156,2375.90235038
23634,92,157,7080.14752473
23635,92,158,18704.37020567
23636,92,159,2980.72798987
23637,92,160,15660.31706858
23638,92,161,13287.6811097
23639,92,162,13055.21367503
23640,92,163,2581.13197708
23641,92,164,12107.27165879
23642,92,165,4560.88515767
23643,92,166,2022.39371501
23644,92,167,9293.04270026
23645,92,168,31794.91691603
23646,92,169,29462.2913822
23647,92,170,30466.88059179
23648,92,171,33137.09911359
23649,92,172,32069.22013249
23650,92,173,32625.76670148
23651,92,174,33859.07500274
23652,92,175,33643.68877643
23653,92,176,34852.15829714
23654,92,177,32220.55429087
23655,92,178,15977.4889284
23656,92,179,11489.88505014
23657,92,180,18066.442858
23658,92,181,23033.39005534
23659,92,182,26656.93709475
23660,92,183,31187.91449378
23661,92,184,20224.77699409
23662,92,185,13423.98524128
23663,92,186,25624.29688208
23664,92,187,29898.5652821
23665,92,188,34407.57086084
23666,92,189,31576.8801141
23667,92,190,30436.81648879
23668,92,191,31189.64792854
23669,92,192,32580.77210672
23670,92,193,31081.96188399
23671,92,194,30757.16615059
23672,92,195,31877.33915546
23673,92,196,35032.58182811
23674,92,197,31388.8666315
23675,92,198,15057.63442704
23676,92,199,17900.42257958
23677,92,200,43349.69252635
23678,92,201,29161.3357808
23679,92,202,52456.21461749
23680,92,203,47868.43705124
23681,92,204,39996.76607009
23682,92,205,32413.80942216
23683,92,206,25695.99662641
23684,92,207,56179.37428737
23685,92,208,20090.84286867
23686,92,209,4061.51847056
23687,92,210,2023.40713407
23688,92,211,9115.41133116
23689,92,212,43790.58844923
23690,92,213,51222.51346993
23691,92,214,33121.75773144
23692,92,215,15673.1584255
23693,92,216,4740.76596571
23694,92,217,10260.13487241
23695,92,218,11928.15936735
23696,92,219,40271.07133499
23697,92,220,44477.1104841
23698,92,221,7739.06045089
23699,92,222,23625.24626
23700,92,223,1898.52577491
23701,92,224,49102.0628787
23702,92,225,6901.81835371
23703,92,226,29372.45740233
23704,92,227,17984.25383223
23705,92,228,51183.29552958
23706,92,229,35311.10276157
23707,92,230,37614.84860828
23708,92,231,2173.66006767
23709,92,232,2244.19683667
23710,92,233,2179.23413275
23711,92,234,2928.08640836
23712,92,235,2440.62060496
23713,92,236,2301.49531803
23714,92,237,2705.68295221
23715,92,238,29108.4635431
23716,92,239,20694.3810588
23717,92,240,27943.53203044
23718,92,241,10822.3176572
23719,92,242,16697.05410105
23720,92,243,8887.66119359
23721,92,244,24938.4621251
23722,92,245,23962.0292471
23723,92,246,25960.11645201
23724,92,247,21190.94286134
23725,92,248,23019.89021187
23726,92,249,28569.7858446
23727,92,250,27884.16290915
23728,92,251,20093.49109299
23729,92,252,11909.43120672
23730,92,253,8214.26863547
23731,92,254,26673.58297495
23732,92,255,27224.47238293
23733,92,256,27470.59394543
23734,92,257,21721.42438245
23735,92,258,14769.16326183
23736,93,1,8035.25076124
23737,93,2,4583.59112104
23738,93,3,7006.14193907
23739,93,4,3471.4044733
23740,93,5,3956.06502929
23741,93,6,3288.48563872
23742,93,7,12483.78292343
23743,93,8,5017.34246375
23744,93,9,5849.29576188
23745,93,10,12595.00269323
23746,93,11,11732.36843636
23747,93,12,10308.00518214
23748,93,13,8973.35664479
23749,93,14,3298.86132954
23750,93,15,4138.20575169
23751,93,16,5832.83768549
23752,93,17,11895.46215396
23753,93,18,10857.22688781
23754,93,19,6367.12060098
23755,93,20,7078.53825638
23756,93,21,14413.32979612
23757,93,22,13751.95402308
23758,93,23,9984.15223996
23759,93,24,8176.82930001
23760,93,25,6132.36368132
23761,93,26,12431.88395612
23762,93,27,13213.10549541
23763,93,28,8300.03078307
23764,93,29,12112.29853957
23765,93,30,9854.20568802
23766,93,31,6945.36407476
23767,93,32,5976.49049374
23768,93,33,15964.19776548
23769,93,34,6102.4286741
23770,93,35,5875.20862354
23771,93,36,15063.4489003
23772,93,37,15224.298828
23773,93,38,7458.98879692
23774,93,39,10663.64323361
23775,93,40,21546.8650544
23776,93,41,15123.87298043
23777,93,42,14379.02337036
23778,93,43,26095.92654782
23779,93,44,15455.38554788
23780,93,45,13319.61161749
23781,93,46,15159.6788342
23782,93,47,31655.93628952
23783,93,48,32762.65463087
23784,93,49,13169.87968891
23785,93,50,28144.82442051
23786,93,51,12185.81729689
23787,93,52,12781.61533089
23788,93,53,12250.875064
23789,93,54,13611.38976827
23790,93,55,24043.26117156
23791,93,56,15278.94386206
23792,93,57,15743.60674495
23793,93,58,14243.74621713
23794,93,59,14302.85169942
23795,93,60,11546.42782235
23796,93,61,15202.27071903
23797,93,62,18247.83233372
23798,93,63,11635.72543685
23799,93,64,26823.12176702
23800,93,65,11786.64191925
23801,93,66,13071.44447183
23802,93,67,19135.77838308
23803,93,68,17987.35803579
23804,93,69,43605.42943756
23805,93,70,23228.20642515
23806,93,71,52984.71541662
23807,93,72,31505.77767178
23808,93,73,54716.98684023
23809,93,74,45137.43981378
23810,93,75,33479.16999828
23811,93,76,50901.31096862
23812,93,77,56389.45382842
23813,93,78,56650.26717792
23814,93,79,35569.37647914
23815,93,80,49151.84505673
23816,93,81,47685.23740296
23817,93,82,37515.44772677
23818,93,83,19163.24528134
23819,93,84,50103.67569046
23820,93,85,39808.87922829
23821,93,86,18589.97220298
23822,93,87,21156.07590853
23823,93,88,18123.57848648
23824,93,89,20432.34970301
23825,93,90,10847.32810226
23826,93,91,8390.64830479
23827,93,92,14067.36136788
23828,93,93,0.0
23829,93,94,2832.65676422
23830,93,95,10369.7518597
23831,93,96,21252.42956472
23832,93,97,25586.90133193
23833,93,98,24355.20415208
23834,93,99,4615.81171849
23835,93,100,19770.05228656
23836,93,101,7516.1603284
23837,93,102,3985.42295094
23838,93,103,26690.48010893
23839,93,104,17270.32577788
23840,93,105,12680.98455751
23841,93,106,1618.69356896
23842,93,107,9329.01132995
23843,93,108,22966.35313128
23844,93,109,15908.04376371
23845,93,110,24422.51979266
23846,93,111,16078.35120097
23847,93,112,2528.30017584
23848,93,113,25929.23322846
23849,93,114,12558.3456837
23850,93,115,28747.19860156
23851,93,116,7145.47361907
23852,93,117,4278.18422589
23853,93,118,21104.55821796
23854,93,119,30646.82266747
23855,93,120,18153.36617362
23856,93,121,4902.96830898
23857,93,122,22330.34290946
23858,93,123,6325.01135523
23859,93,124,4992.21636238
23860,93,125,9807.47766507
23861,93,126,19279.37271627
23862,93,127,8207.16907999
23863,93,128,5619.0052656
23864,93,129,10724.44473648
23865,93,130,2336.55886138
23866,93,131,26561.88655622
23867,93,132,4224.32049447
23868,93,133,27329.25668573
23869,93,134,20050.55462048
23870,93,135,16346.9160945
23871,93,136,15255.74441403
23872,93,137,19438.91764696
23873,93,138,21294.25684935
23874,93,139,15706.33951604
23875,93,140,16351.77316953
23876,93,141,17964.58162987
23877,93,142,19564.10797482
23878,93,143,20385.9394562
23879,93,144,18056.2079263
23880,93,145,18725.34174399
23881,93,146,18609.41619283
23882,93,147,5334.83618065
23883,93,148,6917.00989534
23884,93,149,8993.53832734
23885,93,150,12109.95521063
23886,93,151,3995.56279697
23887,93,152,6136.93102088
23888,93,153,4693.56621292
23889,93,154,6984.68849479
23890,93,155,10243.30132267
23891,93,156,15304.57523298
23892,93,157,7863.36741764
23893,93,158,13668.63449128
23894,93,159,16272.49415348
23895,93,160,11035.35519324
23896,93,161,8913.23066731
23897,93,162,8114.87059893
23898,93,163,13088.955027
23899,93,164,5463.81117181
23900,93,165,10416.38684172
23901,93,166,13818.35034794
23902,93,167,6018.4260037
23903,93,168,30699.04041149
23904,93,169,29132.43234995
23905,93,170,29580.04746318
23906,93,171,31765.91588728
23907,93,172,29424.36919944
23908,93,173,30305.6419459
23909,93,174,31848.80103042
23910,93,175,29586.32636759
23911,93,176,29755.99921608
23912,93,177,29054.95634795
23913,93,178,29790.26553349
23914,93,179,25360.10001436
23915,93,180,31910.72309729
23916,93,181,37086.12047697
23917,93,182,40718.25842586
23918,93,183,45245.96015831
23919,93,184,34204.52583266
23920,93,185,27328.27864951
23921,93,186,39691.65237574
23922,93,187,43954.5360208
23923,93,188,42563.88013965
23924,93,189,41598.49777012
23925,93,190,42483.50613717
23926,93,191,41934.31709155
23927,93,192,41360.02233166
23928,93,193,42116.83550788
23929,93,194,42305.31935123
23930,93,195,41256.39565733
23931,93,196,42404.1187936
23932,93,197,43696.08659664
23933,93,198,18843.31790491
23934,93,199,21626.18026197
23935,93,200,50998.59278905
23936,93,201,35041.98066375
23937,93,202,60815.94007784
23938,93,203,56020.19469154
23939,93,204,47389.46650033
23940,93,205,39647.37909846
23941,93,206,30692.14527606
23942,93,207,64217.55402772
23943,93,208,24899.08013587
23944,93,209,14062.3198118
23945,93,210,12337.8823999
23946,93,211,15877.92345229
23947,93,212,50631.2513271
23948,93,213,58298.6481932
23949,93,214,45594.44956847
23950,93,215,28867.55129636
23951,93,216,18660.98159352
23952,93,217,23541.06622647
23953,93,218,25367.72019408
23954,93,219,53447.47308812
23955,93,220,57770.70911886
23956,93,221,20658.25840162
23957,93,222,35897.64238491
23958,93,223,15821.03262993
23959,93,224,62508.84887838
23960,93,225,20564.08311838
23961,93,226,41599.45155808
23962,93,227,30721.24173711
23963,93,228,64652.91695619
23964,93,229,48103.97299298
23965,93,230,50604.86003386
23966,93,231,11911.22724769
23967,93,232,11927.05124113
23968,93,233,11893.92782245
23969,93,234,11992.63541775
23970,93,235,11945.21966558
23971,93,236,11858.79859696
23972,93,237,11991.11939579
23973,93,238,19099.15649021
23974,93,239,8498.1685679
23975,93,240,16825.85836349
23976,93,241,5199.74831438
23977,93,242,5556.63216623
23978,93,243,7780.31463411
23979,93,244,12997.63049841
23980,93,245,12299.48187641
23981,93,246,13799.00911873
23982,93,247,9567.58244963
23983,93,248,11440.09410435
23984,93,249,17733.36105002
23985,93,250,18370.21096841
23986,93,251,7411.3436291
23987,93,252,5605.53368145
23988,93,253,9436.39336668
23989,93,254,14704.93287495
23990,93,255,15662.73405891
23991,93,256,18576.29500764
23992,93,257,10474.262754
23993,93,258,5291.65346356
23994,94,1,5423.83332397
23995,94,2,5227.51272658
23996,94,3,4375.50361998
23997,94,4,1289.89297669
23998,94,5,4321.66423866
23999,94,6,3078.66170687
24000,94,7,9827.63406597
24001,94,8,2372.78853597
24002,94,9,3226.17038712
24003,94,10,9817.3843149
24004,94,11,9106.32235982
24005,94,12,7709.23085242
24006,94,13,6415.53572491
24007,94,14,1958.84594032
24008,94,15,1440.57204669
24009,94,16,6650.95267391
24010,94,17,9359.14192507
24011,94,18,8303.6570883
24012,94,19,4418.21840105
24013,94,20,4438.17504684
24014,94,21,11969.83463048
24015,94,22,13700.91826446
24016,94,23,8762.61640233
24017,94,24,6908.8289083
24018,94,25,3300.21285471
24019,94,26,11970.78989741
24020,94,27,10740.78617015
24021,94,28,5687.51028109
24022,94,29,11402.81996144
24023,94,30,7281.31276562
24024,94,31,5285.38831097
24025,94,32,3206.02796297
24026,94,33,13593.54404239
24027,94,34,3337.54981333
24028,94,35,3605.01862874
24029,94,36,15347.05893177
24030,94,37,15675.74527069
24031,94,38,5984.88741687
24032,94,39,9548.60056196
24033,94,40,19307.6855472
24034,94,41,12585.47276259
24035,94,42,11558.2334896
24036,94,43,24042.79482017
24037,94,44,12851.45153497
24038,94,45,10489.5079266
24039,94,46,12367.39176692
24040,94,47,29671.14218261
24041,94,48,30781.56730824
24042,94,49,10355.39455831
24043,94,50,26144.1253986
24044,94,51,9464.47683875
24045,94,52,10144.16171451
24046,94,53,10550.59099444
24047,94,54,10967.72658247
24048,94,55,23608.90685077
24049,94,56,12526.41948798
24050,94,57,15068.51306377
24051,94,58,13288.85700883
24052,94,59,11618.0957145
24053,94,60,9074.12404768
24054,94,61,12378.70449761
24055,94,62,17750.66395771
24056,94,63,9573.14470078
24057,94,64,26298.24574396
24058,94,65,9523.81139207
24059,94,66,11845.60564203
24060,94,67,17344.18259268
24061,94,68,16125.39632842
24062,94,69,42883.79791502
24063,94,70,21628.28415771
24064,94,71,52386.13177246
24065,94,72,30277.45868469
24066,94,73,54072.05414541
24067,94,74,44426.28830321
24068,94,75,32328.10856049
24069,94,76,50315.2257608
24070,94,77,55551.40755774
24071,94,78,55943.90352949
24072,94,79,34504.46930034
24073,94,80,48493.26595733
24074,94,81,47041.04888771
24075,94,82,36686.4658497
24076,94,83,16642.31031278
24077,94,84,49479.17105147
24078,94,85,39025.22704017
24079,94,86,16144.2199404
24080,94,87,19467.52561508
24081,94,88,15863.67495471
24082,94,89,17850.28534379
24083,94,90,8369.48285334
24084,94,91,5639.93853482
24085,94,92,11615.11241783
24086,94,93,2832.65676422
24087,94,94,0.0
24088,94,95,7683.60594733
24089,94,96,18896.29725107
24090,94,97,23189.76315158
24091,94,98,21984.5676634
24092,94,99,1987.74079881
24093,94,100,17376.27729576
24094,94,101,4712.45460165
24095,94,102,1351.39236258
24096,94,103,24305.64928639
24097,94,104,14795.60872712
24098,94,105,10217.11770509
24099,94,106,1498.65260381
24100,94,107,6627.36695288
24101,94,108,20630.62957077
24102,94,109,13470.48212001
24103,94,110,21628.13402531
24104,94,111,13248.25450166
24105,94,112,1858.16592189
24106,94,113,23164.56961084
24107,94,114,9738.78383517
24108,94,115,26019.4759198
24109,94,116,4732.2867061
24110,94,117,3656.41912717
24111,94,118,18279.88423364
24112,94,119,27939.68735483
24113,94,120,15321.1322737
24114,94,121,4438.43140719
24115,94,122,19516.47742714
24116,94,123,3904.52081282
24117,94,124,2896.28134213
24118,94,125,7044.19740498
24119,94,126,16449.57723673
24120,94,127,5843.8432249
24121,94,128,5287.73638041
24122,94,129,7934.61977064
24123,94,130,1258.76084148
24124,94,131,23829.79520053
24125,94,132,2575.24263708
24126,94,133,24608.57482278
24127,94,134,21326.66880058
24128,94,135,17450.70075614
24129,94,136,15961.14600284
24130,94,137,18304.57070174
24131,94,138,19981.19729544
24132,94,139,16654.25126022
24133,94,140,16360.87558306
24134,94,141,17713.04065402
24135,94,142,20694.16487698
24136,94,143,21840.78071446
24137,94,144,19117.45142582
24138,94,145,20244.88326276
24139,94,146,17807.18101777
24140,94,147,4246.58251066
24141,94,148,4981.64439114
24142,94,149,7237.064844
24143,94,150,10779.9433911
24144,94,151,1720.96611707
24145,94,152,4169.03571809
24146,94,153,3368.30810161
24147,94,154,5831.90644816
24148,94,155,8325.12207706
24149,94,156,13083.34051455
24150,94,157,6223.37775755
24151,94,158,12392.6565411
24152,94,159,14033.63713222
24153,94,160,9427.98980631
24154,94,161,6956.4077124
24155,94,162,6171.00118816
24156,94,163,10963.91685317
24157,94,164,3373.23510047
24158,94,165,8444.10075162
24159,94,166,11621.14374736
24160,94,167,5030.12579733
24161,94,168,29140.14624388
24162,94,169,27414.15800758
24163,94,170,27966.20947406
24164,94,171,30272.7970399
24165,94,172,28139.98683995
24166,94,173,28971.05177682
24167,94,174,30476.96898529
24168,94,175,28600.11853145
24169,94,176,29006.9262966
24170,94,177,27870.406014
24171,94,178,27516.87883169
24172,94,179,23049.31870585
24173,94,180,29624.85201592
24174,94,181,34637.61972808
24175,94,182,38184.45809616
24176,94,183,42701.67956998
24177,94,184,31835.52890593
24178,94,185,25003.44355785
24179,94,186,37189.19412697
24180,94,187,41406.98267038
24181,94,188,39903.15033497
24182,94,189,38814.52701898
24183,94,190,39651.55304528
24184,94,191,39121.25628304
24185,94,192,38649.09266623
24186,94,193,39295.38140282
24187,94,194,39474.38445894
24188,94,195,38506.45916687
24189,94,196,39809.45457726
24190,94,197,40867.26054231
24191,94,198,16320.34640271
24192,94,199,19182.61210239
24193,94,200,48406.49824957
24194,94,201,32550.30642468
24195,94,202,58180.19183686
24196,94,203,53394.18897595
24197,94,204,44810.64614301
24198,94,205,37053.28546353
24199,94,206,28254.61176684
24200,94,207,61616.25255979
24201,94,208,22405.69363343
24202,94,209,12169.30871838
24203,94,210,9779.68295949
24204,94,211,14751.66918768
24205,94,212,50250.58816255
24206,94,213,57904.92151004
24207,94,214,42768.72132072
24208,94,215,26106.94256867
24209,94,216,16088.57795649
24210,94,217,20811.87158219
24211,94,218,22649.36904829
24212,94,219,50654.42786594
24213,94,220,54986.4889873
24214,94,221,17914.01006964
24215,94,222,33071.8203088
24216,94,223,13288.51732929
24217,94,224,59735.23143455
24218,94,225,17912.38910163
24219,94,226,38769.89193353
24220,94,227,27920.59087083
24221,94,228,61886.58161146
24222,94,229,45288.85119179
24223,94,230,47799.42430098
24224,94,231,9441.49878862
24225,94,232,9410.69374154
24226,94,233,9478.20357313
24227,94,234,9337.48346242
24228,94,235,9371.53197741
24229,94,236,9508.04108862
24230,94,237,9365.62174983
24231,94,238,21576.47574462
24232,94,239,11180.91266675
24233,94,240,19453.13766648
24234,94,241,4976.36979843
24235,94,242,7837.04019614
24236,94,243,6916.06562448
24237,94,244,15706.28523795
24238,94,245,14956.92620825
24239,94,246,16544.60121399
24240,94,247,12166.36063244
24241,94,248,14069.95688936
24242,94,249,20327.25282668
24243,94,250,20753.03348471
24244,94,251,10158.03043996
24245,94,252,5979.32657035
24246,94,253,8447.49322568
24247,94,254,17433.00443191
24248,94,255,18343.63919691
24249,94,256,20851.23950847
24250,94,257,13021.96737406
24251,94,258,6944.68289451
24252,95,1,2372.56586972
24253,95,2,9830.81638976
24254,95,3,3367.78398528
24255,95,4,6916.23920306
24256,95,5,9151.73776727
24257,95,6,8323.99346673
24258,95,7,2154.82353294
24259,95,8,5356.8371891
24260,95,9,4520.65873483
24261,95,10,2513.94532955
24262,95,11,1513.56740692
24263,95,12,768.7557199
24264,95,13,1665.66772455
24265,95,14,7368.77832963
24266,95,15,6264.71686376
24267,95,16,10785.31835874
24268,95,17,7580.46886267
24269,95,18,6931.51691349
24270,95,19,4941.00737
24271,95,20,5807.45509336
24272,95,21,9875.49102784
24273,95,22,13645.20393725
24274,95,23,7140.75074767
24275,95,24,6424.10559712
24276,95,25,4723.73670198
24277,95,26,11248.13216239
24278,95,27,8839.97807476
24279,95,28,5869.29163475
24280,95,29,10162.0808674
24281,95,30,6412.09679199
24282,95,31,5359.49448194
24283,95,32,4499.46807765
24284,95,33,11529.24406361
24285,95,34,5489.31690129
24286,95,35,4762.53493692
24287,95,36,15852.42881697
24288,95,37,16559.4707568
24289,95,38,5775.49612744
24290,95,39,7845.38934472
24291,95,40,17088.09200025
24292,95,41,9742.05754108
24293,95,42,5918.72055612
24294,95,43,22255.94606231
24295,95,44,9483.0165906
24296,95,45,4713.36593283
24297,95,46,7171.05019827
24298,95,47,27863.61145073
24299,95,48,28943.3448023
24300,95,49,3472.58042538
24301,95,50,24443.59969453
24302,95,51,1845.97405125
24303,95,52,2491.34430662
24304,95,53,6450.51264107
24305,95,54,3298.96562823
24306,95,55,21246.96874635
24307,95,56,4968.79211536
24308,95,57,13021.15702192
24309,95,58,10798.15075115
24310,95,59,3937.30382028
24311,95,60,2199.0526031
24312,95,61,5467.93946011
24313,95,62,15787.43955858
24314,95,63,4453.07865963
24315,95,64,23516.78089984
24316,95,65,3523.12882541
24317,95,66,8911.03656457
24318,95,67,11642.60684329
24319,95,68,10325.82877133
24320,95,69,39042.78362963
24321,95,70,16171.77034643
24322,95,71,48715.12583938
24323,95,72,25440.76282159
24324,95,73,50263.73346285
24325,95,74,40584.76162894
24326,95,75,27628.79685031
24327,95,76,46702.94600554
24328,95,77,51245.9263929
24329,95,78,51961.06608916
24330,95,79,29967.28624622
24331,95,80,44721.94006327
24332,95,81,43328.00890356
24333,95,82,32701.65827701
24334,95,83,9085.40844979
24335,95,84,45780.54960327
24336,95,85,35102.63411114
24337,95,86,8732.20137085
24338,95,87,13899.37354736
24339,95,88,8913.16407654
24340,95,89,10207.75842087
24341,95,90,1782.0536275
24342,95,91,2113.74136471
24343,95,92,4381.91498082
24344,95,93,10369.7518597
24345,95,94,7683.60594733
24346,95,95,0.0
24347,95,96,11613.55295212
24348,95,97,15771.98974387
24349,95,98,14625.75508573
24350,95,99,6764.43288175
24351,95,100,10046.16428866
24352,95,101,3196.43966732
24353,95,102,7096.30189353
24354,95,103,16899.2164139
24355,95,104,7354.16456906
24356,95,105,3108.01903568
24357,95,106,9179.04911991
24358,95,107,1060.3499832
24359,95,108,13358.22926936
24360,95,109,6162.6630628
24361,95,110,14185.290027
24362,95,111,6478.69043117
24363,95,112,9193.56461903
24364,95,113,15600.66326273
24365,95,114,3092.39575104
24366,95,115,18379.78707915
24367,95,116,3505.54367298
24368,95,117,10033.15517382
24369,95,118,11159.66628401
24370,95,119,20277.63419046
24371,95,120,8560.987584
24372,95,121,10624.45739527
24373,95,122,12232.34665253
24374,95,123,4198.40233858
24375,95,124,5652.45050874
24376,95,125,1059.11881055
24377,95,126,9505.85425387
24378,95,127,2865.22056952
24379,95,128,11301.47156143
24380,95,129,1383.49604284
24381,95,130,8080.25615099
24382,95,131,16196.87644019
24383,95,132,6588.19130908
24384,95,133,16960.19754311
24385,95,134,23726.82707628
24386,95,135,19750.99006225
24387,95,136,17445.81362851
24388,95,137,14448.60473517
24389,95,138,15446.32962858
24390,95,139,18655.45447885
24391,95,140,15983.58236499
24392,95,141,16436.03083213
24393,95,142,22760.45099786
24394,95,143,24676.15680934
24395,95,144,21141.95714211
24396,95,145,23358.85114769
24397,95,146,14971.83055085
24398,95,147,6862.66071867
24399,95,148,8360.44883999
24400,95,149,4926.64821442
24401,95,150,13246.09837176
24402,95,151,6408.51133601
24403,95,152,8104.22621302
24404,95,153,6693.04108461
24405,95,154,6611.57699722
24406,95,155,9847.4693582
24407,95,156,6467.17092217
24408,95,157,5282.38508035
24409,95,158,14643.99190817
24410,95,159,7266.04022162
24411,95,160,11508.11087451
24412,95,161,9016.74592253
24413,95,162,8726.16937387
24414,95,163,5087.87550543
24415,95,164,7748.96662848
24416,95,165,4346.43139455
24417,95,166,5311.25840855
24418,95,167,6979.66584433
24419,95,168,28886.15368033
24420,95,169,26699.10645149
24421,95,170,27583.58494003
24422,95,171,30185.34213522
24423,95,172,28804.52762825
24424,95,173,29442.96055592
24425,95,174,30767.77166505
24426,95,175,30111.56349802
24427,95,176,31142.55380981
24428,95,177,28846.75419495
24429,95,178,20279.88382697
24430,95,179,15790.58554654
24431,95,180,22348.16011602
24432,95,181,27095.79917941
24433,95,182,30551.41513493
24434,95,183,35057.95719135
24435,95,184,24410.43702671
24436,95,185,17695.94014652
24437,95,186,29584.73992898
24438,95,187,33761.58450383
24439,95,188,34615.14805345
24440,95,189,32607.798829
24441,95,190,32553.91006895
24442,95,191,32582.98298309
24443,95,192,33040.32981836
24444,95,193,32628.07506472
24445,95,194,32584.15463697
24446,95,195,32603.56408135
24447,95,196,34920.0412079
24448,95,197,33670.6434751
24449,95,198,12922.57068101
24450,95,199,15938.79050308
24451,95,200,43428.91102135
24452,95,201,28372.18795174
24453,95,202,52882.67669858
24454,95,203,48183.92765722
24455,95,204,39944.50525341
24456,95,205,32211.51632914
24457,95,206,24497.56639186
24458,95,207,56491.40850944
24459,95,208,18634.76313395
24460,95,209,6873.02990495
24461,95,210,2360.29636758
24462,95,211,11432.2471386
24463,95,212,47167.36787928
24464,95,213,54692.86990545
24465,95,214,35514.64614142
24466,95,215,18528.52603906
24467,95,216,8464.71581315
24468,95,217,13175.76320575
24469,95,218,14998.46226151
24470,95,219,43160.35796733
24471,95,220,47458.8564718
24472,95,221,10308.19832892
24473,95,222,25845.43396715
24474,95,223,5763.54280821
24475,95,224,52175.48217583
24476,95,225,10229.33293389
24477,95,226,31595.29381148
24478,95,227,20489.3053746
24479,95,228,54308.72668639
24480,95,229,37920.77082263
24481,95,230,40365.41470395
24482,95,231,2468.58707701
24483,95,232,2223.92918147
24484,95,233,2757.37675671
24485,95,234,1671.11757862
24486,95,235,1941.34674034
24487,95,236,3093.39253811
24488,95,237,1759.57735268
24489,95,238,27262.59027711
24490,95,239,17881.0479203
24491,95,240,25686.61416043
24492,95,241,8410.17688891
24493,95,242,13990.7080818
24494,95,243,7497.32486912
24495,95,244,22324.31000767
24496,95,245,21426.19819632
24497,95,246,23282.16175905
24498,95,247,18586.73191907
24499,95,248,20488.11261047
24500,95,249,26424.90571105
24501,95,250,26179.08844063
24502,95,251,17092.6375275
24503,95,252,9717.71991261
24504,95,253,7694.53846682
24505,95,254,24080.96151652
24506,95,255,24793.21035273
24507,95,256,25960.23994465
24508,95,257,19260.09819954
24509,95,258,12294.46429162
24510,96,1,13546.34718936
24511,96,2,18975.86391981
24512,96,3,14578.62535926
24513,96,4,17856.4057184
24514,96,5,18698.21971978
24515,96,6,18423.22636777
24516,96,7,9579.22721522
24517,96,8,16533.86877126
24518,96,9,15689.64253084
24519,96,10,10603.17298743
24520,96,11,10101.16438839
24521,96,12,11335.88671372
24522,96,13,12527.02092361
24523,96,14,17966.84064791
24524,96,15,17462.75758245
24525,96,16,19243.14765043
24526,96,17,17360.92714727
24527,96,18,17220.08371741
24528,96,19,14917.66503748
24529,96,20,17347.95472177
24530,96,21,18529.81834078
24531,96,22,16644.23406496
24532,96,23,12951.81270909
24533,96,24,14057.52484742
24534,96,25,16286.29897585
24535,96,26,14735.27542217
24536,96,27,18035.91269721
24537,96,28,17158.68406913
24538,96,29,13753.72807274
24539,96,30,17149.97704929
24540,96,31,14546.39400162
24541,96,32,15911.09937069
24542,96,33,19650.54658182
24543,96,34,17101.45557713
24544,96,35,15398.16470428
24545,96,36,18642.3938787
24546,96,37,19587.68011535
24547,96,38,14301.10892738
24548,96,39,12862.87516267
24549,96,40,23603.30883245
24550,96,41,17756.43290433
24551,96,42,12863.37744499
24552,96,43,28397.95397622
24553,96,44,17062.528785
24554,96,45,12571.39860359
24555,96,46,13779.05648272
24556,96,47,33315.84353284
24557,96,48,34250.72028254
24558,96,49,11002.19984025
24559,96,50,30406.41587563
24560,96,51,10289.15172313
24561,96,52,9209.86073434
24562,96,53,10068.76934338
24563,96,54,8522.97853274
24564,96,55,17988.26327194
24565,96,56,8472.10619979
24566,96,57,13563.90336242
24567,96,58,12186.81815846
24568,96,59,8281.49521955
24569,96,60,9841.69732807
24570,96,61,10443.31448377
24571,96,62,15039.10125588
24572,96,63,9791.39695786
24573,96,64,19029.07178304
24574,96,65,9470.47070838
24575,96,66,11305.96807046
24576,96,67,5954.42990666
24577,96,68,5741.35676206
24578,96,69,31201.01327888
24579,96,70,8386.92422106
24580,96,71,40742.9600689
24581,96,72,17014.57729966
24582,96,73,42053.88990467
24583,96,74,32668.72209688
24584,96,75,19211.15158799
24585,96,76,38879.74849074
24586,96,77,42332.13304969
24587,96,78,43466.95672075
24588,96,79,21613.89968938
24589,96,80,36739.96290104
24590,96,81,35484.05735939
24591,96,82,25025.84125493
24592,96,83,3073.4561109
24593,96,84,37865.34163697
24594,96,85,27358.63888089
24595,96,86,2928.85165422
24596,96,87,6900.50759642
24597,96,88,3267.78306059
24598,96,89,3351.13508091
24599,96,90,10542.85988366
24600,96,91,13692.70868503
24601,96,92,7313.71236235
24602,96,93,21252.42956472
24603,96,94,18896.29725107
24604,96,95,11613.55295212
24605,96,96,0.0
24606,96,97,4356.4499789
24607,96,98,3104.01051525
24608,96,99,18314.68775698
24609,96,100,1574.19928531
24610,96,101,14790.20013783
24611,96,102,18569.96570896
24612,96,103,5442.9831925
24613,96,104,4292.67195704
24614,96,105,8704.9381697
24615,96,106,20372.46618754
24616,96,107,12619.63164025
24617,96,108,1746.14039261
24618,96,109,5469.07597805
24619,96,110,9499.30386005
24620,96,111,10693.22507929
24621,96,112,20594.25530652
24622,96,113,9279.33459612
24623,96,114,11508.28170485
24624,96,115,10370.05300028
24625,96,116,14176.65384037
24626,96,117,21621.50378888
24627,96,118,10080.31013914
24628,96,119,11571.67032046
24629,96,120,10827.67372705
24630,96,121,22231.83083315
24631,96,122,9626.03985226
24632,96,123,15009.02973202
24633,96,124,16263.42539532
24634,96,125,12575.99832691
24635,96,126,10379.3444945
24636,96,127,13077.87555774
24637,96,128,22915.02407125
24638,96,129,12123.54135505
24639,96,130,18928.16975349
24640,96,131,8821.67531598
24641,96,132,17047.90473685
24642,96,133,9119.67166631
24643,96,134,27025.29877036
24644,96,135,23692.92504198
24645,96,136,20957.63881534
24646,96,137,11004.21956887
24647,96,138,10082.2883656
24648,96,139,22483.87655704
24649,96,140,17532.28753533
24650,96,141,16490.09576829
24651,96,142,25781.64276823
24652,96,143,28406.73538461
24653,96,144,24426.31875786
24654,96,145,27659.46485404
24655,96,146,13145.36996779
24656,96,147,16376.93310444
24657,96,148,19868.22273458
24658,96,149,12632.01815599
24659,96,150,23984.42291203
24660,96,151,17328.52756977
24661,96,152,19686.42450658
24662,96,153,16730.62219848
24663,96,154,15091.26526439
24664,96,155,20678.99101264
24665,96,156,6043.34374502
24666,96,157,13762.08644902
24667,96,158,25132.60776657
24668,96,159,5078.85313984
24669,96,160,22300.19934439
24670,96,161,20167.33481307
24671,96,162,20046.03157657
24672,96,163,8322.90407511
24673,96,164,19361.24707864
24674,96,165,11055.03696406
24675,96,166,7517.2130632
24676,96,167,15984.49804076
24677,96,168,36069.76884562
24678,96,169,33568.16377286
24679,96,170,34735.16405438
24680,96,171,37450.02503819
24681,96,172,36918.70375835
24682,96,173,37328.76865811
24683,96,174,38385.762299
24684,96,175,38914.78671178
24685,96,176,40416.68196163
24686,96,177,37248.15109234
24687,96,178,8669.71304535
24688,96,179,4179.59872223
24689,96,180,10752.97104195
24690,96,181,15879.779802
24691,96,182,19698.74435872
24692,96,183,24231.15526772
24693,96,184,12953.37381568
24694,96,185,6111.71443937
24695,96,186,18584.02087857
24696,96,187,22959.35356281
24697,96,188,33514.65646086
24698,96,189,29396.52839383
24699,96,190,26409.6070368
24700,96,191,28399.20795636
24701,96,192,31333.29949606
24702,96,193,28030.24330887
24703,96,194,27227.47804878
24704,96,195,30206.01831632
24705,96,196,34653.01787969
24706,96,197,27040.3256544
24707,96,198,19111.44538968
24708,96,199,21430.80145692
24709,96,200,42414.16922404
24710,96,201,30139.75889291
24711,96,202,50771.2393352
24712,96,203,46445.29572346
24713,96,204,39364.09240657
24714,96,205,32282.74572008
24715,96,206,27513.09291016
24716,96,207,54631.55179477
24717,96,208,22697.28734715
24718,96,209,8057.66489161
24719,96,210,9277.03266816
24720,96,211,10991.23963568
24721,96,212,40094.13449015
24722,96,213,47198.93730365
24723,96,214,28529.27814793
24724,96,215,11245.62541178
24725,96,216,3972.86810682
24726,96,217,6980.49921549
24727,96,218,7705.61680567
24728,96,219,34711.90122024
24729,96,220,38724.21866741
24730,96,221,6651.61153212
24731,96,222,19736.76374432
24732,96,223,5914.50753646
24733,96,224,43170.16741096
24734,96,225,4560.92300042
24735,96,226,25197.96623199
24736,96,227,14011.93771724
24737,96,228,45159.82577358
24738,96,229,30296.07415728
24739,96,230,32321.13404211
24740,96,231,9476.38894238
24741,96,232,9555.8411544
24742,96,233,9418.41064247
24743,96,234,10007.1546919
24744,96,235,9701.48881825
24745,96,236,9404.80995903
24746,96,237,9861.86158004
24747,96,238,34507.56117981
24748,96,239,27215.47026336
24749,96,240,33803.41297574
24750,96,241,17451.39629758
24751,96,242,23242.65638814
24752,96,243,15066.9832566
24753,96,244,31201.80339437
24754,96,245,30174.05175141
24755,96,246,32262.81864805
24756,96,247,27527.55629882
24757,96,248,29249.29667811
24758,96,249,34301.56621663
24759,96,250,33157.34243636
24760,96,251,26772.12210425
24761,96,252,18321.97166759
24762,96,253,13869.98393102
24763,96,254,32885.13702082
24764,96,255,33271.8713375
24765,96,256,32535.25081313
24766,96,257,27919.92407232
24767,96,258,21219.01599712
24768,97,1,17804.44443108
24769,97,2,23318.5593091
24770,97,3,18845.380735
24771,97,4,22174.93397108
24772,97,5,23051.64263081
24773,97,6,22778.52556231
24774,97,7,13670.83386203
24775,97,8,20820.56958809
24776,97,9,19971.4989533
24777,97,10,14476.68094103
24778,97,11,14261.35201228
24779,97,12,15558.71079054
24780,97,13,16791.51507811
24781,97,14,22307.41883661
24782,97,15,21751.9320546
24783,97,16,23553.43465049
24784,97,17,20872.5558293
24785,97,18,20869.49816367
24786,97,19,19264.81256627
24787,97,20,21401.04972901
24788,97,21,21682.77626399
24789,97,22,20402.6298084
24790,97,23,17225.3865709
24791,97,24,18392.01281483
24792,97,25,20484.56437699
24793,97,26,18680.10026279
24794,97,27,21361.21418885
24795,97,28,21101.21559818
24796,97,29,17772.60564102
24797,97,30,20922.70353162
24798,97,31,18902.75097807
24799,97,32,20155.58333966
24800,97,33,22591.97071961
24801,97,34,21251.7736026
24802,97,35,19722.44738411
24803,97,36,22259.45571566
24804,97,37,23207.02162844
24805,97,38,18654.17753035
24806,97,39,17082.42798104
24807,97,40,25846.11001371
24808,97,41,20784.35591131
24809,97,42,16121.51191701
24810,97,43,30316.36973241
24811,97,44,20025.24057515
24812,97,45,16062.61452605
24813,97,46,16832.25046845
24814,97,47,34836.28261205
24815,97,48,35693.52767749
24816,97,49,14692.87441552
24817,97,50,32194.97046115
24818,97,51,14307.01906898
24819,97,52,13309.65684353
24820,97,53,14342.63136189
24821,97,54,12562.45702108
24822,97,55,19984.86366317
24823,97,56,12042.51052439
24824,97,57,17076.0521176
24825,97,58,15998.21280058
24826,97,59,12180.47728462
24827,97,60,14116.72326305
24828,97,61,13729.16541168
24829,97,62,18098.58494505
24830,97,63,14146.57361862
24831,97,64,20455.32733457
24832,97,65,13815.66224693
24833,97,66,15354.60605593
24834,97,67,9170.12883146
24835,97,68,9428.541295
24836,97,69,30387.07207162
24837,97,70,9683.93520472
24838,97,71,39661.08447711
24839,97,72,16508.87910731
24840,97,73,40819.35509795
24841,97,74,31775.04651017
24842,97,75,18548.18057985
24843,97,76,37910.81623141
24844,97,77,40680.93581501
24845,97,78,42050.70323719
24846,97,79,20851.18699342
24847,97,80,35721.35989614
24848,97,81,34567.91424187
24849,97,82,24514.68068438
24850,97,83,6745.56338251
24851,97,84,36863.31720981
24852,97,85,26718.52310258
24853,97,86,7058.53149747
24854,97,87,9145.70931938
24855,97,88,7600.5595633
24856,97,89,6034.51899455
24857,97,90,14821.06922516
24858,97,91,17876.25060677
24859,97,92,11576.12321822
24860,97,93,25586.90133193
24861,97,94,23189.76315158
24862,97,95,15771.98974387
24863,97,96,4356.4499789
24864,97,97,0.0
24865,97,98,1286.57990439
24866,97,99,22522.68937725
24867,97,100,5819.04289196
24868,97,101,18967.25488418
24869,97,102,22808.59707895
24870,97,103,1128.44423692
24871,97,104,8427.89317991
24872,97,105,12974.16556689
24873,97,106,24673.66142735
24874,97,107,16803.96471379
24875,97,108,2746.03861775
24876,97,109,9720.25167467
24877,97,110,9437.85333462
24878,97,111,13726.65893064
24879,97,112,24858.24830672
24880,97,113,8324.97180442
24881,97,114,15260.54025232
24882,97,115,8010.48451855
24883,97,116,18486.31654407
24884,97,117,25805.14294722
24885,97,118,11541.82676529
24886,97,119,8550.72531068
24887,97,120,13270.82859756
24888,97,121,26388.89412854
24889,97,122,10572.24305377
24890,97,123,19318.44303026
24891,97,124,20595.18032981
24892,97,125,16686.59435803
24893,97,126,12487.73117142
24894,97,127,17395.53582973
24895,97,128,27043.39011843
24896,97,129,16139.41077218
24897,97,130,23258.18142869
24898,97,131,7311.82789403
24899,97,132,21390.667787
24900,97,133,7184.81295123
24901,97,134,30451.46012883
24902,97,135,27341.39434995
24903,97,136,24613.77510793
24904,97,137,13761.23975041
24905,97,138,12263.05400397
24906,97,139,26147.31772035
24907,97,140,20956.32173446
24908,97,141,19635.34742205
24909,97,142,29180.54905241
24910,97,143,31893.2969612
24911,97,144,27921.49902946
24912,97,145,31279.66534722
24913,97,146,16105.42874834
24914,97,147,20733.32417967
24915,97,148,23879.42344342
24916,97,149,16984.99216128
24917,97,150,27603.88648311
24918,97,151,21646.08306005
24919,97,152,23757.62336335
24920,97,153,21083.79254423
24921,97,154,19438.53943445
24922,97,155,24392.31112289
24923,97,156,10397.72112135
24924,97,157,18117.07178893
24925,97,158,28638.57445882
24926,97,159,9430.7446562
24927,97,160,25968.54575769
24928,97,161,24006.81968042
24929,97,162,23957.6246661
24930,97,163,12676.71147926
24931,97,164,23483.94518962
24932,97,165,15410.22408445
24933,97,166,11873.53814847
24934,97,167,20337.04175545
24935,97,168,38153.92612049
24936,97,169,35592.45685181
24937,97,170,36835.35513174
24938,97,171,39537.64517633
24939,97,172,39333.05514891
24940,97,173,39650.40854176
24941,97,174,40588.96405134
24942,97,175,41563.14161428
24943,97,176,43234.03210482
24944,97,177,39765.75432305
24945,97,178,4730.47192673
24946,97,179,1343.74382769
24947,97,180,6662.60429394
24948,97,181,11523.60518951
24949,97,182,15372.06434799
24950,97,183,19898.47578496
24951,97,184,8650.55211313
24952,97,185,2126.7664568
24953,97,186,14238.03442394
24954,97,187,18632.89775886
24955,97,188,32592.50991418
24956,97,189,27786.05444316
24957,97,190,23712.69923913
24958,97,191,26434.32639487
24959,97,192,30247.02210452
24960,97,193,25910.79632634
24961,97,194,24826.60528324
24962,97,195,28888.85045969
24963,97,196,34015.74336746
24964,97,197,24125.59314648
24965,97,198,21523.08760732
24966,97,199,23465.08632936
24967,97,200,41311.98930915
24968,97,201,30422.87960664
24969,97,202,49133.09766161
24970,97,203,45004.04374447
24971,97,204,38488.10951603
24972,97,205,31848.6401675
24973,97,206,28365.11155504
24974,97,207,53041.88391661
24975,97,208,24176.51458369
24976,97,209,12316.1454844
24977,97,210,13480.15256548
24978,97,211,14585.25164821
24979,97,212,39503.12882891
24980,97,213,46286.2526581
24981,97,214,25434.36471627
24982,97,215,9183.00856687
24983,97,216,7506.87697998
24984,97,217,7082.60497069
24985,97,218,6678.71483872
24986,97,219,30984.32596514
24987,97,220,34872.47341457
24988,97,221,8433.55496977
24989,97,222,17359.32154048
24990,97,223,10008.95160142
24991,97,224,39213.45097757
24992,97,225,6756.82659731
24993,97,226,22436.88845088
24994,97,227,11974.30285518
24995,97,228,41154.6396878
24996,97,229,26919.36482519
24997,97,230,28760.25280922
24998,97,231,13749.52979794
24999,97,232,13800.04241808
25000,97,233,13718.5268837
25001,97,234,14125.52620285
25002,97,235,13901.92110869
25003,97,236,13729.2378018
25004,97,237,14012.48777676
25005,97,238,38552.7531618
25006,97,239,31534.02781764
25007,97,240,37974.38850605
25008,97,241,21798.25024286
25009,97,242,27571.07474911
25010,97,243,19383.28709618
25011,97,244,35469.3670502
25012,97,245,34433.88661088
25013,97,246,36535.88615182
25014,97,247,31816.65895929
25015,97,248,33514.79890578
25016,97,249,38438.42752045
25017,97,250,37172.79392015
25018,97,251,31110.80106305
25019,97,252,22647.56875192
25020,97,253,18136.06611371
25021,97,254,37138.71143748
25022,97,255,37488.86645447
25023,97,256,36492.64093818
25024,97,257,32183.03809805
25025,97,258,25540.31304292
25026,98,1,16616.24414688
25027,98,2,22042.18827333
25028,98,3,17653.32961042
25029,98,4,20954.45633189
25030,98,5,21782.60228637
25031,98,6,21523.28845128
25032,98,7,12547.04770642
25033,98,8,19618.6899027
25034,98,9,18772.01723758
25035,98,10,13430.78720411
25036,98,11,13112.54919583
25037,98,12,14385.37254885
25038,98,13,15599.74470902
25039,98,14,21070.5501323
25040,98,15,20548.88813285
25041,98,16,22269.52256166
25042,98,17,19962.36180828
25043,98,18,19913.39514991
25044,98,19,18021.63240061
25045,98,20,20301.62670201
25046,98,21,20890.39632877
25047,98,22,19169.14245496
25048,98,23,15939.24666687
25049,98,24,17113.26124213
25050,98,25,19325.12766239
25051,98,26,17418.77227573
25052,98,27,20512.82958991
25053,98,28,20043.02673664
25054,98,29,16501.94125696
25055,98,30,19924.58405029
25056,98,31,17643.6576342
25057,98,32,18974.87818637
25058,98,33,21868.7893258
25059,98,34,20113.28109234
25060,98,35,18497.88903656
25061,98,36,21050.88762497
25062,98,37,21998.97650393
25063,98,38,17385.17990069
25064,98,39,15796.22123678
25065,98,40,25348.09234531
25066,98,41,20029.12216025
25067,98,42,15277.99796586
25068,98,43,29927.45323919
25069,98,44,19288.09909802
25070,98,45,15145.91843791
25071,98,46,16055.04480011
25072,98,47,34576.33074039
25073,98,48,35458.39027119
25074,98,49,13707.56790652
25075,98,50,31849.13500428
25076,98,51,13211.10471098
25077,98,52,12182.13826685
25078,98,53,13056.74083222
25079,98,54,11454.61321241
25080,98,55,19111.64770624
25081,98,56,11081.76295933
25082,98,57,15877.91554136
25083,98,58,14751.97223017
25084,98,59,11118.27225238
25085,98,60,12918.35450771
25086,98,61,12864.93049545
25087,98,62,16986.13527375
25088,98,63,12881.37452652
25089,98,64,19724.34174704
25090,98,65,12574.4272891
25091,98,66,14079.42469237
25092,98,67,7982.92790917
25093,98,68,8180.65240108
25094,98,69,30316.15660754
25095,98,70,8887.35326735
25096,98,71,39686.92373905
25097,98,72,16291.50454563
25098,98,73,40893.93633453
25099,98,74,31731.23686713
25100,98,75,18391.28691894
25101,98,76,37899.67324169
25102,98,77,40887.21597462
25103,98,78,42183.61162414
25104,98,79,20736.09961314
25105,98,80,35722.48747404
25106,98,81,34535.7790107
25107,98,82,24337.08434046
25108,98,83,5690.85670379
25109,98,84,36860.95174997
25110,98,85,26586.20665069
25111,98,86,5893.86165151
25112,98,87,8128.5683029
25113,98,88,6326.24182415
25114,98,89,5186.46270741
25115,98,90,13621.54350586
25116,98,91,16721.58112119
25117,98,92,10381.42891616
25118,98,93,24355.20415208
25119,98,94,21984.5676634
25120,98,95,14625.75508573
25121,98,96,3104.01051525
25122,98,97,1286.57990439
25123,98,98,0.0
25124,98,99,21359.80003346
25125,98,100,4610.48575283
25126,98,101,17816.09472786
25127,98,102,21631.57533105
25128,98,103,2340.07920405
25129,98,104,7271.59092028
25130,98,105,11777.74191097
25131,98,106,23464.19549731
25132,98,107,15648.11642891
25133,98,108,1459.46054658
25134,98,109,8527.4344552
25135,98,110,9494.31255063
25136,98,111,12938.08781941
25137,98,112,23669.17087795
25138,98,113,8629.14033041
25139,98,114,14257.1447275
25140,98,115,8753.20980864
25141,98,116,17270.902741
25142,98,117,24654.32033744
25143,98,118,11187.79127012
25144,98,119,9507.92054607
25145,98,120,12652.37929773
25146,98,121,25249.88557089
25147,98,122,10352.32852679
25148,98,123,18103.32640893
25149,98,124,19365.36726919
25150,98,125,15560.26737652
25151,98,126,11958.53082204
25152,98,127,16175.00824335
25153,98,128,25916.83026624
25154,98,129,15047.74791955
25155,98,130,22029.81181728
25156,98,131,7765.0264732
25157,98,132,20151.81471915
25158,98,133,7772.67070791
25159,98,134,29284.69436079
25160,98,135,26131.44608716
25161,98,136,23400.59207073
25162,98,137,12690.73142875
25163,98,138,11300.71534861
25164,98,139,24933.98631356
25165,98,140,19780.38738502
25166,98,141,18509.88077691
25167,98,142,28018.14572049
25168,98,143,30715.82047437
25169,98,144,26739.75952528
25170,98,145,30076.97300875
25171,98,146,15006.02577786
25172,98,147,19471.31163198
25173,98,148,22798.0300575
25174,98,149,15716.13308392
25175,98,150,26666.96390371
25176,98,151,20426.18754352
25177,98,152,22652.77850818
25178,98,153,19832.88668941
25179,98,154,18164.87217812
25180,98,155,23419.39575748
25181,98,156,9132.45896577
25182,98,157,16850.82692751
25183,98,158,27741.57806519
25184,98,159,8163.32896878
25185,98,160,25013.0112613
25186,98,161,22988.98365508
25187,98,162,22913.59963801
25188,98,163,11409.7997249
25189,98,164,22358.14695664
25190,98,165,14144.78494633
25191,98,166,10612.40689633
25192,98,167,19067.27932908
25193,98,168,37725.44096929
25194,98,169,35179.35686215
25195,98,170,36400.33905459
25196,98,171,39109.60410456
25197,98,172,38802.49133128
25198,98,173,39149.35272452
25199,98,174,40125.95654673
25200,98,175,40960.15230344
25201,98,176,42577.78165455
25202,98,177,39202.91932853
25203,98,178,5699.60601135
25204,98,179,1363.89541837
25205,98,180,7729.65238226
25206,98,181,12785.35186315
25207,98,182,16656.38200042
25208,98,183,21181.29987542
25209,98,184,9854.06966503
25210,98,185,3080.67115379
25211,98,186,15516.81673395
25212,98,187,19917.02635085
25213,98,188,33046.95564555
25214,98,189,28426.42569657
25215,98,190,24644.59288498
25216,98,191,27171.02156537
25217,98,192,30744.00300478
25218,98,193,26689.28791268
25219,98,194,25680.32175933
25220,98,195,29448.71063775
25221,98,196,34391.01476276
25222,98,197,25116.21256417
25223,98,198,20960.84859854
25224,98,199,23024.17438224
25225,98,200,41828.98992951
25226,98,201,30523.87758201
25227,98,202,49805.68938617
25228,98,203,45619.27526493
25229,98,204,38937.899834
25230,98,205,32161.59630922
25231,98,206,28293.21057255
25232,98,207,53703.53949749
25233,98,208,23905.40493714
25234,98,209,11029.94564487
25235,98,210,12313.06551634
25236,98,211,13368.30811755
25237,98,212,39379.32269458
25238,98,213,46266.86430286
25239,98,214,26473.7379727
25240,98,215,9851.84992871
25241,98,216,6503.47458513
25242,98,217,7015.87007785
25243,98,218,6953.3871767
25244,98,219,32180.29289458
25245,98,220,36095.88283779
25246,98,221,7922.36251224
25247,98,222,18185.81350461
25248,98,223,8873.62949171
25249,98,224,40458.08045433
25250,98,225,6070.34228012
25251,98,226,23383.60882155
25252,98,227,12669.10601359
25253,98,228,42408.23010821
25254,98,229,28031.11268567
25255,98,230,29917.39941919
25256,98,231,12551.83229146
25257,98,232,12615.76592104
25258,98,233,12507.12284912
25259,98,234,12992.61984599
25260,98,235,12736.46096279
25261,98,236,12503.64153119
25262,98,237,12867.06278759
25263,98,238,37284.1410923
25264,98,239,30250.89050268
25265,98,240,36692.23728965
25266,98,241,20524.0774691
25267,98,242,26289.96298127
25268,98,243,18100.53368188
25269,98,244,34182.80135509
25270,98,245,33147.31305966
25271,98,246,35249.37604585
25272,98,247,30530.70631893
25273,98,248,32228.22583282
25274,98,249,37159.36860848
25275,98,250,35907.90258174
25276,98,251,29832.3945693
25277,98,252,21366.16811715
25278,98,253,16849.66700948
25279,98,254,35852.20455752
25280,98,255,36203.60303717
25281,98,256,35235.75281328
25282,98,257,30896.4593012
25283,98,258,24257.8964418
25284,99,1,4824.12438112
25285,99,2,7056.68045407
25286,99,3,3860.4376561
25287,99,4,2637.79034878
25288,99,5,6134.86738016
25289,99,6,4862.77493906
25290,99,7,8905.07537793
25291,99,8,2367.57791115
25292,99,9,2967.32113584
25293,99,10,8582.29195912
25294,99,11,8266.68125462
25295,99,12,6978.81119434
25296,99,13,5841.46994356
25297,99,14,3563.73305752
25298,99,15,1890.29520551
25299,99,16,8470.19166691
25300,99,17,7377.46673141
25301,99,18,6323.79292281
25302,99,19,4931.59454587
25303,99,20,2476.77495919
25304,99,21,9982.14837071
25305,99,22,15030.02144599
25306,99,23,9523.29006744
25307,99,24,7744.18564087
25308,99,25,2040.73404839
25309,99,26,13114.44666848
25310,99,27,8753.70623036
25311,99,28,3718.23518101
25312,99,29,12413.38394566
25313,99,30,5303.9874251
25314,99,31,5956.25187253
25315,99,32,2475.78572688
25316,99,33,11607.6389048
25317,99,34,1549.53743907
25318,99,35,3888.58348337
25319,99,36,16813.41701614
25320,99,37,17212.28149676
25321,99,38,6738.12213117
25322,99,39,10351.93557607
25323,99,40,17333.00646926
25324,99,41,10606.60128196
25325,99,42,9851.21000839
25326,99,43,22100.6247336
25327,99,44,10889.46984923
25328,99,45,8851.64676547
25329,99,46,10571.28776362
25330,99,47,27741.25719681
25331,99,48,28851.87998588
25332,99,49,8960.62545046
25333,99,50,24212.9426557
25334,99,51,8400.42622554
25335,99,52,9252.04258392
25336,99,53,10841.08113037
25337,99,54,10044.19489995
25338,99,55,24622.65856973
25339,99,56,11326.89336239
25340,99,57,16023.24056061
25341,99,58,14093.22102235
25342,99,59,10596.17151916
25343,99,60,8509.41254929
25344,99,61,10909.32583397
25345,99,62,18778.05721986
25346,99,63,9532.08122773
25347,99,64,27239.96364174
25348,99,65,9242.40290227
25349,99,66,12490.51002115
25350,99,67,17400.82460738
25351,99,68,16131.52917747
25352,99,69,43639.16423398
25353,99,70,21812.51171797
25354,99,71,53205.53852567
25355,99,72,30710.09519857
25356,99,73,54858.56524286
25357,99,74,45185.33155138
25358,99,75,32810.62786875
25359,99,76,51145.98147586
25360,99,77,56204.94321223
25361,99,78,56686.90016155
25362,99,79,35042.73994846
25363,99,80,49279.52182863
25364,99,81,47839.42627159
25365,99,82,37385.23107353
25366,99,83,15849.83502489
25367,99,84,50286.19971906
25368,99,85,39748.22838073
25369,99,86,15469.20642085
25370,99,87,19594.12070303
25371,99,88,15438.27580292
25372,99,89,16948.40393593
25373,99,90,7824.9478896
25374,99,91,4651.63008602
25375,99,92,11005.85326562
25376,99,93,4615.81171849
25377,99,94,1987.74079881
25378,99,95,6764.43288175
25379,99,96,18314.68775698
25380,99,97,22522.68937725
25381,99,98,21359.80003346
25382,99,99,0.0
25383,99,100,16759.77550951
25384,99,101,3574.5227729
25385,99,102,646.28808855
25386,99,103,23648.4299062
25387,99,104,14095.53976998
25388,99,105,9627.03862932
25389,99,106,3032.7671084
25390,99,107,5720.7851098
25391,99,108,20060.52846625
25392,99,109,12845.67239444
25393,99,110,20247.29585091
25394,99,111,11715.66477044
25395,99,112,2595.87326374
25396,99,113,21867.26607594
25397,99,114,8322.92957242
25398,99,115,24802.9270403
25399,99,116,4590.00144827
25400,99,117,3327.15405916
25401,99,118,16774.02167942
25402,99,119,26761.89782025
25403,99,120,13743.04568895
25404,99,121,4002.56707853
25405,99,122,18066.23447482
25406,99,123,3892.03008645
25407,99,124,3592.15288005
25408,99,125,5935.41065947
25409,99,126,14906.39930897
25410,99,127,5648.29664131
25411,99,128,4778.55609741
25412,99,129,6698.06089698
25413,99,130,3197.91655045
25414,99,131,22610.0660952
25415,99,132,3784.46790442
25416,99,133,23411.6728032
25417,99,134,23133.50038129
25418,99,135,19218.54294602
25419,99,136,17597.90330761
25420,99,137,18898.72712005
25421,99,138,20419.59028518
25422,99,139,18374.53618225
25423,99,140,17684.374841
25424,99,141,18883.18228982
25425,99,142,22456.59501275
25426,99,143,23697.82663306
25427,99,144,20863.2956412
25428,99,145,22122.54842471
25429,99,146,18640.74224581
25430,99,147,5476.51600844
25431,99,148,3263.83189015
25432,99,149,7640.00536236
25433,99,150,9208.90179772
25434,99,151,2703.96935239
25435,99,152,2504.63681697
25436,99,153,4601.5209934
25437,99,154,6836.96419325
25438,99,155,6495.1658047
25439,99,156,12752.86599281
25440,99,157,6814.40990277
25441,99,158,10822.13429306
25442,99,159,13663.13215797
25443,99,160,7733.52027803
25444,99,161,5136.88218405
25445,99,162,4383.6814153
25446,99,163,10801.9500854
25447,99,164,1722.64139523
25448,99,165,8554.91755864
25449,99,166,11354.54683809
25450,99,167,6221.58099472
25451,99,168,27349.33027082
25452,99,169,25567.38913578
25453,99,170,26156.42249406
25454,99,171,28505.94074792
25455,99,172,26466.14635379
25456,99,173,27273.04798807
25457,99,174,28759.80563617
25458,99,175,27066.32139532
25459,99,176,27593.99658916
25460,99,177,26242.97225275
25461,99,178,26982.35048988
25462,99,179,22493.42902961
25463,99,180,29066.58583299
25464,99,181,33858.22664306
25465,99,182,37278.1640533
25466,99,183,41772.6253125
25467,99,184,31167.47039755
25468,99,185,24418.76503051
25469,99,186,36329.80643652
25470,99,187,40475.04756117
25471,99,188,37971.44927264
25472,99,189,36993.39066707
25473,99,190,38048.08792471
25474,99,191,37362.1444707
25475,99,192,36748.49575497
25476,99,193,37565.19957025
25477,99,194,37802.97287298
25478,99,195,36640.82455915
25479,99,196,37850.93269428
25480,99,197,39300.80895715
25481,99,198,14340.62775555
25482,99,199,17195.72122856
25483,99,200,46447.75951545
25484,99,201,30569.03607454
25485,99,202,56237.80612074
25486,99,203,51447.62120743
25487,99,204,42847.76437583
25488,99,205,35094.33904766
25489,99,206,26268.15920905
25490,99,207,59661.05784381
25491,99,208,20423.38395405
25492,99,209,12224.03542882
25493,99,210,9046.75174528
25494,99,211,15405.01967655
25495,99,212,51211.52358312
25496,99,213,58847.47429147
25497,99,214,41224.67556217
25498,99,215,24812.14887563
25499,99,216,15219.19079169
25500,99,217,19610.24753356
25501,99,218,21464.37809605
25502,99,219,49241.56292782
25503,99,220,53597.5441485
25504,99,221,16691.17963375
25505,99,222,31533.61364646
25506,99,223,12521.27310484
25507,99,224,58372.94597926
25508,99,225,16886.90000977
25509,99,226,37197.82015705
25510,99,227,26503.89952045
25511,99,228,60541.92252954
25512,99,229,43799.24891069
25513,99,230,46346.82979268
25514,99,231,8867.43384557
25515,99,232,8761.66183138
25516,99,233,8985.86327955
25517,99,234,8430.53971673
25518,99,235,8623.5344165
25519,99,236,9108.55442893
25520,99,237,8518.97905405
25521,99,238,23550.95312194
25522,99,239,13087.48203913
25523,99,240,21389.41657385
25524,99,241,6550.01228913
25525,99,242,9820.21464992
25526,99,243,8021.68048322
25527,99,244,17601.46864626
25528,99,245,16878.57055225
25529,99,246,18413.34867392
25530,99,247,14107.39693447
25531,99,248,16002.1976356
25532,99,249,22275.29921581
25533,99,250,22737.40195166
25534,99,251,12024.07346484
25535,99,252,7699.27225008
25536,99,253,9386.6559808
25537,99,254,19315.64103667
25538,99,255,20255.65377138
25539,99,256,22838.97511597
25540,99,257,14977.98300911
25541,99,258,8908.64143876
25542,100,1,12006.30282794
25543,100,2,17634.72020733
25544,100,3,13042.89575892
25545,100,4,16355.9201882
25546,100,5,17318.93794481
25547,100,6,16994.7027748
25548,100,7,8005.37350561
25549,100,8,15009.26033071
25550,100,9,14162.03670113
25551,100,10,9042.54458043
25552,100,11,8533.07920995
25553,100,12,9781.92563106
25554,100,13,10989.39396892
25555,100,14,16494.38648475
25556,100,15,15939.82178416
25557,100,16,17967.96171981
25558,100,17,15846.30204918
25559,100,18,15681.3150383
25560,100,19,13459.87208586
25561,100,20,15774.16774494
25562,100,21,17090.05147697
25563,100,22,15896.68670633
25564,100,23,11754.90857666
25565,100,24,12747.35896511
25566,100,25,14728.38666783
25567,100,26,13862.6552419
25568,100,27,16558.06393204
25569,100,28,15586.63702359
25570,100,29,12827.10466857
25571,100,30,15593.50313357
25572,100,31,13134.38427605
25573,100,32,14366.55630692
25574,100,33,18259.22292337
25575,100,34,15535.13306346
25576,100,35,13903.69015036
25577,100,36,17974.88399059
25578,100,37,18911.78660212
25579,100,38,12929.98874497
25580,100,39,11738.41227855
25581,100,40,22387.21564624
25582,100,41,16350.54727021
25583,100,42,11423.97607998
25584,100,43,27258.06230961
25585,100,44,15676.83946468
25586,100,45,11076.11119934
25587,100,46,12388.75503237
25588,100,47,32279.24694044
25589,100,48,33235.03639258
25590,100,49,9471.00277842
25591,100,50,29298.29032651
25592,100,51,8715.85550755
25593,100,52,7636.17159466
25594,100,53,8893.35051377
25595,100,54,6949.62044702
25596,100,55,18165.94684597
25597,100,56,6986.03067718
25598,100,57,13020.95425448
25599,100,58,11452.15103073
25600,100,59,6723.11979158
25601,100,60,8307.95681338
25602,100,61,9016.64133962
25603,100,62,14745.53946468
25604,100,63,8418.05666767
25605,100,64,19423.94661798
25606,100,65,8012.46326499
25607,100,66,10380.45343238
25608,100,67,5899.55232669
25609,100,68,5344.39459016
25610,100,69,32235.15302505
25611,100,70,9088.86530357
25612,100,71,41825.06847434
25613,100,72,18052.49711319
25614,100,73,43173.56030529
25615,100,74,33719.68340487
25616,100,75,20268.94820649
25617,100,76,39935.4359844
25618,100,77,43554.7262571
25619,100,78,44630.59149044
25620,100,79,22679.5348578
25621,100,80,37813.55123347
25622,100,81,36533.3484478
25623,100,82,26003.22806113
25624,100,83,1778.43445249
25625,100,84,38932.02547761
25626,100,85,28360.20485298
25627,100,86,1362.86444574
25628,100,87,7308.45589832
25629,100,88,2160.08384488
25630,100,89,2698.28586
25631,100,90,9011.30589474
25632,100,91,12130.60717664
25633,100,92,5771.1743939
25634,100,93,19770.05228656
25635,100,94,17376.27729576
25636,100,95,10046.16428866
25637,100,96,1574.19928531
25638,100,97,5819.04289196
25639,100,98,4610.48575283
25640,100,99,16759.77550951
25641,100,100,0.0
25642,100,101,13227.35677526
25643,100,102,17024.16285245
25644,100,103,6930.32572737
25645,100,104,2718.66669834
25646,100,105,7167.26039558
25647,100,106,18857.83334707
25648,100,107,11057.13972614
25649,100,108,3313.29809438
25650,100,109,3918.29097053
25651,100,110,9323.06089374
25652,100,111,9339.85262108
25653,100,112,19058.82307318
25654,100,113,9439.17337368
25655,100,114,9964.02850554
25656,100,115,10968.53758717
25657,100,116,12667.95138005
25658,100,117,20061.93151914
25659,100,118,9303.98439357
25660,100,119,12366.96739765
25661,100,120,9669.36652313
25662,100,121,20667.69748327
25663,100,122,9064.40247088
25664,100,123,13500.19572916
25665,100,124,14777.93822471
25666,100,125,11004.04281549
25667,100,126,9352.00196584
25668,100,127,11576.49293797
25669,100,128,21347.17606752
25670,100,129,10549.77624637
25671,100,130,17440.16919392
25672,100,131,9201.90632226
25673,100,132,15579.68801617
25674,100,133,9628.21757422
25675,100,134,26428.56890086
25676,100,135,22974.98627879
25677,100,136,20248.98419663
25678,100,137,10960.78858724
25679,100,138,10351.43677221
25680,100,139,21762.10754563
25681,100,140,16996.32373396
25682,100,141,16128.81838919
25683,100,142,25206.03889934
25684,100,143,27769.37288945
25685,100,144,23800.18329358
25686,100,145,26943.6278161
25687,100,146,12939.881162
25688,100,147,14972.64498505
25689,100,148,18294.02396199
25690,100,149,11265.08965251
25691,100,150,22443.16445099
25692,100,151,15827.09982269
25693,100,152,18113.55456232
25694,100,153,15291.16084788
25695,100,154,13742.73968419
25696,100,155,19127.16555748
25697,100,156,4704.77389152
25698,100,157,12379.59996443
25699,100,158,23608.27910846
25700,100,159,3776.86007746
25701,100,160,20753.22123118
25702,100,161,18601.68183561
25703,100,162,18474.98148349
25704,100,163,6967.98051006
25705,100,164,17792.14584464
25706,100,165,9677.23440657
25707,100,166,6138.34284659
25708,100,167,14613.20113393
25709,100,168,34863.28195384
25710,100,169,32383.55596637
25711,100,170,33526.83103548
25712,100,171,36240.09118766
25713,100,172,35622.22441497
25714,100,173,36055.90957244
25715,100,174,37142.83033885
25716,100,175,37557.01135727
25717,100,176,39017.56704299
25718,100,177,35924.79334853
25719,100,178,10233.76931411
25720,100,179,5744.52404811
25721,100,180,12307.90536617
25722,100,181,17322.34529631
25723,100,182,21061.38042451
25724,100,183,25597.58293808
25725,100,184,14459.33407638
25726,100,185,7658.99426311
25727,100,186,19978.71064888
25728,100,187,24317.98576137
25729,100,188,33294.5922136
25730,100,189,29450.73839854
25731,100,190,26906.92014395
25732,100,191,28594.33395022
25733,100,192,31182.67645554
25734,100,193,28287.5237492
25735,100,194,27600.43339425
25736,100,195,30146.09880732
25737,100,196,34326.01565353
25738,100,197,27625.1081375
25739,100,198,17869.03733814
25740,100,199,20287.21162344
25741,100,200,42231.06652706
25742,100,201,29512.57755243
25743,100,202,50771.64033969
25744,100,203,46379.04305292
25745,100,204,39106.9416725
25746,100,205,31893.40829608
25747,100,206,26709.4462964
25748,100,207,54607.14253161
25749,100,208,21718.67318964
25750,100,209,6933.38253904
25751,100,210,7716.16805515
25752,100,211,10441.01918294
25753,100,212,41042.49407978
25754,100,213,48224.87419856
25755,100,214,29184.80239639
25756,100,215,11709.22743656
25757,100,216,2652.18464404
25758,100,217,6925.25958614
25759,100,218,7995.95334438
25760,100,219,35648.79657115
25761,100,220,39721.89974315
25762,100,221,5940.2916335
25763,100,222,20157.0388246
25764,100,223,4340.62791357
25765,100,224,44223.83025113
25766,100,225,3911.58743982
25767,100,226,25728.46252121
25768,100,227,14391.2854125
25769,100,228,46241.62303379
25770,100,229,31071.82145738
25771,100,230,33178.90681566
25772,100,231,7941.37829881
25773,100,232,8007.70339866
25774,100,233,7901.02371094
25775,100,234,8434.74705476
25776,100,235,8140.38516512
25777,100,236,7911.38980916
25778,100,237,8292.37764216
25779,100,238,33482.12635399
25780,100,239,25915.78042559
25781,100,240,32671.16466109
25782,100,241,16100.10352432
25783,100,242,21928.86884619
25784,100,243,13791.62257769
25785,100,244,29970.50875669
25786,100,245,28953.06810229
25787,100,246,31023.806058
25788,100,247,26272.19261246
25789,100,248,28022.47798301
25790,100,249,33199.81296368
25791,100,250,32157.20431518
25792,100,251,25433.32116982
25793,100,252,17020.89596717
25794,100,253,12678.75653195
25795,100,254,31668.84950752
25796,100,255,32094.98888166
25797,100,256,31580.02779609
25798,100,257,26697.52584786
25799,100,258,19921.29283285
25800,101,1,1707.4332219
25801,101,2,8077.39107133
25802,101,3,1420.69541212
25803,101,4,4234.81362844
25804,101,5,7240.50555039
25805,101,6,6148.68450844
25806,101,7,5330.83526848
25807,101,8,2628.96244334
25808,101,9,2007.07307148
25809,101,10,5113.30421707
25810,101,11,4705.9489814
25811,101,12,3484.56851217
25812,101,13,2563.25236265
25813,101,14,4933.10257188
25814,101,15,3397.34004114
25815,101,16,9295.8652543
25816,101,17,6532.19584399
25817,101,18,5583.63428621
25818,101,19,3749.04832192
25819,101,20,2950.08562137
25820,101,21,9185.47827986
25821,101,22,14057.10666275
25822,101,23,7775.9173454
25823,101,24,6366.16921025
25824,101,25,1538.94793539
25825,101,26,11829.61755341
25826,101,27,7977.28010423
25827,101,28,3517.99070504
25828,101,29,10903.71570042
25829,101,30,4712.18811935
25830,101,31,4676.6596086
25831,101,32,1562.59130639
25832,101,33,10913.96183139
25833,101,34,2329.42530152
25834,101,35,2919.76463998
25835,101,36,16106.84290763
25836,101,37,16677.19206327
25837,101,38,5404.3815176
25838,101,39,8603.92700134
25839,101,40,16721.0961918
25840,101,41,9434.26217715
25841,101,42,7155.57461394
25842,101,43,21775.88734512
25843,101,44,9448.88136932
25844,101,45,5995.95600881
25845,101,46,8149.51022788
25846,101,47,27451.74221271
25847,101,48,28553.85674489
25848,101,49,5655.12125865
25849,101,50,23951.27569634
25850,101,51,4841.98039904
25851,101,52,5679.23845189
25852,101,53,8237.74553093
25853,101,54,6469.67916971
25854,101,55,22781.05274533
25855,101,56,7839.81813172
25856,101,57,14250.72920899
25857,101,58,12125.93977984
25858,101,59,7033.2020783
25859,101,60,5078.86920123
25860,101,61,7698.47112516
25861,101,62,17063.66041628
25862,101,63,6570.88779341
25863,101,64,25240.69255874
25864,101,65,6029.20404583
25865,101,66,10331.60994011
25866,101,67,14328.62311665
25867,101,68,13026.67546781
25868,101,69,41247.03877159
25869,101,70,18823.98831233
25870,101,71,50883.20224863
25871,101,72,27941.0167103
25872,101,73,52483.1923224
25873,101,74,42793.71323425
25874,101,75,30092.04223694
25875,101,76,48845.87518972
25876,101,77,53638.67598154
25877,101,78,54244.34190169
25878,101,79,32384.38051453
25879,101,80,46916.71517251
25880,101,81,45498.68881444
25881,101,82,34934.69824814
25882,101,83,12279.4919751
25883,101,84,47952.04607621
25884,101,85,37322.79943034
25885,101,86,11922.31561011
25886,101,87,16567.17760766
25887,101,88,11999.22203399
25888,101,89,13375.13465763
25889,101,90,4433.08238596
25890,101,91,1098.37726381
25891,101,92,7506.53478072
25892,101,93,7516.1603284
25893,101,94,4712.45460165
25894,101,95,3196.43966732
25895,101,96,14790.20013783
25896,101,97,18967.25488418
25897,101,98,17816.09472786
25898,101,99,3574.5227729
25899,101,100,13227.35677526
25900,101,101,0.0
25901,101,102,3946.07248731
25902,101,103,20094.19785348
25903,101,104,10545.45807848
25904,101,105,6155.75721015
25905,101,106,6170.45618029
25906,101,107,2170.58213935
25907,101,108,16536.11952443
25908,101,109,9325.6413173
25909,101,110,16915.78832176
25910,101,111,8601.25292531
25911,101,112,6061.40311179
25912,101,113,18459.95805383
25913,101,114,5049.74034249
25914,101,115,21339.52254076
25915,101,116,2388.06552231
25916,101,117,6838.6778755
25917,101,118,13599.29313811
25918,101,119,23276.79556348
25919,101,120,10697.60513064
25920,101,121,7442.08831047
25921,101,122,14814.34679958
25922,101,123,2394.37359687
25923,101,124,3531.12758411
25924,101,125,2378.39116575
25925,101,126,11794.71112192
25926,101,127,2951.4870382
25927,101,128,8139.9081797
25928,101,129,3224.90641626
25929,101,130,5370.69528489
25930,101,131,19147.57863401
25931,101,132,4399.68958227
25932,101,133,19935.74669155
25933,101,134,23351.91826163
25934,101,135,19354.68850586
25935,101,136,17337.60305622
25936,101,137,16464.48006058
25937,101,138,17746.73379139
25938,101,139,18361.17625132
25939,101,140,16609.04091001
25940,101,141,17445.79649439
25941,101,142,22512.21325363
25942,101,143,24129.36366431
25943,101,144,20885.95528299
25944,101,145,22677.64105952
25945,101,146,16585.85180398
25946,101,147,5398.16108847
25947,101,148,5443.16822831
25948,101,149,5515.90262392
25949,101,150,10896.61093406
25950,101,151,3809.35447971
25951,101,152,5057.23115458
25952,101,153,4851.93142063
25953,101,154,5957.03580082
25954,101,155,7603.49810658
25955,101,156,9405.07682121
25956,101,157,5169.10199351
25957,101,158,12414.39442521
25958,101,159,10274.5773156
25959,101,160,9195.30448585
25960,101,161,6518.26352636
25961,101,162,6050.98467046
25962,101,163,7648.85229877
25963,101,164,4612.50378594
25964,101,165,5866.44000492
25965,101,166,8086.05364717
25966,101,167,5855.09707113
25967,101,168,27823.82461537
25968,101,169,25806.13659316
25969,101,170,26561.93022855
25970,101,171,29066.5786123
25971,101,172,27380.16636017
25972,101,173,28098.02694583
25973,101,174,29503.75432453
25974,101,175,28383.28963097
25975,101,176,29201.38020835
25976,101,177,27304.88183051
25977,101,178,23459.64991053
25978,101,179,18969.49014041
25979,101,180,25534.09018779
25980,101,181,30284.48310943
25981,101,182,33709.41092532
25982,101,183,38207.56837929
25983,101,184,27606.81854718
25984,101,185,20882.83349925
25985,101,186,32756.70264476
25986,101,187,36910.29151678
25987,101,188,35951.50729982
25988,101,189,34469.43976285
25989,101,190,35005.57453868
25990,101,191,34651.78109312
25991,101,192,34551.63160302
25992,101,193,34780.79681707
25993,101,194,34887.29583645
25994,101,195,34283.5728821
25995,101,196,36041.80841362
25996,101,197,36197.81325574
25997,101,198,13039.46498916
25998,101,199,16049.68002538
25999,101,200,44619.03407924
26000,101,201,29094.69294199
26001,101,202,54258.41991846
26002,101,203,49506.31478656
26003,101,204,41068.00368233
26004,101,205,33298.60891464
26005,101,206,24979.4088656
26006,101,207,57779.55979222
26007,101,208,19061.5544787
26008,101,209,9258.1914021
26009,101,210,5513.49063374
26010,101,211,13143.85896366
26011,101,212,49120.82711613
26012,101,213,56708.59833069
26013,101,214,38087.53844846
26014,101,215,21403.7904335
26015,101,216,11644.67071338
26016,101,217,16134.73257215
26017,101,218,17980.48183223
26018,101,219,45942.18153455
26019,101,220,50274.23832612
26020,101,221,13226.50994288
26021,101,222,28391.71573635
26022,101,223,8959.60396541
26023,101,224,55024.82588134
26024,101,225,13333.48401184
26025,101,226,34104.45272196
26026,101,227,23209.64771441
26027,101,228,57178.35221618
26028,101,229,40587.92799606
26029,101,230,43090.78281706
26030,101,231,5421.23555029
26031,101,232,5272.13928216
26032,101,233,5594.87205659
26033,101,234,4857.86491449
26034,101,235,5089.00291078
26035,101,236,5789.83318865
26036,101,237,4955.17794059
26037,101,238,25477.26431078
26038,101,239,15538.42560887
26039,101,240,23627.77480054
26040,101,241,6936.69636671
26041,101,242,11838.58973581
26042,101,243,7122.92698135
26043,101,244,20054.10828381
26044,101,245,19225.44383009
26045,101,246,20954.50960766
26046,101,247,16386.42657914
26047,101,248,18305.66074007
26048,101,249,24436.78501248
26049,101,250,24508.8724707
26050,101,251,14625.26756116
26051,101,252,8290.46152096
26052,101,253,7982.56379564
26053,101,254,21803.94233008
26054,101,255,22621.5866587
26055,101,256,24433.97102984
26056,101,257,17152.88310003
26057,101,258,10414.76854046
26058,102,1,5028.69968296
26059,102,2,6492.68365982
26060,102,3,4016.53240021
26061,102,4,2152.35498416
26062,102,5,5574.41420362
26063,102,6,4306.93869679
26064,102,7,9248.91525605
26065,102,8,2271.60831325
26066,102,9,3001.39525704
26067,102,10,9024.83006682
26068,102,11,8580.98933689
26069,102,12,7249.92634941
26070,102,13,6050.66307801
26071,102,14,3045.94192931
26072,102,15,1574.76936657
26073,102,16,7912.11339398
26074,102,17,8022.80869032
26075,102,18,6969.55427557
26076,102,19,4769.05374693
26077,102,20,3121.65188096
26078,102,21,10622.80071264
26079,102,22,14654.16349704
26080,102,23,9323.44541681
26081,102,24,7510.40328785
26082,102,25,2414.99557267
26083,102,26,12798.73037754
26084,102,27,9395.95536779
26085,102,28,4364.3587054
26086,102,29,12140.68647427
26087,102,30,5950.10387878
26088,102,31,5758.98686787
26089,102,32,2659.23457874
26090,102,33,12242.79094121
26091,102,34,2130.83835635
26092,102,35,3774.8101459
26093,102,36,16391.47461652
26094,102,37,16765.6673104
26095,102,38,6522.83010279
26096,102,39,10141.52107739
26097,102,40,17957.44081726
26098,102,41,11252.36478276
26099,102,42,10438.76309726
26100,102,43,22704.74660641
26101,102,44,11535.46979466
26102,102,45,9418.32144722
26103,102,46,11183.27388496
26104,102,47,28338.92659876
26105,102,48,29449.48175636
26106,102,49,9454.17009419
26107,102,50,24811.16462971
26108,102,51,8787.77969745
26109,102,52,9587.40982693
26110,102,53,10799.84125062
26111,102,54,10392.2728444
26112,102,55,24362.81454581
26113,102,56,11764.9753747
26114,102,57,15775.67654693
26115,102,58,13892.53003625
26116,102,59,10977.02762439
26117,102,60,8735.55714239
26118,102,61,11429.07241865
26119,102,62,18509.24284608
26120,102,63,9593.07162405
26121,102,64,27005.99893564
26122,102,65,9380.10467621
26123,102,66,12338.73021706
26124,102,67,17450.73434845
26125,102,68,16195.82083052
26126,102,69,43473.4310725
26127,102,70,21826.07246717
26128,102,71,53019.68190129
26129,102,72,30648.04120759
26130,102,73,54684.08655403
26131,102,74,45018.65836726
26132,102,75,32732.97544501
26133,102,76,50955.98539616
26134,102,77,56075.49533634
26135,102,78,56527.37563433
26136,102,79,34947.41668891
26137,102,80,49104.3472336
26138,102,81,47659.91384088
26139,102,82,37237.05567364
26140,102,83,16168.3599395
26141,102,84,50104.13693133
26142,102,85,39592.53200443
26143,102,86,15750.23574625
26144,102,87,19624.15147962
26145,102,88,15640.02544219
26146,102,89,17302.40913871
26147,102,90,8040.63175923
26148,102,91,4987.16926343
26149,102,92,11256.34446552
26150,102,93,3985.42295094
26151,102,94,1351.39236258
26152,102,95,7096.30189353
26153,102,96,18569.96570896
26154,102,97,22808.59707895
26155,102,98,21631.57533105
26156,102,99,646.28808855
26157,102,100,17024.16285245
26158,102,101,3946.07248731
26159,102,102,0.0
26160,102,103,23932.03582478
26161,102,104,14382.2205984
26162,102,105,9866.51653832
26163,102,106,2422.07546772
26164,102,107,6040.2649956
26165,102,108,20313.98274622
26166,102,109,13105.95058911
26167,102,110,20748.57897626
26168,102,111,12255.10698949
26169,102,112,2117.40383221
26170,102,113,22344.83882705
26171,102,114,8821.45014125
26172,102,115,25257.90069164
26173,102,116,4635.3613064
26174,102,117,3215.88534559
26175,102,118,17309.64433601
26176,102,119,27206.10679755
26177,102,120,14297.39388391
26178,102,121,3950.44257839
26179,102,122,18586.5546243
26180,102,123,3876.47897564
26181,102,124,3336.99880895
26182,102,125,6324.28100378
26183,102,126,15451.57464915
26184,102,127,5728.94232201
26185,102,128,4768.92323694
26186,102,129,7133.60524578
26187,102,130,2583.41247312
26188,102,131,23065.02598276
26189,102,132,3382.3619338
26190,102,133,23860.21264049
26191,102,134,22587.18696893
26192,102,135,18686.86147825
26193,102,136,17115.14526225
26194,102,137,18774.84342254
26195,102,138,20348.69789244
26196,102,139,17860.90029277
26197,102,140,17313.15289636
26198,102,141,18565.86278416
26199,102,142,21927.850774
26200,102,143,23130.79100922
26201,102,144,20340.64051637
26202,102,145,21546.4605779
26203,102,146,18436.98795638
26204,102,147,5097.70577934
26205,102,148,3739.21328048
26206,102,149,7545.24241325
26207,102,150,9639.52992056
26208,102,151,2319.06302074
26209,102,152,2944.39261486
26210,102,153,4209.66716979
26211,102,154,6542.02277069
26212,102,155,7037.47491913
26213,102,156,12918.69229719
26214,102,157,6651.91431506
26215,102,158,11255.07155297
26216,102,159,13843.93977617
26217,102,160,8214.67964907
26218,102,161,5671.58893792
26219,102,162,4900.07215798
26220,102,163,10907.46756189
26221,102,164,2139.38348579
26222,102,165,8561.26735964
26223,102,166,11495.80155516
26224,102,167,5862.24841955
26225,102,168,27881.92448746
26226,102,169,26124.64779381
26227,102,170,26697.17518986
26228,102,171,29028.36141567
26229,102,172,26949.45972002
26230,102,173,27766.42932427
26231,102,174,29261.34501618
26232,102,175,27493.83740621
26233,102,176,27975.06848135
26234,102,177,26707.41929884
26235,102,178,27229.53347838
26236,102,179,22744.47127537
26237,102,180,29322.23079367
26238,102,181,34184.25012598
26239,102,182,37643.85429209
26240,102,183,42146.13343321
26241,102,184,31458.19958644
26242,102,185,24680.18036069
26243,102,186,36680.99997298
26244,102,187,40849.18212941
26245,102,188,38614.58514905
26246,102,189,37615.1940841
26247,102,190,38615.55379062
26248,102,191,37969.43323789
26249,102,192,37386.61463436
26250,102,193,38165.39405467
26251,102,194,38388.27380317
26252,102,195,37272.20080076
26253,102,196,38496.9029045
26254,102,197,39858.44519451
26255,102,198,14986.18629766
26256,102,199,17837.99539453
26257,102,200,47093.75757658
26258,102,201,31214.13999599
26259,102,202,56882.37922724
26260,102,203,52092.63117883
26261,102,204,43493.95536753
26262,102,205,35740.32838087
26263,102,206,26910.83104607
26264,102,207,60306.84171739
26265,102,208,21068.26567017
26266,102,209,12263.97958855
26267,102,210,9330.00331517
26268,102,211,15256.66727813
26269,102,212,50977.04276772
26270,102,213,58620.19649204
26271,102,214,41776.40779902
26272,102,215,25290.19609131
26273,102,216,15560.91540266
26274,102,217,20058.13361309
26275,102,218,21908.38431915
26276,102,219,49757.67544139
26277,102,220,54107.25245713
26278,102,221,17143.26139811
26279,102,222,32082.62930118
26280,102,223,12826.10216676
26281,102,224,58875.43933888
26282,102,225,17279.03514433
26283,102,226,37756.77285066
26284,102,227,27017.78336047
26285,102,228,61039.55222348
26286,102,229,44336.28075904
26287,102,230,46873.81604808
26288,102,231,9098.39945519
26289,102,232,9016.46107053
26290,102,233,9190.85584684
26291,102,234,8767.39154006
26292,102,235,8909.79123329
26293,102,236,9283.97493603
26294,102,237,8836.71645315
26295,102,238,22905.04586695
26296,102,239,12446.07955527
26297,102,240,20744.89462078
26298,102,241,6071.11603708
26299,102,242,9176.36067135
26300,102,243,7702.25393578
26301,102,244,16962.15996981
26302,102,245,16235.54752473
26303,102,246,17778.4134656
26304,102,247,13462.20844106
26305,102,248,15357.9231811
26306,102,249,21629.73484059
26307,102,250,22093.73548054
26308,102,251,11388.52170332
26309,102,252,7175.43130199
26310,102,253,9127.98150612
26311,102,254,18678.45892309
26312,102,255,19614.06255081
26313,102,256,22199.82537383
26314,102,257,14331.86153052
26315,102,258,8289.64651518
26316,103,1,18925.10893379
26317,103,2,24370.85433848
26318,103,3,19965.1150392
26319,103,4,23284.44650011
26320,103,5,24118.42439152
26321,103,6,23863.33042815
26322,103,7,14799.15220463
26323,103,8,21937.47196333
26324,103,9,21089.12697274
26325,103,10,15600.44206945
26326,103,11,15388.25113363
26327,103,12,16682.38582941
26328,103,13,17911.16417226
26329,103,14,23407.60572633
26330,103,15,22868.49465505
26331,103,16,24580.00310705
26332,103,17,21964.37202894
26333,103,18,21974.06782553
26334,103,19,20360.37479761
26335,103,20,22529.02202731
26336,103,21,22733.3556621
26337,103,22,21219.82917636
26338,103,23,18235.965839
26339,103,24,19438.73961724
26340,103,25,21610.66953912
26341,103,26,19562.08914686
26342,103,27,22432.70927625
26343,103,28,22225.6252336
26344,103,29,18681.91223087
26345,103,30,22037.032106
26346,103,31,19983.35834936
26347,103,32,21278.14127641
26348,103,33,23613.4209158
26349,103,34,22379.72183245
26350,103,35,20829.80466476
26351,103,36,23027.47591959
26352,103,37,23973.15783764
26353,103,38,19721.28505531
26354,103,39,18068.38551097
26355,103,40,26753.42120478
26356,103,41,21820.67453902
26357,103,42,17194.796264
26358,103,43,31156.93724764
26359,103,44,21054.6561174
26360,103,45,17158.62463573
26361,103,46,17880.82266213
26362,103,47,35592.31870524
26363,103,48,36432.57330361
26364,103,49,15806.35381724
26365,103,50,33007.74898901
26366,103,51,15435.09061346
26367,103,52,14437.8510646
26368,103,53,15357.49918604
26369,103,54,13690.88188537
26370,103,55,20314.19301718
26371,103,56,13152.23523622
26372,103,57,17833.11432053
26373,103,58,16847.61266632
26374,103,59,13306.50727027
26375,103,60,15234.17503362
26376,103,61,14811.48270028
26377,103,62,18724.22918618
26378,103,63,15219.69314614
26379,103,64,20631.68029061
26380,103,65,14912.4335252
26381,103,66,16281.13920722
26382,103,67,9936.64008418
26383,103,68,10297.43056729
26384,103,69,29940.11928005
26385,103,70,9991.40442578
26386,103,71,39128.0754615
26387,103,72,16219.70060282
26388,103,73,40247.94690746
26389,103,74,31304.47210513
26390,103,75,18198.74707816
26391,103,76,37408.17387579
26392,103,77,40011.67797469
26393,103,78,41434.50302642
26394,103,79,20459.15145525
26395,103,80,35210.92311121
26396,103,81,34084.95754441
26397,103,82,24165.96557924
26398,103,83,7872.69293205
26399,103,84,36354.6219731
26400,103,85,26327.59481372
26401,103,86,8181.88841618
26402,103,87,9695.18794282
26403,103,88,8660.57255956
26404,103,89,7129.16152443
26405,103,90,15938.2452441
26406,103,91,19002.78472031
26407,103,92,12694.26987901
26408,103,93,26690.48010893
26409,103,94,24305.64928639
26410,103,95,16899.2164139
26411,103,96,5442.9831925
26412,103,97,1128.44423692
26413,103,98,2340.07920405
26414,103,99,23648.4299062
26415,103,100,6930.32572737
26416,103,101,20094.19785348
26417,103,102,23932.03582478
26418,103,103,0.0
26419,103,104,9553.03690734
26420,103,105,14092.04713637
26421,103,106,25788.02945846
26422,103,107,17930.30719348
26423,103,108,3774.56282618
26424,103,109,10838.49543018
26425,103,110,10050.80865025
26426,103,111,14783.30449428
26427,103,112,25979.07817301
26428,103,113,8762.5015031
26429,103,114,16377.36778777
26430,103,115,8032.87766423
26431,103,116,19597.93069363
26432,103,117,26932.320929
26433,103,118,12400.39732948
26434,103,119,8299.45792291
26435,103,120,14258.16705242
26436,103,121,27516.90022526
26437,103,122,11358.07912112
26438,103,123,20430.23974151
26439,103,124,21699.70329471
26440,103,125,17814.91700487
26441,103,126,13434.93103148
26442,103,127,18504.75126963
26443,103,128,28171.79797999
26444,103,129,17267.18919144
26445,103,130,24363.63219376
26446,103,131,7639.86454666
26447,103,132,22489.4658268
26448,103,133,7388.02116065
26449,103,134,31142.17837054
26450,103,135,28107.60512326
26451,103,136,25387.98366375
26452,103,137,14344.65128829
26453,103,138,12724.73905419
26454,103,139,26920.5968853
26455,103,140,21670.85380908
26456,103,141,20276.13198104
26457,103,142,29865.2627408
26458,103,143,32600.45059356
26459,103,144,28638.36984249
26460,103,145,32030.33885959
26461,103,146,16718.3797727
26462,103,147,21810.35276199
26463,103,148,25006.10911392
26464,103,149,18052.4505164
26465,103,150,28701.67756821
26466,103,151,22755.84889739
26467,103,152,24885.7755559
26468,103,153,22172.86288936
26469,103,154,20497.13310584
26470,103,155,25500.26041793
26471,103,156,11471.12614518
26472,103,157,19188.44798728
26473,103,158,29723.97343555
26474,103,159,10501.33856806
26475,103,160,27071.77526751
26476,103,161,25124.57483076
26477,103,162,25079.83480323
26478,103,163,13747.55325493
26479,103,164,24612.34790313
26480,103,165,16482.91900995
26481,103,166,12951.99216517
26482,103,167,21402.76881288
26483,103,168,39013.26028542
26484,103,169,36443.97480005
26485,103,170,37699.20525186
26486,103,171,40396.07030111
26487,103,172,40250.27984797
26488,103,173,40551.06554516
26489,103,174,41467.47425303
26490,103,175,42518.35662612
26491,103,176,44215.76093004
26492,103,177,40700.36281833
26493,103,178,3668.70231849
26494,103,179,1737.93023216
26495,103,180,5548.22861348
26496,103,181,10448.41974151
26497,103,182,14358.59062421
26498,103,183,18874.58867757
26499,103,184,7530.51555718
26500,103,185,1189.11200265
26501,103,186,13199.292909
26502,103,187,17616.88228991
26503,103,188,32789.0562122
26504,103,189,27808.55300448
26505,103,190,23414.05103776
26506,103,191,26357.77310296
26507,103,192,30406.7670963
26508,103,193,25789.24799393
26509,103,194,24620.92883491
26510,103,195,28990.08814022
26511,103,196,34282.65755688
26512,103,197,23750.18356534
26513,103,198,22469.04083795
26514,103,199,24342.8882273
26515,103,200,41441.3623307
26516,103,201,30923.53627365
26517,103,202,49102.8092578
26518,103,203,45034.622928
26519,103,204,38682.96308589
26520,103,205,32172.85011935
26521,103,206,28998.17921122
26522,103,207,53021.00655327
26523,103,208,24950.56586729
26524,103,209,13328.38928527
26525,103,210,14604.67641577
26526,103,211,15379.94925808
26527,103,212,39090.09725246
26528,103,213,45784.53652539
26529,103,214,24990.13864782
26530,103,215,9266.39707224
26531,103,216,8628.25806244
26532,103,217,7812.08310718
26533,103,218,7173.04887694
26534,103,219,30282.99159171
26535,103,220,34113.42914579
26536,103,221,9392.01401682
26537,103,222,17205.63877065
26538,103,223,11136.50062344
26539,103,224,38404.05263395
26540,103,225,7798.95738728
26541,103,226,22121.99573448
26542,103,227,11998.97341416
26543,103,228,40321.61086475
26544,103,229,26366.06480351
26545,103,230,28130.85628144
26546,103,231,14867.13924136
26547,103,232,14921.25529068
26548,103,233,14831.34886112
26549,103,234,15253.53318152
26550,103,235,15026.7465246
26551,103,236,14835.59378365
26552,103,237,15139.66893084
26553,103,238,39446.77290042
26554,103,239,32563.6023199
26555,103,240,38921.85260113
26556,103,241,22855.59300248
26557,103,242,28609.27077784
26558,103,243,20416.15435727
26559,103,244,36465.75969716
26560,103,245,35426.34837164
26561,103,246,37535.08805675
26562,103,247,32826.69049681
26563,103,248,34510.67489411
26564,103,249,39370.54432234
26565,103,250,38055.92823729
26566,103,251,32157.27720896
26567,103,252,23685.25756813
26568,103,253,19141.85498661
26569,103,254,38126.9317709
26570,103,255,38458.21478611
26571,103,256,37354.13353592
26572,103,257,33178.08334353
26573,103,258,26573.67588432
26574,104,1,9389.14699153
26575,104,2,15456.40786319
26576,104,3,10433.97372137
26577,104,4,13823.9372407
26578,104,5,15058.82373919
26579,104,6,14626.18599101
26580,104,7,5290.44929642
26581,104,8,12423.00668791
26582,104,9,11570.6563986
26583,104,10,6353.00113392
26584,104,11,5841.01451327
26585,104,12,7132.5646323
26586,104,13,8382.7612009
26587,104,14,14027.53273689
26588,104,15,13355.32708992
26589,104,16,15929.65966427
26590,104,17,13245.55016404
26591,104,18,13030.12328628
26592,104,19,11044.52051987
26593,104,20,13058.6412499
26594,104,21,14642.97073087
26595,104,22,14963.48333611
26596,104,23,9982.29674312
26597,104,24,10692.13803845
26598,104,25,12058.34951558
26599,104,26,12729.03723092
26600,104,27,14033.00092856
26601,104,28,12870.00361599
26602,104,29,11611.47126505
26603,104,30,12906.0352993
26604,104,31,10832.78301944
26605,104,32,11731.70353369
26606,104,33,15907.40719532
26607,104,34,12842.04903444
26608,104,35,11395.74100323
26609,104,36,17156.31879561
26610,104,37,18062.61703944
26611,104,38,10728.54907259
26612,104,39,10129.97180548
26613,104,40,20364.69966465
26614,104,41,13978.30965918
26615,104,42,9015.96076498
26616,104,43,25358.83139262
26617,104,44,13351.68578614
26618,104,45,8538.12329596
26619,104,46,10083.43277428
26620,104,47,30554.31443041
26621,104,48,31545.5093211
26622,104,49,6854.70355881
26623,104,50,27450.83824339
26624,104,51,5997.76483612
26625,104,52,4922.30234933
26626,104,53,7276.7375784
26627,104,54,4231.55987041
26628,104,55,18833.18133367
26629,104,56,4531.81749501
26630,104,57,12554.99931638
26631,104,58,10674.91300161
26632,104,59,4047.53589975
26633,104,60,5731.08197974
26634,104,61,6677.75132359
26635,104,62,14682.32812859
26636,104,63,6311.01279662
26637,104,64,20424.80392197
26638,104,65,5675.23051792
26639,104,66,9257.7470018
26640,104,67,6780.94989924
26641,104,68,5762.26105656
26642,104,69,34155.71510514
26643,104,70,10783.97825168
26644,104,71,43800.64622252
26645,104,72,20045.47215944
26646,104,73,45206.30602965
26647,104,74,35662.45229305
26648,104,75,22275.02322697
26649,104,76,41872.55794534
26650,104,77,45748.16829922
26651,104,78,46730.60205744
26652,104,79,24683.58071353
26653,104,80,39782.67785378
26654,104,81,38467.05856512
26655,104,82,27858.58402177
26656,104,83,1960.52813454
26657,104,84,40888.23965203
26658,104,85,30242.93458355
26659,104,86,1378.75814404
26660,104,87,8707.68733384
26661,104,88,2480.40277818
26662,104,89,3441.86569815
26663,104,90,6434.61718685
26664,104,91,9452.02758745
26665,104,92,3203.7999766
26666,104,93,17270.32577788
26667,104,94,14795.60872712
26668,104,95,7354.16456906
26669,104,96,4292.67195704
26670,104,97,8427.89317991
26671,104,98,7271.59092028
26672,104,99,14095.53976998
26673,104,100,2718.66669834
26674,104,101,10545.45807848
26675,104,102,14382.2205984
26676,104,103,9553.03690734
26677,104,104,0.0
26678,104,105,4591.20516561
26679,104,106,16286.87652805
26680,104,107,8378.93322366
26681,104,108,6026.13910868
26682,104,109,1404.17195417
26683,104,110,9584.46163577
26684,104,111,7179.25348454
26685,104,112,16439.25991913
26686,104,113,10243.9702937
26687,104,114,7312.62760374
26688,104,115,12368.27795681
26689,104,116,10130.44371204
26690,104,117,17384.08544205
26691,104,118,8446.81713396
26692,104,119,14013.54248525
26693,104,120,7964.28399301
26694,104,121,17978.38051966
26695,104,122,8647.24745624
26696,104,123,10958.39373032
26697,104,124,12287.71434491
26698,104,125,8296.0174853
26699,104,126,7957.97851747
26700,104,127,9064.64475541
26701,104,128,18648.31149924
26702,104,129,7831.16391896
26703,104,130,14934.00061009
26704,104,131,10355.85770236
26705,104,132,13126.75557842
26706,104,133,10949.28287511
26707,104,134,25645.94077862
26708,104,135,21997.5992031
26709,104,136,19319.47676891
26710,104,137,11460.20616313
26711,104,138,11375.19663644
26712,104,139,20790.01643294
26713,104,140,16441.72792959
26714,104,141,15911.0525267
26715,104,142,24472.07940626
26716,104,143,26902.39670468
26717,104,144,22985.89262046
26718,104,145,25937.3415834
26719,104,146,13085.85933298
26720,104,147,12672.56691173
26721,104,148,15575.92685188
26722,104,149,9099.64363356
26723,104,150,19781.38941128
26724,104,151,13294.566477
26725,104,152,15401.14752461
26726,104,153,12907.13910994
26727,104,154,11584.05930843
26728,104,155,16446.86310763
26729,104,156,3043.5373015
26730,104,157,10158.28597908
26731,104,158,20978.10991183
26732,104,159,2507.72433484
26733,104,160,18081.41134324
26734,104,161,15895.56510059
26735,104,162,15759.71190832
26736,104,163,4986.4598377
26737,104,164,15090.71257619
26738,104,165,7518.81851755
26739,104,166,4145.86889778
26740,104,167,12392.40100713
26741,104,168,32816.25166599
26742,104,169,30383.14741497
26743,104,170,31479.3633162
26744,104,171,34183.84633202
26745,104,172,33406.8282275
26746,104,173,33883.57991035
26747,104,174,35023.97953648
26748,104,175,35225.56345804
26749,104,176,36608.59396838
26750,104,177,33659.09366039
26751,104,178,12935.87103538
26752,104,179,8451.55897751
26753,104,180,14995.92085024
26754,104,181,19842.45652243
26755,104,182,23453.35399689
26756,104,183,27984.72771272
26757,104,184,17076.19549322
26758,104,185,10343.39017653
26759,104,186,22421.56629257
26760,104,187,26695.75560043
26761,104,188,33034.32324168
26762,104,189,29687.89356193
26763,104,190,27905.61396843
26764,104,191,29077.07160981
26765,104,192,31055.33280988
26766,104,193,28877.22009656
26767,104,194,28388.48203359
26768,104,195,30182.43858341
26769,104,196,33872.99507822
26770,104,197,28762.70170236
26771,104,198,15824.77774131
26772,104,199,18420.84402016
26773,104,200,41998.37091518
26774,104,201,28550.4595845
26775,104,202,50833.59176348
26776,104,203,46336.7370611
26777,104,204,38756.01836329
26778,104,205,31342.97724031
26779,104,206,25442.55359108
26780,104,207,54618.20278762
26781,104,208,20160.70402567
26782,104,209,5585.67361948
26783,104,210,5052.57982484
26784,104,211,10069.61715422
26785,104,212,42807.60753543
26786,104,213,50102.19079205
26787,104,214,30429.17747016
26788,104,215,12883.22238687
26789,104,216,1846.2230439
26790,104,217,7586.98456561
26791,104,218,9091.38394525
26792,104,219,37326.91483375
26793,104,220,41489.54830037
26794,104,221,5558.21053598
26795,104,222,21091.84595308
26796,104,223,1622.0136231
26797,104,224,46075.31215807
26798,104,225,4130.91688064
26799,104,226,26789.95757932
26800,104,227,15359.27563282
26801,104,228,48136.54735555
26802,104,229,32503.31130661
26803,104,230,34735.81718922
26804,104,231,5364.37637124
26805,104,232,5386.42668878
26806,104,233,5381.90174432
26807,104,234,5726.37996111
26808,104,235,5474.0639358
26809,104,236,5468.09308094
26810,104,237,5595.59460156
26811,104,238,31860.735032
26812,104,239,23783.82764277
26813,104,240,30847.87662709
26814,104,241,13911.19837933
26815,104,242,19784.03447873
26816,104,243,11799.75413222
26817,104,244,27962.28667029
26818,104,245,26968.43571096
26819,104,246,28997.3399139
26820,104,247,24228.52626115
26821,104,248,26029.4687307
26822,104,249,31433.57804283
26823,104,250,30588.67994404
26824,104,251,23223.1302537
26825,104,252,14934.78398926
26826,104,253,10896.92071448
26827,104,254,29685.19957204
26828,104,255,30186.98596267
26829,104,256,30099.02321191
26830,104,257,24718.2603302
26831,104,258,17821.07732507
26832,105,1,4841.41620151
26833,105,2,11121.57041278
26834,105,3,5875.74916197
26835,105,4,9232.75368047
26836,105,5,10637.43002245
26837,105,6,10107.39363094
26838,105,7,1830.67465892
26839,105,8,7846.71034345
26840,105,9,6997.33538143
26841,105,10,3576.31070215
26842,105,11,1760.99261374
26843,105,12,2671.19005215
26844,105,13,3822.69472396
26845,105,14,9449.99935833
26846,105,15,8778.38553583
26847,105,16,11763.18451673
26848,105,17,10305.01892808
26849,105,18,9796.21282464
26850,105,19,6510.55564891
26851,105,20,8902.04181818
26852,105,21,12322.15677939
26853,105,22,12610.96616466
26854,105,23,6526.13395624
26855,105,24,6660.51135452
26856,105,25,7613.45203477
26857,105,26,10193.29749655
26858,105,27,11421.03227251
26859,105,28,8967.32677713
26860,105,29,9034.24498253
26861,105,30,9395.81426484
26862,105,31,6422.91767103
26863,105,32,7207.30438663
26864,105,33,13868.50213769
26865,105,34,8484.89305545
26866,105,35,6808.11559388
26867,105,36,14874.67751678
26868,105,37,15687.78623454
26869,105,38,6460.41000385
26870,105,39,6976.68828582
26871,105,40,19116.21096429
26872,105,41,11976.84131875
26873,105,42,7400.15897002
26874,105,43,24280.30776196
26875,105,44,11559.38218591
26876,105,45,6406.51223169
26877,105,46,8693.06822785
26878,105,47,29780.96114106
26879,105,48,30835.15009199
26880,105,49,4620.4992033
26881,105,50,26451.75254759
26882,105,51,2663.26102498
26883,105,52,1621.78420371
26884,105,53,4642.72645529
26885,105,54,1942.83235184
26886,105,55,18975.32900599
26887,105,56,4252.11691733
26888,105,57,11220.05476237
26889,105,58,9020.51113364
26890,105,59,2765.54866288
26891,105,60,1143.02239254
26892,105,61,5887.56627806
26893,105,62,13844.17744756
26894,105,63,2749.04984569
26895,105,64,21069.06053035
26896,105,65,1628.29165538
26897,105,66,7189.99859215
26898,105,67,8625.7092932
26899,105,68,7312.18334355
26900,105,69,36205.34848206
26901,105,70,13147.96657207
26902,105,71,45886.62439768
26903,105,72,22465.90983515
26904,105,73,47404.60600308
26905,105,74,37742.32083341
26906,105,75,24668.34472495
26907,105,76,43891.29479413
26908,105,77,48295.41445327
26909,105,78,49065.83442054
26910,105,79,27026.45083346
26911,105,80,41882.38695884
26912,105,81,40504.17553811
26913,105,82,29858.84834833
26914,105,83,6489.17995267
26915,105,84,42953.23810662
26916,105,85,32262.58406095
26917,105,86,5928.28455219
26918,105,87,10877.83996161
26919,105,88,5844.33542546
26920,105,89,7818.53801141
26921,105,90,1847.72066639
26922,105,91,5061.36960492
26923,105,92,1398.11060995
26924,105,93,12680.98455751
26925,105,94,10217.11770509
26926,105,95,3108.01903568
26927,105,96,8704.9381697
26928,105,97,12974.16556689
26929,105,98,11777.74191097
26930,105,99,9627.03862932
26931,105,100,7167.26039558
26932,105,101,6155.75721015
26933,105,102,9866.51653832
26934,105,103,14092.04713637
26935,105,104,4591.20516561
26936,105,105,0.0
26937,105,106,11704.39735718
26938,105,107,4006.37346516
26939,105,108,10448.00030604
26940,105,109,3253.92110697
26941,105,110,12887.85745311
26942,105,111,6845.59414201
26943,105,112,11891.83475798
26944,105,113,14001.79196374
26945,105,114,4683.88100428
26946,105,115,16505.51698668
26947,105,116,5539.27758144
26948,105,117,12946.49088286
26949,105,118,10523.37571395
26950,105,119,18285.81064764
26951,105,120,8613.45818768
26952,105,121,13580.20737164
26953,105,122,11290.55533556
26954,105,123,6367.29280068
26955,105,124,7704.14667377
26956,105,125,4159.43989046
26957,105,126,9236.35029711
26958,105,127,4479.77061939
26959,105,128,14292.84369241
26960,105,129,4081.22877384
26961,105,130,10344.45233051
26962,105,131,14380.37057815
26963,105,132,8557.55402278
26964,105,133,15070.46842291
26965,105,134,23152.94794516
26966,105,135,19280.76893981
26967,105,136,16762.327235
26968,105,137,11883.39147811
26969,105,138,12644.04945312
26970,105,139,18115.50616745
26971,105,140,14645.22089514
26972,105,141,14720.87448454
26973,105,142,22081.85368041
26974,105,143,24253.33278843
26975,105,144,20503.45470964
26976,105,145,23089.9865586
26977,105,146,12743.66824084
26978,105,147,8234.4524982
26979,105,148,11456.9470362
26980,105,149,4970.82986321
26981,105,150,16291.1724527
26982,105,151,8703.37273475
26983,105,152,11169.61195135
26984,105,153,8385.70079155
26985,105,154,7351.26999976
26986,105,155,12891.0079237
26987,105,156,3369.21376526
26988,105,157,5880.68932866
26989,105,158,17650.42107206
26990,105,159,4159.42936671
26991,105,160,14554.23995777
26992,105,161,12108.57835047
26993,105,162,11832.84675816
26994,105,163,2475.23804303
26995,105,164,10766.38740937
26996,105,165,3562.27742591
26997,105,166,2374.32529845
26998,105,167,8053.56365339
26999,105,168,31243.87390462
27000,105,169,28961.99462779
27001,105,170,29923.50212226
27002,105,171,32571.514355
27003,105,172,31380.54235149
27004,105,173,31970.18022324
27005,105,174,33240.66970571
27006,105,175,32846.60458032
27007,105,176,33978.61378463
27008,105,177,31488.01289837
27009,105,178,17363.36968216
27010,105,179,12877.98479636
27011,105,180,19456.03950469
27012,105,181,24428.70231978
27013,105,182,28038.22737869
27014,105,183,32567.42650114
27015,105,184,21622.56231542
27016,105,185,14816.39152288
27017,105,186,27012.19411691
27018,105,187,31276.99373342
27019,105,188,34894.97338093
27020,105,189,32298.90921933
27021,105,190,31450.61006276
27022,105,191,32012.16079028
27023,105,192,33139.66489805
27024,105,193,31946.04633056
27025,105,194,31695.98013719
27026,105,195,32512.7293083
27027,105,196,35424.44354542
27028,105,197,32445.55037609
27029,105,198,14721.70889488
27030,105,199,17642.95222549
27031,105,200,43810.68437605
27032,105,201,29330.76423675
27033,105,202,53028.08104877
27034,105,203,48404.11815067
27035,105,204,40414.16978828
27036,105,205,32773.51165593
27037,105,206,25724.46020937
27038,105,207,56720.14063106
27039,105,208,20013.06265839
27040,105,209,4264.82691679
27041,105,210,896.28231662
27042,105,211,9236.14258378
27043,105,212,44472.03687411
27044,105,213,51949.32837942
27045,105,214,34207.89847797
27046,105,215,16838.5050972
27047,105,216,6048.0369042
27048,105,217,11412.5249135
27049,105,218,13130.33072394
27050,105,219,41478.04216834
27051,105,220,45705.94603933
27052,105,221,8765.84361245
27053,105,222,24653.36549181
27054,105,223,3179.43887395
27055,105,224,50351.62674722
27056,105,225,8131.34748678
27057,105,226,30411.61954019
27058,105,227,19069.91484497
27059,105,228,52443.99283114
27060,105,229,36451.29001195
27061,105,230,38789.30059142
27062,105,231,775.62435339
27063,105,232,890.76249419
27064,105,233,848.52079419
27065,105,234,1922.7753132
27066,105,235,1223.94988279
27067,105,236,1133.70108416
27068,105,237,1633.48430863
27069,105,238,28066.07538678
27070,105,239,19436.11967356
27071,105,240,26807.68184786
27072,105,241,9585.36035046
27073,105,242,15446.06870304
27074,105,243,7818.90273053
27075,105,244,23725.05798897
27076,105,245,22762.00272616
27077,105,246,24736.19959487
27078,105,247,19971.78268243
27079,105,248,21818.73083247
27080,105,249,27459.14365249
27081,105,250,26872.41802968
27082,105,251,18802.48033413
27083,105,252,10722.89934988
27084,105,253,7338.95517404
27085,105,254,25467.16184649
27086,105,255,26051.10336937
27087,105,256,26504.76100184
27088,105,257,20531.05657877
27089,105,258,13550.81117012
27090,106,1,6921.52408311
27091,106,2,5355.72683877
27092,106,3,5873.37705293
27093,106,4,2573.57967869
27094,106,5,4546.42174187
27095,106,6,3497.62257274
27096,106,7,11324.86514991
27097,106,8,3867.49312836
27098,106,9,4721.55600897
27099,106,10,11283.28985131
27100,106,11,10604.91321093
27101,106,12,9207.38036919
27102,106,13,7910.0625877
27103,106,14,2855.48836359
27104,106,15,2936.56297178
27105,106,16,6734.67049929
27106,106,17,10276.82937222
27107,106,18,9239.17532352
27108,106,19,5733.37008535
27109,106,20,5475.86520825
27110,106,21,12798.48733345
27111,106,22,14302.26851474
27112,106,23,9848.40981664
27113,106,24,7992.86502974
27114,106,25,4707.16005
27115,106,26,12752.75816597
27116,106,27,11596.00141593
27117,106,28,6689.24282019
27118,106,29,12291.9374406
27119,106,30,8237.6003341
27120,106,31,6504.05291068
27121,106,32,4691.47129939
27122,106,33,14357.46696931
27123,106,34,4552.89329661
27124,106,35,5019.39812868
27125,106,36,15793.3229581
27126,106,37,16039.02622548
27127,106,38,7140.2420031
27128,106,39,10597.22654498
27129,106,40,19964.6023645
27130,106,41,13505.18775386
27131,106,42,12859.11437893
27132,106,43,24558.59282222
27133,106,44,13838.64324826
27134,106,45,11828.70885965
27135,106,46,13602.13609375
27136,106,47,30139.71609051
27137,106,48,31247.93759282
27138,106,49,11787.03745396
27139,106,50,26622.51832264
27140,106,51,10952.4503024
27141,106,52,11642.32698278
27142,106,53,11831.38798286
27143,106,54,12465.45233081
27144,106,55,24417.80428052
27145,106,56,14002.22880894
27146,106,57,15961.51666693
27147,106,58,14293.72663757
27148,106,59,13111.69158731
27149,106,60,10561.44046266
27150,106,61,13791.436163
27151,106,62,18574.41015775
27152,106,63,10967.47321073
27153,106,64,27151.44638726
27154,106,65,10971.38434291
27155,106,66,12954.12611127
27156,106,67,18673.84232794
27157,106,68,17475.21970008
27158,106,69,43835.37784403
27159,106,70,22900.49132068
27160,106,71,53289.12684566
27161,106,72,31424.17789307
27162,106,73,54995.4800834
27163,106,74,45374.17501937
27164,106,75,33446.87076519
27165,106,76,51212.09684542
27166,106,77,56556.14952725
27167,106,78,56893.96265307
27168,106,79,35591.20051542
27169,106,80,49420.56046635
27170,106,81,47961.61485987
27171,106,82,37679.40165619
27172,106,83,18138.29889058
27173,106,84,50392.2713156
27174,106,85,40000.76402215
27175,106,86,17632.54784513
27176,106,87,20766.76438528
27177,106,88,17319.54748724
27178,106,89,19348.90797452
27179,106,90,9856.74917896
27180,106,91,7124.64348186
27181,106,92,13101.92402372
27182,106,93,1618.69356896
27183,106,94,1498.65260381
27184,106,95,9179.04911991
27185,106,96,20372.46618754
27186,106,97,24673.66142735
27187,106,98,23464.19549731
27188,106,99,3032.7671084
27189,106,100,18857.83334707
27190,106,101,6170.45618029
27191,106,102,2422.07546772
27192,106,103,25788.02945846
27193,106,104,16286.87652805
27194,106,105,11704.39735718
27195,106,106,0.0
27196,106,107,8121.6444863
27197,106,108,22104.01399571
27198,106,109,14956.47139585
27199,106,110,23074.53088497
27200,106,111,14639.23572253
27201,106,112,1076.7391613
27202,106,113,24630.41396122
27203,106,114,11163.07009245
27204,106,115,27499.70780907
27205,106,116,6197.28158952
27206,106,117,3072.5949576
27207,106,118,19685.5610981
27208,106,119,29425.32735465
27209,106,120,16695.0871721
27210,106,121,3805.27998707
27211,106,122,20941.95283598
27212,106,123,5365.53973196
27213,106,124,4232.12984266
27214,106,125,8521.42143934
27215,106,126,17839.43483425
27216,106,127,7302.99342709
27217,106,128,4615.48102976
27218,106,129,9395.23931399
27219,106,130,1784.37730125
27220,106,131,25309.00900813
27221,106,132,3696.71381811
27222,106,133,26091.14211557
27223,106,134,21261.21528031
27224,106,135,17473.73032763
27225,106,136,16194.38791493
27226,106,137,19398.70405496
27227,106,138,21147.73365486
27228,106,139,16760.4776552
27229,106,140,16945.38422957
27230,106,141,18425.05400318
27231,106,142,20710.51211437
27232,106,143,21671.6493803
27233,106,144,19168.63076211
27234,106,145,20034.35127091
27235,106,146,18763.83587194
27236,106,147,5188.37833392
27237,106,148,5359.90015549
27238,106,149,8516.9000626
27239,106,150,10775.04149103
27240,106,151,3083.02682113
27241,106,152,4564.59991014
27242,106,153,4381.39705092
27243,106,154,6848.24777295
27244,106,155,8713.64576825
27245,106,156,14527.53276832
27246,106,157,7448.42048698
27247,106,158,12361.7275986
27248,106,159,15483.07992874
27249,106,160,9598.82484301
27250,106,161,7367.1696095
27251,106,162,6566.41816695
27252,106,163,12379.89291736
27253,106,164,3864.44218344
27254,106,165,9805.99804379
27255,106,166,13057.20635832
27256,106,167,5952.75261379
27257,106,168,29318.73068506
27258,106,169,27696.23008938
27259,106,170,28179.57106742
27260,106,171,30410.15817887
27261,106,172,28146.14821467
27262,106,173,29008.58440444
27263,106,174,30538.61280949
27264,106,175,28430.96574323
27265,106,176,28705.44516188
27266,106,177,27816.28917315
27267,106,178,28981.07690509
27268,106,179,24519.14462078
27269,106,180,31091.92273637
27270,106,181,36129.33097654
27271,106,182,39682.41482064
27272,106,183,44200.01973944
27273,106,184,33316.91215141
27274,106,185,26476.36595613
27275,106,186,38685.55014431
27276,106,187,42905.38771951
27277,106,188,40949.88312405
27278,106,189,40025.69925233
27279,106,190,41021.13704159
27280,106,191,40390.58938095
27281,106,192,39755.36793759
27282,106,193,40587.46430268
27283,106,194,40806.29392489
27284,106,195,39664.74564691
27285,106,196,40785.59241832
27286,106,197,42254.47008287
27287,106,198,17225.10231625
27288,106,199,20013.49035573
27289,106,200,49379.97583762
27290,106,201,33426.63378174
27291,106,202,59199.07482621
27292,106,203,54402.74175717
27293,106,204,45770.77334665
27294,106,205,38028.8647431
27295,106,206,29081.51609066
27296,106,207,62599.05184802
27297,106,208,23282.85544326
27298,106,209,13520.23445612
27299,106,210,11276.46164781
27300,106,211,15832.59483232
27301,106,212,51057.00343995
27302,106,213,58719.7273499
27303,106,214,44165.83643742
27304,106,215,27574.18403916
27305,106,216,17586.9890107
27306,106,217,22292.66707822
27307,106,218,24132.93830527
27308,106,219,52097.67770275
27309,106,220,56436.51195736
27310,106,221,19390.46822826
27311,106,222,34469.98649379
27312,106,223,14784.62813719
27313,106,224,61192.15496765
27314,106,225,19408.34024019
27315,106,226,40154.31534331
27316,106,227,29359.44505133
27317,106,228,63347.66729461
27318,106,229,46707.27213483
27319,106,230,49230.54716417
27320,106,231,10928.84594567
27321,106,232,10903.71001817
27322,106,233,10957.21393193
27323,106,234,10834.92639665
27324,106,235,10869.07076718
27325,106,236,10974.94374809
27326,106,237,10864.20124863
27327,106,238,20705.67378295
27328,106,239,10115.94736887
27329,106,240,18444.55191832
27330,106,241,5532.06836411
27331,106,242,7094.35920515
27332,106,243,7825.36990543
27333,106,244,14611.00787292
27334,106,245,13917.83439676
27335,106,246,15403.39074861
27336,106,247,11184.45635715
27337,106,248,13058.70193971
27338,106,249,19351.33272304
27339,106,250,19959.70010373
27340,106,251,9019.95059913
27341,106,252,6272.86424943
27342,106,253,9432.38591613
27343,106,254,16313.83795067
27344,106,255,17279.08891083
27345,106,256,20141.33296236
27346,106,257,12086.63531424
27347,106,258,6579.73387806
27348,107,1,1417.85965549
27349,107,2,9000.748341
27350,107,3,2345.60828473
27351,107,4,5887.13207026
27352,107,5,8279.70195949
27353,107,6,7389.18764768
27354,107,7,3214.82079601
27355,107,8,4312.16415408
27356,107,9,3485.06617722
27357,107,10,3384.02901289
27358,107,11,2546.16976235
27359,107,12,1349.61894892
27360,107,13,1108.43722618
27361,107,14,6378.71113972
27362,107,15,5213.18765879
27363,107,16,10027.72591151
27364,107,17,7303.39345775
27365,107,18,6542.48296725
27366,107,19,4148.09862734
27367,107,20,4921.73632001
27368,107,21,9752.83655143
27369,107,22,13478.83262436
27370,107,23,6980.06101734
27371,107,24,6008.69078144
27372,107,25,3681.04581988
27373,107,26,11123.05294491
27374,107,27,8646.2070435
27375,107,28,5139.67606514
27376,107,29,10083.39750957
27377,107,30,5897.5181187
27378,107,31,4717.85378872
27379,107,32,3439.34712167
27380,107,33,11448.35314777
27381,107,34,4490.34510273
27382,107,35,3825.91274912
27383,107,36,15644.45743778
27384,107,37,16309.39277298
27385,107,38,5241.21453792
27386,107,39,7742.5674117
27387,107,40,17122.13995122
27388,107,41,9744.57434772
27389,107,42,6377.15437288
27390,107,43,22267.98509008
27391,107,44,9573.21658997
27392,107,45,5152.53488401
27393,107,46,7566.11456724
27394,107,47,27908.56114323
27395,107,48,28997.2370451
27396,107,49,4208.42289023
27397,107,50,24456.11781403
27398,107,51,2858.34776813
27399,107,52,3548.03317029
27400,107,53,6731.40954583
27401,107,54,4358.91370696
27402,107,55,21509.37004
27403,107,56,5969.37980692
27404,107,57,13142.3238471
27405,107,58,10941.97158132
27406,107,59,4990.78420008
27407,107,60,2969.69701403
27408,107,61,6265.46752396
27409,107,62,15938.56441936
27410,107,63,4844.54674519
27411,107,64,23855.30036757
27412,107,65,4093.32720676
27413,107,66,9073.72347999
27414,107,67,12365.63885353
27415,107,68,11052.81715835
27416,107,69,39582.12244378
27417,107,70,16886.57403775
27418,107,71,49243.14075359
27419,107,72,26096.31105541
27420,107,73,50812.66664393
27421,107,74,41126.58474954
27422,107,75,28269.82548798
27423,107,76,47220.39964516
27424,107,77,51865.5509263
27425,107,78,52536.09079048
27426,107,79,30590.05055684
27427,107,80,45259.46919561
27428,107,81,43855.45142005
27429,107,82,33249.66737871
27430,107,83,10132.83968916
27431,107,84,46309.09641936
27432,107,85,35646.66039207
27433,107,86,9754.79549414
27434,107,87,14618.10754345
27435,107,88,9849.09544371
27436,107,89,11266.64862618
27437,107,90,2381.91145579
27438,107,91,1073.59467766
27439,107,92,5341.36966046
27440,107,93,9329.01132995
27441,107,94,6627.36695288
27442,107,95,1060.3499832
27443,107,96,12619.63164025
27444,107,97,16803.96471379
27445,107,98,15648.11642891
27446,107,99,5720.7851098
27447,107,100,11057.13972614
27448,107,101,2170.58213935
27449,107,102,6040.2649956
27450,107,103,17930.30719348
27451,107,104,8378.93322366
27452,107,105,4006.37346516
27453,107,106,8121.6444863
27454,107,107,0.0
27455,107,108,14365.56926101
27456,107,109,7155.40553808
27457,107,110,15170.23283178
27458,107,111,7252.63049207
27459,107,112,8134.5465643
27460,107,113,16617.31933173
27461,107,114,3721.56811204
27462,107,115,19418.27926865
27463,107,116,2633.83403576
27464,107,117,9006.3501464
27465,107,118,12060.17044135
27466,107,119,21323.49521022
27467,107,120,9357.83503354
27468,107,121,9612.5809381
27469,107,122,13175.47774774
27470,107,123,3244.38729447
27471,107,124,4692.20722268
27472,107,125,810.3852492
27473,107,126,10355.40849478
27474,107,127,2260.33191813
27475,107,128,10305.98356126
27476,107,129,1753.77272685
27477,107,130,7052.96431784
27478,107,131,17232.93890392
27479,107,132,5632.02609275
27480,107,133,18001.18714738
27481,107,134,23339.81581424
27482,107,135,19347.98734253
27483,107,136,17126.07171501
27484,107,137,14883.64487705
27485,107,138,16003.40772754
27486,107,139,18280.97259691
27487,107,140,15902.08024908
27488,107,141,16492.05095767
27489,107,142,22411.18938181
27490,107,143,24237.78724173
27491,107,144,20786.50929081
27492,107,145,22877.15373333
27493,107,146,15248.23576851
27494,107,147,6062.72633466
27495,107,148,7473.4434568
27496,107,149,4681.93834439
27497,107,150,12587.53861842
27498,107,151,5386.48870556
27499,107,152,7164.3404969
27500,107,153,5805.8139426
27501,107,154,6018.83534245
27502,107,155,9207.25253121
27503,107,156,7308.29836277
27504,107,157,4809.71079539
27505,107,158,14033.2403575
27506,107,159,8151.11138968
27507,107,160,10854.81097927
27508,107,161,8283.16332215
27509,107,162,7929.19578478
27510,107,163,5714.04812319
27511,107,164,6766.41254522
27512,107,165,4455.75570641
27513,107,166,6054.30626753
27514,107,167,6266.82910924
27515,107,168,28713.43658666
27516,107,169,26580.97682964
27517,107,170,27423.0144116
27518,107,171,29994.86155098
27519,107,172,28506.67707114
27520,107,173,29173.51206942
27521,107,174,30527.86464232
27522,107,175,29707.93445275
27523,107,176,30663.17880763
27524,107,177,28507.79683987
27525,107,178,21289.12474433
27526,107,179,16798.95676064
27527,107,180,23364.31048826
27528,107,181,28146.71597692
27529,107,182,31610.65284107
27530,107,183,36117.82079213
27531,107,184,25447.12932282
27532,107,185,18713.39531526
27533,107,186,30641.86475133
27534,107,187,34821.51015115
27535,107,188,35224.31511614
27536,107,189,33370.91842335
27537,107,190,33479.35004484
27538,107,191,33404.98345767
27539,107,192,33700.90215017
27540,107,193,33473.45022806
27541,107,194,33470.48404149
27542,107,195,33313.80274174
27543,107,196,35464.08087881
27544,107,197,34615.68626459
27545,107,198,13094.68975536
27546,107,199,16125.37200812
27547,107,200,43998.94894179
27548,107,201,28785.43309716
27549,107,202,53512.16982799
27550,107,203,48795.89337692
27551,107,204,40492.40440118
27552,107,205,32742.65897229
27553,107,206,24828.42386001
27554,107,207,57095.77255762
27555,107,208,18934.13744805
27556,107,209,7430.19209551
27557,107,210,3342.9587741
27558,107,211,11730.75395669
27559,107,212,47610.74167323
27560,107,213,55162.47927235
27561,107,214,36471.56329514
27562,107,215,19550.13149542
27563,107,216,9521.20846539
27564,107,217,14212.06746245
27565,107,218,16039.98122268
27566,107,219,44167.08168513
27567,107,220,48473.08819375
27568,107,221,11333.69775266
27569,107,222,26792.35208865
27570,107,223,6800.48801335
27571,107,224,53196.96411185
27572,107,225,11287.59343784
27573,107,226,32535.12321724
27574,107,227,21476.57597984
27575,107,228,55334.3216004
27576,107,229,38900.88226352
27577,107,230,41359.32571172
27578,107,231,3294.20230922
27579,107,232,3117.42494489
27580,107,233,3509.64119233
27581,107,234,2729.55483947
27582,107,235,2918.47585408
27583,107,236,3763.98045249
27584,107,237,2799.58042297
27585,107,238,26473.90668835
27586,107,239,16945.29331983
27587,107,240,24826.5715677
27588,107,241,7632.99265998
27589,107,242,13089.29101737
27590,107,243,7008.22683059
27591,107,244,21410.30816303
27592,107,245,20527.42780189
27593,107,246,22355.84600273
27594,107,247,17684.20743018
27595,107,248,19592.48498009
27596,107,249,25583.21645982
27597,107,250,25419.74190625
27598,107,251,16129.05985367
27599,107,252,8966.78442958
27600,107,253,7423.32643687
27601,107,254,23167.00836957
27602,107,255,23904.82270859
27603,107,256,25239.49486905
27604,107,257,18380.52374958
27605,107,258,11449.82733703
27606,108,1,15289.13626626
27607,108,2,20596.31820656
27608,108,3,16319.91564866
27609,108,4,19581.41019709
27610,108,5,20346.32199903
27611,108,6,20105.00069908
27612,108,7,11316.22609974
27613,108,8,18270.62064542
27614,108,9,17427.76887868
27615,108,10,12301.96708828
27616,108,11,11845.48565591
27617,108,12,13081.76638413
27618,108,13,14269.23215079
27619,108,14,19676.22954036
27620,108,15,19198.63076769
27621,108,16,20813.73070436
27622,108,17,18985.23658965
27623,108,18,18878.85466491
27624,108,19,16620.38240646
27625,108,20,19084.74209572
27626,108,21,20056.48836994
27627,108,22,17777.95655009
27628,108,23,14480.48531595
27629,108,24,15664.65886935
27630,108,25,18032.40694088
27631,108,26,15992.08042684
27632,108,27,19611.00302926
27633,108,28,18879.1181545
27634,108,29,15063.2077612
27635,108,30,18837.06631519
27636,108,31,16221.38649496
27637,108,32,17654.93234735
27638,108,33,21116.39870135
27639,108,34,18846.62106104
27640,108,35,17120.96111594
27641,108,36,19690.6215469
27642,108,37,20638.8287695
27643,108,38,15949.70797842
27644,108,39,14337.17611579
27645,108,40,24855.01015359
27646,108,41,19243.68969042
27647,108,42,14403.47843076
27648,108,43,29551.2457546
27649,108,44,18527.65172178
27650,108,45,14178.42168133
27651,108,46,15259.94754933
27652,108,47,34340.81472494
27653,108,48,35250.00658014
27654,108,49,12657.94571089
27655,108,50,31519.17991014
27656,108,51,12015.82022327
27657,108,52,10947.5608457
27658,108,53,11598.3823112
27659,108,54,10250.59806779
27660,108,55,18177.97568408
27661,108,56,10082.82117226
27662,108,57,14535.70379388
27663,108,58,13346.57928745
27664,108,59,9979.71164509
27665,108,60,11583.33026444
27666,108,61,11979.51750977
27667,108,62,15754.44645486
27668,108,63,11452.66418016
27669,108,64,18963.87122572
27670,108,65,11179.87722743
27671,108,66,12635.1742454
27672,108,67,6679.23325795
27673,108,68,6781.54639096
27674,108,69,30298.33386592
27675,108,70,8134.01875969
27676,108,71,39763.2659557
27677,108,72,16162.41491078
27678,108,73,41023.88592783
27679,108,74,31741.27617778
27680,108,75,18317.99693501
27681,108,76,37936.50612763
27682,108,77,41165.35949894
27683,108,78,42377.84115108
27684,108,79,20698.41408746
27685,108,80,35776.44168334
27686,108,81,34553.94695891
27687,108,82,24213.55533602
27688,108,83,4640.93270311
27689,108,84,36909.21990541
27690,108,85,26507.62430389
27691,108,86,4653.12665772
27692,108,87,7079.15326781
27693,108,88,4889.13895937
27694,108,89,4487.84712089
27695,108,90,12283.60264131
27696,108,91,15438.70323109
27697,108,92,9058.24926613
27698,108,93,22966.35313128
27699,108,94,20630.62957077
27700,108,95,13358.22926936
27701,108,96,1746.14039261
27702,108,97,2746.03861775
27703,108,98,1459.46054658
27704,108,99,20060.52846625
27705,108,100,3313.29809438
27706,108,101,16536.11952443
27707,108,102,20313.98274622
27708,108,103,3774.56282618
27709,108,104,6026.13910868
27710,108,105,10448.00030604
27711,108,106,22104.01399571
27712,108,107,14365.56926101
27713,108,108,0.0
27714,108,109,7215.05845719
27715,108,110,9768.62294832
27716,108,111,12149.91885852
27717,108,112,22334.80775663
27718,108,113,9185.59425695
27719,108,114,13180.99524051
27720,108,115,9736.34236903
27721,108,116,15906.977751
27722,108,117,23367.64348052
27723,108,118,10959.91606723
27724,108,119,10679.75980344
27725,108,120,12082.24876672
27726,108,121,23977.60139964
27727,108,122,10296.99200172
27728,108,123,16739.11199107
27729,108,124,17981.02855831
27730,108,125,14317.17193892
27731,108,126,11507.13198561
27732,108,127,14805.23867832
27733,108,128,24659.61332463
27734,108,129,13851.98894273
27735,108,130,20646.07542422
27736,108,131,8491.27834271
27737,108,132,18755.28955653
27738,108,133,8627.93732187
27739,108,134,27972.35456552
27740,108,135,24767.03075969
27741,108,136,22033.25180648
27742,108,137,11527.83031926
27743,108,138,10292.60881376
27744,108,139,23565.81094638
27745,108,140,18462.80453912
27746,108,141,17258.65518454
27747,108,142,26711.78572599
27748,108,143,29389.7522591
27749,108,144,25410.12497251
27750,108,145,28720.19697875
27751,108,146,13796.15817333
27752,108,147,18044.65680621
27753,108,148,21600.5585905
27754,108,149,14281.25761211
27755,108,150,25643.33073149
27756,108,151,19054.18377065
27757,108,152,21425.92330588
27758,108,153,18420.72543391
27759,108,154,16722.9936888
27760,108,155,22356.52810765
27761,108,156,7706.5109045
27762,108,157,15419.19265931
27763,108,158,26765.11179999
27764,108,159,6735.17370301
27765,108,160,23969.00930878
27766,108,161,21870.91135215
27767,108,162,21762.88711355
27768,108,163,9979.45865557
27769,108,164,21105.1137799
27770,108,165,12715.15655666
27771,108,166,9191.18022385
27772,108,167,17630.46086616
27773,108,168,37290.43301478
27774,108,169,34765.74585966
27775,108,170,35959.50125857
27776,108,171,38673.3983839
27777,108,172,38247.29092216
27778,108,173,38628.1809714
27779,108,174,39647.96759565
27780,108,175,40318.00008943
27781,108,176,41871.75270301
27782,108,177,38609.55807145
27783,108,178,6923.62635013
27784,108,179,2433.47235618
27785,108,180,9008.27182049
27786,108,181,14221.46259327
27787,108,182,18113.48446087
27788,108,183,22636.77833934
27789,108,184,11240.61804499
27790,108,185,4372.83534108
27791,108,186,16968.53007902
27792,108,187,21373.87153487
27793,108,188,33617.76643983
27794,108,189,29207.32511882
27795,108,190,25740.92781617
27796,108,191,28057.40110197
27797,108,192,31365.20039527
27798,108,193,27620.97505581
27799,108,194,26693.19593746
27800,108,195,30140.69053186
27801,108,196,34872.49901875
27802,108,197,26273.03583751
27803,108,198,20405.83957649
27804,108,199,22605.66160895
27805,108,200,42458.08521429
27806,108,201,30706.72079402
27807,108,202,50600.26130822
27808,108,203,46353.43452255
27809,108,204,39495.7945795
27810,108,205,32577.75153584
27811,108,206,28285.74585152
27812,108,207,54483.9995765
27813,108,208,23682.22643346
27814,108,209,9571.14444592
27815,108,210,11023.07200976
27816,108,211,12004.16200751
27817,108,212,39286.06658715
27818,108,213,46284.79345015
27819,108,214,27679.79865332
27820,108,215,10750.04651077
27821,108,216,5512.29883405
27822,108,217,7225.6670479
27823,108,218,7526.5941414
27824,108,219,33546.252794
27825,108,220,37489.79121318
27826,108,221,7572.16219835
27827,108,222,19187.2034385
27828,108,223,7645.95246963
27829,108,224,41873.83411462
27830,108,225,5559.17319612
27831,108,226,24497.21880642
27832,108,227,13564.91818464
27833,108,228,43833.30374298
27834,108,229,29311.16306948
27835,108,230,31243.67635748
27836,108,231,11218.50259017
27837,108,232,11301.01541729
27838,108,233,11154.68159723
27839,108,234,11747.71610029
27840,108,235,11447.5177172
27841,108,236,11131.24922177
27842,108,237,11605.37894766
27843,108,238,35846.02199109
27844,108,239,28795.97613327
27845,108,240,35237.8986216
27846,108,241,19081.23026644
27847,108,242,24837.73118535
27848,108,243,16646.42611696
27849,108,244,32723.37926774
27850,108,245,31687.85311425
27851,108,246,33790.0425789
27852,108,247,29072.14174439
27853,108,248,30768.78958892
27854,108,249,35708.71169686
27855,108,250,34474.33732581
27856,108,251,28383.51220539
27857,108,252,19913.73017482
27858,108,253,15390.51678205
27859,108,254,34392.79933857
27860,108,255,34745.59585528
27861,108,256,33811.91615029
27862,108,257,29437.00898508
27863,108,258,22804.02709317
27864,109,1,8088.90463529
27865,109,2,14052.66388211
27866,109,3,9127.13823005
27867,109,4,12472.88362035
27868,109,5,13655.39882543
27869,109,6,13231.69434746
27870,109,7,4211.15226514
27871,109,8,11100.53046044
27872,109,9,10251.24803116
27873,109,10,5520.34497003
27874,109,11,4657.11743203
27875,109,12,5866.86206717
27876,109,13,7073.23797871
27877,109,14,12653.17232963
27878,109,15,12032.08855776
27879,109,16,14534.64430352
27880,109,17,12533.87557227
27881,109,18,12223.548948
27882,109,19,9655.67199302
27883,109,20,11940.11999021
27884,109,21,14138.91736374
27885,109,22,13858.75270058
27886,109,23,8646.52627689
27887,109,24,9300.47324979
27888,109,25,10817.55903989
27889,109,26,11569.22050918
27890,109,27,13432.13868097
27891,109,28,11841.91646692
27892,109,29,10432.6839112
27893,109,30,12009.45045678
27894,109,31,9430.16759467
27895,109,32,10448.26574151
27896,109,33,15502.47516631
27897,109,34,11642.63738464
27898,109,35,10033.18775383
27899,109,36,16080.20611125
27900,109,37,16970.67295435
27901,109,38,9325.06639842
27902,109,39,8837.35926112
27903,109,40,20235.42453058
27904,109,41,13566.56979665
27905,109,42,8631.14170242
27906,109,43,25303.69478652
27907,109,44,12997.02391466
27908,109,45,7984.76268788
27909,109,46,9795.10157189
27910,109,47,30608.13125671
27911,109,48,31620.92415937
27912,109,49,6201.22024977
27913,109,50,27426.93802592
27914,109,51,4999.29641366
27915,109,52,3840.71072417
27916,109,53,6013.89771098
27917,109,54,3279.78874887
27918,109,55,18398.80293665
27919,109,56,4271.04233172
27920,109,57,11659.84087614
27921,109,58,9676.29350374
27922,109,59,3358.66097534
27923,109,60,4396.61375211
27924,109,61,6445.51956158
27925,109,62,13938.40222906
27926,109,63,4924.9522618
27927,109,64,20152.38600585
27928,109,65,4271.45613271
27929,109,66,8143.48716983
27930,109,67,6728.74861923
27931,109,68,5548.58278067
27932,109,69,34385.6337092
27933,109,70,11023.2365155
27934,109,71,44054.77043087
27935,109,72,20372.8452555
27936,109,73,45500.60830733
27937,109,74,35905.08121466
27938,109,75,22600.43169475
27939,109,76,42101.62977305
27940,109,77,46166.24722863
27941,109,78,47074.06813529
27942,109,79,24997.80052297
27943,109,80,40037.39688234
27944,109,81,38698.59692411
27945,109,82,28059.39848052
27946,109,83,3363.94519251
27947,109,84,41132.18669797
27948,109,85,30455.60719074
27949,109,86,2682.09759661
27950,109,87,8836.83441419
27951,109,88,2910.34104743
27952,109,89,4824.30127532
27953,109,90,5101.1127576
27954,109,91,8227.50615259
27955,109,92,1855.87965115
27956,109,93,15908.04376371
27957,109,94,13470.48212001
27958,109,95,6162.6630628
27959,109,96,5469.07597805
27960,109,97,9720.25167467
27961,109,98,8527.4344552
27962,109,99,12845.67239444
27963,109,100,3918.29097053
27964,109,101,9325.6413173
27965,109,102,13105.95058911
27966,109,103,10838.49543018
27967,109,104,1404.17195417
27968,109,105,3253.92110697
27969,109,106,14956.47139585
27970,109,107,7155.40553808
27971,109,108,7215.05845719
27972,109,109,0.0
27973,109,110,10725.97936791
27974,109,111,7117.3029663
27975,109,112,15142.32708946
27976,109,113,11512.46500729
27977,109,114,6569.84676873
27978,109,115,13728.70825763
27979,109,116,8779.31163774
27980,109,117,16153.1990683
27981,109,118,9200.17071083
27982,109,119,15398.93010608
27983,109,120,8247.883884
27984,109,121,16767.67090485
27985,109,122,9581.49139312
27986,109,123,9610.0136404
27987,109,124,10919.50071829
27988,109,125,7151.30087862
27989,109,126,8443.70155385
27990,109,127,7701.26008238
27991,109,128,17458.51797055
27992,109,129,6792.98496074
27993,109,130,13573.03900542
27994,109,131,11688.63155284
27995,109,132,11748.02043616
27996,109,133,12304.07776889
27997,109,134,24552.11312235
27998,109,135,20846.55496969
27999,109,136,18193.61683509
28000,109,137,11036.0178308
28001,109,138,11224.49382596
28002,109,139,19644.38463561
28003,109,140,15471.79383126
28004,109,141,15086.27429103
28005,109,142,23398.52052715
28006,109,143,25776.73103543
28007,109,144,21887.93683862
28008,109,145,24767.62338635
28009,109,146,12459.66995604
28010,109,147,11270.50185889
28011,109,148,14479.94716761
28012,109,149,7699.0971424
28013,109,150,18925.95693609
28014,109,151,11943.46382487
28015,109,152,14260.17154724
28016,109,153,11514.08466933
28017,109,154,10182.1260044
28018,109,155,15556.28158181
28019,109,156,2003.33219275
28020,109,157,8754.41156809
28021,109,158,20182.48721917
28022,109,159,1913.30697463
28023,109,160,17207.36937778
28024,109,161,14922.47196804
28025,109,162,14736.07479874
28026,109,163,3645.997378
28027,109,164,13910.15808474
28028,109,165,6121.31360369
28029,109,166,2824.26363452
28030,109,167,10988.26500514
28031,109,168,32626.33702262
28032,109,169,30235.65480634
28033,109,170,31291.92329289
28034,109,171,33983.85129864
28035,109,172,33072.97087865
28036,109,173,33586.9402502
28037,109,174,34771.00130119
28038,109,175,34779.53934833
28039,109,176,36080.90142127
28040,109,177,33278.71728653
28041,109,178,14137.94349948
28042,109,179,9648.26903966
28043,109,180,16221.19032367
28044,109,181,21183.70050146
28045,109,182,24830.6267372
28046,109,183,29363.92255503
28047,109,184,18368.98259849
28048,109,185,11575.30049737
28049,109,186,23787.25661292
28050,109,187,28076.43974226
28051,109,188,33862.55929321
28052,109,189,30712.52461444
28053,109,190,29158.24755204
28054,109,191,30184.14684504
28055,109,192,31941.58246827
28056,109,193,30017.50883879
28057,109,194,29586.32262082
28058,109,195,31133.60349085
28059,109,196,34616.86202417
28060,109,197,30046.47566374
28061,109,198,15708.42956093
28062,109,199,18424.54234485
28063,109,200,42824.22295749
28064,109,201,29063.50021772
28065,109,202,51768.51028873
28066,109,203,47235.03198491
28067,109,204,39536.13572052
28068,109,205,32048.56292071
28069,109,206,25799.93024807
28070,109,207,55530.80458101
28071,109,208,20366.6164177
28072,109,209,4482.11477343
28073,109,210,3812.87279069
28074,109,211,9259.76040063
28075,109,212,42917.80861717
28076,109,213,50280.2174912
28077,109,214,31734.21616809
28078,109,215,14206.94322159
28079,109,216,3144.23366274
28080,109,217,8857.683594
28081,109,218,10423.4088589
28082,109,219,38701.97283248
28083,109,220,42874.36541519
28084,109,221,6611.4201929
28085,109,222,22340.72587799
28086,109,223,1028.41939952
28087,109,224,47467.80468224
28088,109,225,5414.28837855
28089,109,226,28058.83169361
28090,109,227,16632.71602149
28091,109,228,49532.42191844
28092,109,229,33842.63809966
28093,109,230,36094.67488166
28094,109,231,4029.35224221
28095,109,232,4089.51216351
28096,109,233,4014.41462518
28097,109,234,4600.45053571
28098,109,235,4237.22718507
28099,109,236,4076.53280381
28100,109,237,4427.09393325
28101,109,238,30520.73398391
28102,109,239,22380.58653494
28103,109,240,29472.76248559
28104,109,241,12507.40290232
28105,109,242,18380.74038091
28106,109,243,10414.71928468
28107,109,244,26565.9640053
28108,109,245,25574.47925038
28109,109,246,27599.35505277
28110,109,247,22830.06914615
28111,109,248,24634.93394568
28112,109,249,30067.18364899
28113,109,250,29260.45480273
28114,109,251,21819.10295689
28115,109,252,13536.05293786
28116,109,253,9554.45596216
28117,109,254,28290.76442342
28118,109,255,28800.61194793
28119,109,256,28790.84449939
28120,109,257,23325.43267459
28121,109,258,16420.25504412
28122,110,1,16555.02438037
28123,110,2,23843.09009077
28124,110,3,17514.01583981
28125,110,4,21035.28207227
28126,110,5,23248.60461866
28127,110,6,22497.30863048
28128,110,7,12253.92412203
28129,110,8,19431.54143262
28130,110,9,18635.19004801
28131,110,10,11832.32852522
28132,110,11,13055.29159421
28133,110,12,14451.18484332
28134,110,13,15774.7566263
28135,110,14,21547.11015011
28136,110,15,20285.66758556
28137,110,16,24602.96909107
28138,110,17,15674.59955971
28139,110,18,16126.30902372
28140,110,19,19004.02018992
28141,110,20,18286.41919843
28142,110,21,15382.80879291
28143,110,22,24545.76468787
28144,110,23,19229.18687747
28145,110,24,19548.13266118
28146,110,25,18371.139159
28147,110,26,22288.28285303
28148,110,27,15553.46117854
28149,110,28,17482.34393466
28150,110,29,21156.64176887
28151,110,30,16620.97226259
28152,110,31,19159.64363401
28153,110,32,18446.04349862
28154,110,33,15705.95640512
28155,110,34,18718.33407072
28156,110,35,18944.99784609
28157,110,36,26740.59145423
28158,110,37,27646.87816982
28159,110,38,19304.65383065
28160,110,39,19508.04272325
28161,110,40,17523.07557569
28162,110,41,14272.76135627
28163,110,42,10976.30609977
28164,110,43,21494.66923959
28165,110,44,13446.63856577
28166,110,45,11631.25642592
28167,110,46,10976.6336624
28168,110,47,25648.64113263
28169,110,48,26456.25876921
28170,110,49,11294.75144545
28171,110,50,23226.43412563
28172,110,51,12339.55078317
28173,110,52,12047.41677542
28174,110,53,16727.16017919
28175,110,54,11261.67988621
28176,110,55,27438.80289154
28177,110,56,9218.34438912
28178,110,57,22058.57018523
28179,110,58,20247.29803974
28180,110,59,10436.11854757
28181,110,60,13769.70418945
28182,110,61,9356.14663866
28183,110,62,23991.86807884
28184,110,63,15381.9177509
28185,110,64,28527.2685659
28186,110,65,14436.27627932
28187,110,66,18834.68810455
28188,110,67,15213.77232209
28189,110,68,14632.69112105
28190,110,69,39788.61033228
28191,110,70,17810.25028356
28192,110,71,49097.3704579
28193,110,72,25784.70798199
28194,110,73,50255.94912616
28195,110,74,41190.51494899
28196,110,75,27883.77504814
28197,110,76,47339.3079683
28198,110,77,50062.47816121
28199,110,78,51472.70692527
28200,110,79,30221.25618808
28201,110,80,45152.85259253
28202,110,81,43988.76243536
28203,110,82,33831.39564245
28204,110,83,8069.78838914
28205,110,84,46294.08187286
28206,110,85,36076.76638934
28207,110,86,9179.48161773
28208,110,87,16396.34176669
28209,110,88,11197.49126326
28210,110,89,6664.76105222
28211,110,90,14334.00761108
28212,110,91,16043.15562336
28213,110,92,11890.52938748
28214,110,93,24422.51979266
28215,110,94,21628.13402531
28216,110,95,14185.290027
28217,110,96,9499.30386005
28218,110,97,9437.85333462
28219,110,98,9494.31255063
28220,110,99,20247.29585091
28221,110,100,9323.06089374
28222,110,101,16915.78832176
28223,110,102,20748.57897626
28224,110,103,10050.80865025
28225,110,104,9584.46163577
28226,110,105,12887.85745311
28227,110,106,23074.53088497
28228,110,107,15170.23283178
28229,110,108,9768.62294832
28230,110,109,10725.97936791
28231,110,110,0.0
28232,110,111,8655.62503837
28233,110,112,22840.94968318
28234,110,113,2004.38206159
28235,110,114,11927.50682843
28236,110,115,5136.53185675
28237,110,116,17670.50748605
28238,110,117,23056.59514071
28239,110,118,3836.91096216
28240,110,119,7169.02691838
28241,110,120,6916.83746987
28242,110,121,23414.50681099
28243,110,122,2363.29815584
28244,110,123,18383.69236243
28245,110,124,19837.71769985
28246,110,125,14623.74900545
28247,110,126,5699.59672486
28248,110,127,16852.78352677
28249,110,128,23838.68453605
28250,110,129,13698.33950736
28251,110,130,22200.13420072
28252,110,131,3287.01572797
28253,110,132,20772.76605007
28254,110,133,4109.94360102
28255,110,134,35230.37751143
28256,110,135,31564.88318809
28257,110,136,28897.56321132
28258,110,137,20283.23753053
28259,110,138,19557.29960245
28260,110,139,30360.05161808
28261,110,140,25986.96369325
28262,110,141,25318.13218585
28263,110,142,34055.33898541
28264,110,143,36481.72800773
28265,110,144,32570.06207334
28266,110,145,35492.20383021
28267,110,146,22236.1789676
28268,110,147,20878.81353218
28269,110,148,20286.72416227
28270,110,149,17858.52884355
28271,110,150,22156.70173731
28272,110,151,20546.57142283
28273,110,152,20489.84834376
28274,110,153,20832.79498815
28275,110,154,20200.05627087
28276,110,155,19505.25545449
28277,110,156,12616.7690489
28278,110,157,18729.06431514
28279,110,158,22775.90470352
28280,110,159,12054.05808461
28281,110,160,20797.00136048
28282,110,161,19634.60932618
28283,110,162,19893.20582002
28284,110,163,14301.92278252
28285,110,164,20538.89039356
28286,110,165,16411.41089147
28287,110,166,13521.0298006
28288,110,167,20823.74373473
28289,110,168,29390.15726006
28290,110,169,26798.24267849
28291,110,170,28103.21672884
28292,110,171,30763.00630313
28293,110,172,30935.49239225
28294,110,173,31132.74362654
28295,110,174,31924.66979712
28296,110,175,33462.48894407
28297,110,176,35378.88552191
28298,110,177,31500.97507969
28299,110,178,13310.84749973
28300,110,179,10633.48493685
28301,110,180,14541.46432206
28302,110,181,16486.01953693
28303,110,182,18715.34830535
28304,110,183,22883.24327357
28305,110,184,15136.82986556
28306,110,185,11230.78255422
28307,110,186,18140.39778591
28308,110,187,21613.93506524
28309,110,188,24021.91243019
28310,110,189,20182.52329659
28311,110,190,18563.20049379
28312,110,191,19494.05272203
28313,110,192,21871.41704719
28314,110,193,19297.57560474
28315,110,194,18878.0822193
28316,110,195,20824.89790015
28317,110,196,25162.43435902
28318,110,197,19573.16246221
28319,110,198,13690.06044896
28320,110,199,14961.54415652
28321,110,200,32936.87012476
28322,110,201,21030.5787561
28323,110,202,41459.80836644
28324,110,203,37056.05143265
28325,110,204,29865.56851781
28326,110,205,22824.96456126
28327,110,206,18948.18965058
28328,110,207,45288.33177819
28329,110,208,15088.47599965
28330,110,209,15159.25221298
28331,110,210,12761.95651893
28332,110,211,19518.87891199
28333,110,212,48869.8135335
28334,110,213,55713.04841389
28335,110,214,21370.04606523
28336,110,215,4721.59044725
28337,110,216,7762.39250799
28338,110,217,2547.41740623
28339,110,218,2992.36767132
28340,110,219,29026.45712071
28341,110,220,33362.31637554
28342,110,221,4152.93257766
28343,110,222,11767.64569351
28344,110,223,10076.90844798
28345,110,224,38127.05206278
28346,110,225,5570.73720248
28347,110,226,17528.41701426
28348,110,227,6306.43863977
28349,110,228,40294.7067213
28350,110,229,23735.64518684
28351,110,230,26191.73947589
28352,110,231,13480.47237681
28353,110,232,13281.52984735
28354,110,233,13715.23246681
28355,110,234,12717.7560732
28356,110,235,13046.368511
28357,110,236,14013.16700424
28358,110,237,12818.49380309
28359,110,238,40953.64303314
28360,110,239,32039.42063878
28361,110,240,39651.86068402
28362,110,241,22340.43335497
28363,110,242,28105.72059996
28364,110,243,20705.90876836
28365,110,244,36440.28238544
28366,110,245,35511.60645326
28367,110,246,37419.75344816
28368,110,247,32688.14408889
28369,110,248,34569.03039773
28370,110,249,40325.73061901
28371,110,250,39752.68396824
28372,110,251,31275.61983344
28373,110,252,23547.68629727
28374,110,253,20104.59759001
28375,110,254,38193.79784321
28376,110,255,38844.02927841
28377,110,256,39358.02913187
28378,110,257,33307.22541689
28379,110,258,26306.27100465
28380,111,1,8663.4778693
28381,111,2,16253.30104178
28382,111,3,9472.70092563
28383,111,4,12830.69160776
28384,111,5,15525.24946769
28385,111,6,14584.64029716
28386,111,7,5286.77123136
28387,111,8,11216.5533272
28388,111,9,10496.37432156
28389,111,10,3980.18495029
28390,111,11,5955.45431378
28391,111,12,7021.02273897
28392,111,13,8138.59761008
28393,111,14,13472.34130706
28394,111,15,11994.15199171
28395,111,16,17254.89207737
28396,111,17,7386.70837637
28397,111,18,7645.58548632
28398,111,19,11385.8839049
28399,111,20,9651.18749733
28400,111,21,7958.07861222
28401,111,22,19422.54175736
28402,111,23,13131.23783285
28403,111,24,12772.98510333
28404,111,25,9949.01785177
28405,111,26,16997.04943966
28406,111,27,7674.31972409
28407,111,28,8826.83814128
28408,111,29,15845.01289047
28409,111,30,8027.11464202
28410,111,31,11836.63608741
28411,111,32,10163.72993223
28412,111,33,8967.50021447
28413,111,34,10169.5564235
28414,111,35,11049.67427076
28415,111,36,21682.68964996
28416,111,37,22473.49331153
28417,111,38,12217.81308218
28418,111,39,13692.11628686
28419,111,40,13186.7978694
28420,111,41,7097.93709199
28421,111,42,2499.91888666
28422,111,43,18207.88959072
28423,111,44,6378.35114359
28424,111,45,2975.8742069
28425,111,46,3117.48365077
28426,111,47,23491.04955839
28427,111,48,24505.7554321
28428,111,49,3044.47999526
28429,111,50,20319.70740955
28430,111,51,4860.89972177
28431,111,52,5317.18069992
28432,111,53,11487.79343117
28433,111,54,4927.776017
28434,111,55,25387.49392945
28435,111,56,2881.3772848
28436,111,57,18011.05601042
28437,111,58,15835.90359127
28438,111,59,4214.9242165
28439,111,60,7140.45875852
28440,111,61,1022.31384614
28441,111,62,20556.21245087
28442,111,63,9557.23547489
28443,111,64,27239.69590159
28444,111,65,8398.72323531
28445,111,66,14027.76463991
28446,111,67,13820.55817424
28447,111,68,12664.84909768
28448,111,69,41334.95631722
28449,111,70,17960.61933263
28450,111,71,50978.11771528
28451,111,72,27215.4702153
28452,111,73,52376.59664664
28453,111,74,42841.26807107
28454,111,75,29444.1387242
28455,111,76,49051.73023793
28456,111,77,52861.80574193
28457,111,78,53884.45581407
28458,111,79,31854.1618623
28459,111,80,46960.33917653
28460,111,81,45646.22143195
28461,111,82,35036.24837641
28462,111,83,7627.21976567
28463,111,84,48066.75669734
28464,111,85,37421.69274751
28465,111,86,8119.44630539
28466,111,87,15853.61378029
28467,111,88,9651.7701025
28468,111,89,7751.96036126
28469,111,90,7408.20727359
28470,111,91,7903.84255891
28471,111,92,6764.28959456
28472,111,93,16078.35120097
28473,111,94,13248.25450166
28474,111,95,6478.69043117
28475,111,96,10693.22507929
28476,111,97,13726.65893064
28477,111,98,12938.08781941
28478,111,99,11715.66477044
28479,111,100,9339.85262108
28480,111,101,8601.25292531
28481,111,102,12255.10698949
28482,111,103,14783.30449428
28483,111,104,7179.25348454
28484,111,105,6845.59414201
28485,111,106,14639.23572253
28486,111,107,7252.63049207
28487,111,108,12149.91885852
28488,111,109,7117.3029663
28489,111,110,8655.62503837
28490,111,111,0.0
28491,111,112,14308.78615574
28492,111,113,10434.52879196
28493,111,114,3580.37529084
28494,111,115,13525.83057018
28495,111,116,9886.34566306
28496,111,117,14415.60535963
28497,111,118,5059.13296644
28498,111,119,15555.72796966
28499,111,120,2111.0026682
28500,111,121,14760.6490749
28501,111,122,6387.63388197
28502,111,123,10459.61233548
28503,111,124,11877.52857667
28504,111,125,6542.80389392
28505,111,126,3201.43589983
28506,111,127,9343.88579254
28507,111,128,15184.60895434
28508,111,129,5548.31598632
28509,111,130,13971.88461087
28510,111,131,11376.5137194
28511,111,132,12811.37907201
28512,111,133,12225.70688932
28513,111,134,29860.49676549
28514,111,135,25934.00008571
28515,111,136,23493.79621332
28516,111,137,18073.29283409
28517,111,138,18341.62626622
28518,111,139,24795.76660193
28519,111,140,21490.80122565
28520,111,141,21513.98088332
28521,111,142,28826.16471533
28522,111,143,30896.63241099
28523,111,144,27229.86605817
28524,111,145,29650.6457847
28525,111,146,19287.58616898
28526,111,147,13307.15878121
28527,111,148,11639.16798576
28528,111,149,11154.01349268
28529,111,150,14121.68731862
28530,111,151,12384.73767113
28531,111,152,11834.49632435
28532,111,153,13049.74204331
28533,111,154,13073.08684894
28534,111,155,11148.43795089
28535,111,156,8872.07963075
28536,111,157,11697.18309176
28537,111,158,15019.10466774
28538,111,159,9027.11644431
28539,111,160,12592.67376908
28540,111,161,11104.88979155
28541,111,162,11298.93462774
28542,111,163,9198.88550703
28543,111,164,11898.55118852
28544,111,165,10110.30156851
28545,111,166,8776.04076179
28546,111,167,13456.71360523
28547,111,168,25637.99038211
28548,111,169,23204.80966474
28549,111,170,24300.9985453
28550,111,171,27006.61078515
28551,111,172,26291.43708516
28552,111,173,26741.95574159
28553,111,174,27860.27748988
28554,111,175,28225.47825603
28555,111,176,29730.03244266
28556,111,177,26585.19855054
28557,111,178,18448.43949603
28558,111,179,14294.22969234
28559,111,180,20272.16045409
28560,111,181,23873.89649448
28561,111,182,26742.73800972
28562,111,183,31097.86051667
28563,111,184,21752.23404465
28564,111,185,15851.36687815
28565,111,186,25978.56215543
28566,111,187,29806.83526346
28567,111,188,28243.55167833
28568,111,189,26132.35727196
28569,111,190,26408.91843283
28570,111,191,26155.87601606
28571,111,192,26604.91785314
28572,111,193,26239.06496125
28573,111,194,26294.58892978
28574,111,195,26131.94385679
28575,111,196,28664.68716128
28576,111,197,27619.47828511
28577,111,198,8646.99011598
28578,111,199,11308.31340738
28579,111,200,37111.57437605
28580,111,201,22486.23421675
28581,111,202,46472.32458503
28582,111,203,41797.8009857
28583,111,204,33672.51442028
28584,111,205,25990.33737966
28585,111,206,18938.34170346
28586,111,207,50112.01108127
28587,111,208,13337.14269957
28588,111,209,10819.95524189
28589,111,210,6201.90061954
28590,111,211,15877.37387532
28591,111,212,49967.20365753
28592,111,213,57278.81069296
28593,111,214,29526.65312207
28594,111,215,13339.02767499
28595,111,216,6725.605302
28596,111,217,8559.63758737
28597,111,218,10384.21528904
28598,111,219,37546.3025189
28599,111,220,41916.09042951
28600,111,221,5785.83457851
28601,111,222,19830.77843162
28602,111,223,6093.12362345
28603,111,224,46710.55444027
28604,111,225,6987.61927501
28605,111,226,25521.66325335
28606,111,227,14826.80533577
28607,111,228,48894.65754596
28608,111,229,32083.72456741
28609,111,230,34635.35652834
28610,111,231,7024.48667298
28611,111,232,6685.24131957
28612,111,233,7400.88962771
28613,111,234,5570.76569938
28614,111,235,6248.5111807
28615,111,236,7836.89062357
28616,111,237,5816.21552518
28617,111,238,33720.99628328
28618,111,239,24099.42873814
28619,111,240,32067.68390906
28620,111,241,14869.53042297
28621,111,242,20305.09201504
28622,111,243,13891.60247747
28623,111,244,28596.07892392
28624,111,245,27735.93784179
28625,111,246,29518.33886057
28626,111,247,24891.31948393
28627,111,248,26805.72567058
28628,111,249,32832.39809233
28629,111,250,32651.62023363
28630,111,251,23216.59184281
28631,111,252,16188.82702072
28632,111,253,13837.42973525
28633,111,254,30350.74396789
28634,111,255,31122.7416743
28635,111,256,32438.92596091
28636,111,257,25610.79169094
28637,111,258,18701.12228808
28638,112,1,7053.97150919
28639,112,2,6412.42724351
28640,112,3,6016.12592085
28641,112,4,3136.43529132
28642,112,5,5583.72036381
28643,112,6,4479.3500173
28644,112,7,11348.17458151
28645,112,8,4088.05757637
28646,112,9,4914.90559681
28647,112,10,11140.52697804
28648,112,11,10666.17291728
28649,112,12,9311.10638349
28650,112,13,8069.43231415
28651,112,14,3650.93631524
28652,112,15,3184.24935024
28653,112,16,7800.5779673
28654,112,17,9503.78166353
28655,112,18,8486.31918083
28656,112,19,6275.23931777
28657,112,20,4864.59866689
28658,112,21,11959.22115998
28659,112,22,15280.43126791
28660,112,23,10590.26258628
28661,112,24,8732.77609685
28662,112,25,4532.38800163
28663,112,26,13663.29515656
28664,112,27,10777.21896772
28665,112,28,6018.47144145
28666,112,29,13152.64275166
28667,112,30,7509.56974242
28668,112,31,7138.98577278
28669,112,32,4712.85289116
28670,112,33,13479.36040315
28671,112,34,4139.23050555
28672,112,35,5434.09694683
28673,112,36,16814.49979004
28674,112,37,17077.60655441
28675,112,38,7827.36866717
28676,112,39,11364.85915451
28677,112,40,19028.02352185
28678,112,41,12715.54901215
28679,112,42,12403.54051565
28680,112,43,23568.35134099
28681,112,44,13091.35547015
28682,112,45,11430.49669412
28683,112,46,13066.02112091
28684,112,47,29133.06652783
28685,112,48,30240.27804841
28686,112,49,11550.74192798
28687,112,50,25620.15531051
28688,112,51,10901.734195
28689,112,52,11682.25037902
28690,112,53,12407.72117319
28691,112,54,12492.238644
28692,112,55,25324.48317821
28693,112,56,13881.61639175
28694,112,57,16823.89804429
28695,112,58,15092.55911562
28696,112,59,13088.48505722
28697,112,60,10752.82925641
28698,112,61,13505.1759288
28699,112,62,19471.79662655
28700,112,63,11395.44499167
28701,112,64,28038.4810831
28702,112,65,11294.43591162
28703,112,66,13682.76606998
28704,112,67,19190.48445642
28705,112,68,17965.14835835
28706,112,69,44673.39747901
28707,112,70,23484.86480834
28708,112,71,54154.53561946
28709,112,72,32127.34462877
28710,112,73,55850.03376666
28711,112,74,46214.43162217
28712,112,75,34172.4980025
28713,112,76,52080.5755864
28714,112,77,57363.03139151
28715,112,78,57733.72950765
28716,112,79,36341.10625733
28717,112,80,50272.63608711
28718,112,81,48817.25517701
28719,112,82,38492.30407137
28720,112,83,18247.19996567
28721,112,84,51252.11635408
28722,112,85,40824.43438034
28723,112,86,17801.06595091
28724,112,87,21320.61952248
28725,112,88,17610.41317385
28726,112,89,19401.16878053
28727,112,90,10051.421792
28728,112,91,7091.27786136
28729,112,92,13287.74451772
28730,112,93,2528.30017584
28731,112,94,1858.16592189
28732,112,95,9193.56461903
28733,112,96,20594.25530652
28734,112,97,24858.24830672
28735,112,98,23669.17087795
28736,112,99,2595.87326374
28737,112,100,19058.82307318
28738,112,101,6061.40311179
28739,112,102,2117.40383221
28740,112,103,25979.07817301
28741,112,104,16439.25991913
28742,112,105,11891.83475798
28743,112,106,1076.7391613
28744,112,107,8134.5465643
28745,112,108,22334.80775663
28746,112,109,15142.32708946
28747,112,110,22840.94968318
28748,112,111,14308.78615574
28749,112,112,0.0
28750,112,113,24451.53751837
28751,112,114,10914.62229745
28752,112,115,27372.45032266
28753,112,116,6497.30314994
28754,112,117,2019.34154557
28755,112,118,19367.6620023
28756,112,119,29322.60246948
28757,112,120,16328.59671232
28758,112,121,2774.48563279
28759,112,122,20662.09252957
28760,112,123,5684.05862201
28761,112,124,4753.48724388
28762,112,125,8439.78402452
28763,112,126,17496.75063296
28764,112,127,7610.96354312
28765,112,128,3604.99998277
28766,112,129,9249.86444736
28767,112,130,2655.99979616
28768,112,131,25179.50745361
28769,112,132,4390.05214468
28770,112,133,25975.99729729
28771,112,134,22337.67857945
28772,112,135,18549.50700175
28773,112,136,17253.43149381
28774,112,137,20140.65376985
28775,112,138,21833.37998597
28776,112,139,17832.06846977
28777,112,140,17930.97461534
28778,112,141,19368.62481553
28779,112,142,21786.71416763
28780,112,143,22743.90703923
28781,112,144,20243.62249928
28782,112,145,21103.89802072
28783,112,146,19593.7835906
28784,112,147,5999.78461457
28785,112,148,4392.40327967
28786,112,149,9094.96096226
28787,112,150,9702.22612009
28788,112,151,3578.67761956
28789,112,152,3622.19591883
28790,112,153,5147.32582428
28791,112,154,7627.59156444
28792,112,155,7715.70941289
28793,112,156,14852.02655057
28794,112,157,8078.779876
28795,112,158,11286.7503346
28796,112,159,15793.2575188
28797,112,160,8547.91924351
28798,112,161,6385.24089985
28799,112,162,5587.35838815
28800,112,163,12767.50859297
28801,112,164,2992.04211388
28802,112,165,10284.73493458
28803,112,166,13402.69976
28804,112,167,6779.10311576
28805,112,168,28256.18845531
28806,112,169,26649.15310524
28807,112,170,27121.70911741
28808,112,171,29342.99010678
28809,112,172,27070.56479594
28810,112,173,27934.24930883
28811,112,174,29465.47695524
28812,112,175,27357.14651189
28813,112,176,27643.41099376
28814,112,177,26739.56693453
28815,112,178,29239.07102554
28816,112,179,24760.88974302
28817,112,180,31339.70182864
28818,112,181,36262.2350102
28819,112,182,39744.97866783
28820,112,183,44250.54170139
28821,112,184,33508.72294957
28822,112,185,26705.87869308
28823,112,186,38774.6573364
28824,112,187,42953.92366694
28825,112,188,40208.00770213
28826,112,189,39424.19619109
28827,112,190,40618.07561099
28828,112,191,39851.57630219
28829,112,192,39059.62606504
28830,112,193,40075.56941994
28831,112,194,40346.64079592
28832,112,195,39013.29935636
28833,112,196,39995.62696926
28834,112,197,41880.57666337
28835,112,198,16414.78117536
28836,112,199,19156.52916713
28837,112,200,48585.34832262
28838,112,201,32581.06682975
28839,112,202,58432.10123961
28840,112,203,53629.79526732
28841,112,204,44968.83356755
28842,112,205,37239.78376059
28843,112,206,28212.65402963
28844,112,207,61807.44567288
28845,112,208,22446.28603407
28846,112,209,14010.71243647
28847,112,210,11393.20220048
28848,112,211,16582.63213247
28849,112,212,51969.09880906
28850,112,213,59628.56595381
28851,112,214,43808.98759969
28852,112,215,27396.79964675
28853,112,216,17654.13891439
28854,112,217,22173.90522918
28855,112,218,24024.79433756
28856,112,219,51837.43568653
28857,112,220,56193.07270933
28858,112,221,19258.09675711
28859,112,222,34120.20416424
28860,112,223,14898.626827
28861,112,224,60967.34759126
28862,112,225,19391.93226574
28863,112,226,39776.55573618
28864,112,227,29099.66002159
28865,112,228,63135.13754284
28866,112,229,46391.40487463
28867,112,230,48941.75521027
28868,112,231,11118.64647172
28869,112,232,11058.22255363
28870,112,233,11184.98027075
28871,112,234,10864.06077968
28872,112,235,10976.2332574
28873,112,236,11245.13386817
28874,112,237,10923.35547932
28875,112,238,21599.63856175
28876,112,239,10925.56975215
28877,112,240,19264.88776404
28878,112,241,6499.86744307
28879,112,242,8080.10262189
28880,112,243,8666.68874169
28881,112,244,15380.67465479
28882,112,245,14729.00242835
28883,112,246,16134.82045094
28884,112,247,12041.01886362
28885,112,248,13890.49030826
28886,112,249,20190.21118323
28887,112,250,20890.02992226
28888,112,251,9782.8740678
28889,112,252,7308.09584854
28890,112,253,10237.04892338
28891,112,254,17060.6350927
28892,112,255,18064.33255576
28893,112,256,21104.28520093
28894,112,257,12965.54849312
28895,112,258,7645.86438389
28896,113,1,17971.35601469
28897,113,2,25084.44391169
28898,113,3,18960.84797161
28899,113,4,22503.98270684
28900,113,5,24536.59072212
28901,113,6,23852.58951891
28902,113,7,13579.33799431
28903,113,8,20916.59824405
28904,113,9,20100.9302168
28905,113,10,13347.79974526
28906,113,11,14373.38214456
28907,113,12,15795.46061115
28908,113,13,17137.38482242
28909,113,14,22965.0548948
28910,113,15,21793.13007355
28911,113,16,25764.97371979
28912,113,17,17581.75692345
28913,113,18,17994.92778735
28914,113,19,20307.55419487
28915,113,20,19993.58952905
28916,113,21,17364.75184801
28917,113,22,25125.73492268
28918,113,23,20143.68225932
28919,113,24,20621.50155346
28920,113,25,19946.12584306
28921,113,26,22947.25782254
28922,113,27,17507.37002552
28923,113,28,19242.07426033
28924,113,29,21842.50388493
28925,113,30,18448.86584712
28926,113,31,20380.54358363
28927,113,32,19964.24135718
28928,113,33,17708.12585293
28929,113,34,20355.35085612
28930,113,35,20329.84290442
28931,113,36,27273.21652808
28932,113,37,28196.85596188
28933,113,38,20461.4627891
28934,113,39,20349.26293048
28935,113,40,19454.72234646
28936,113,41,16260.70226815
28937,113,42,12822.32745057
28938,113,43,23310.78447382
28939,113,44,15434.67814846
28940,113,45,13402.54142186
28941,113,46,12896.90582803
28942,113,47,27303.4016432
28943,113,48,28077.49248519
28944,113,49,12911.15437062
28945,113,50,24989.31824996
28946,113,51,13761.47862386
28947,113,52,13337.70110559
28948,113,53,17512.14490519
28949,113,54,12524.37556491
28950,113,55,27244.26542644
28951,113,56,10651.5187197
28952,113,57,22426.52851738
28953,113,58,20741.80130139
28954,113,59,11738.4019329
28955,113,60,14963.17395359
28956,113,61,11056.34082866
28957,113,62,24177.59258198
28958,113,63,16343.05830022
28959,113,64,28141.81235297
28960,113,65,15479.26355307
28961,113,66,19457.55480118
28962,113,67,15192.9375017
28963,113,68,14775.06204084
28964,113,69,38686.80632105
28965,113,70,17319.60915716
28966,113,71,47889.00437816
28967,113,72,24828.46659647
28968,113,73,48997.23531189
28969,113,74,40060.20091042
28970,113,75,26872.99309012
28971,113,76,46170.31173296
28972,113,77,48676.14937902
28973,113,78,50154.86567391
28974,113,79,29170.43840859
28975,113,80,43973.38930688
28976,113,81,42844.11779852
28977,113,82,32839.65217118
28978,113,83,8500.11347428
28979,113,84,45117.05300263
28980,113,85,35039.10487983
28981,113,86,9584.31911084
28982,113,87,16122.06454384
28983,113,88,11485.16153427
28984,113,89,6977.84044005
28985,113,90,15570.01947503
28986,113,91,17539.26945895
28987,113,92,12883.92657358
28988,113,93,25929.23322846
28989,113,94,23164.56961084
28990,113,95,15600.66326273
28991,113,96,9279.33459612
28992,113,97,8324.97180442
28993,113,98,8629.14033041
28994,113,99,21867.26607594
28995,113,100,9439.17337368
28996,113,101,18459.95805383
28997,113,102,22344.83882705
28998,113,103,8762.5015031
28999,113,104,10243.9702937
29000,113,105,14001.79196374
29001,113,106,24630.41396122
29002,113,107,16617.31933173
29003,113,108,9185.59425695
29004,113,109,11512.46500729
29005,113,110,2004.38206159
29006,113,111,10434.52879196
29007,113,112,24451.53751837
29008,113,113,0.0
29009,113,114,13552.57277025
29010,113,115,3156.65998636
29011,113,116,19039.73782493
29012,113,117,24761.90369413
29013,113,118,5796.3397574
29014,113,119,5199.56554812
29015,113,120,8812.61608451
29016,113,121,25149.19409982
29017,113,122,4323.36769901
29018,113,123,19784.01847232
29019,113,124,21232.86898603
29020,113,125,16124.8886427
29021,113,126,7611.19719105
29022,113,127,18161.91904038
29023,113,128,25602.4276515
29024,113,129,15235.29379767
29025,113,130,23670.00994141
29026,113,131,1350.85339557
29027,113,132,22159.14998681
29028,113,133,2123.58967349
29029,113,134,35759.81736911
29030,113,135,32191.6282895
29031,113,136,29491.4554617
29032,113,137,20266.78166962
29033,113,138,19330.82282017
29034,113,139,30980.40555294
29035,113,140,26392.48736754
29036,113,141,25567.98981762
29037,113,142,34557.04800367
29038,113,143,37059.36461275
29039,113,144,33112.59819335
29040,113,145,36145.09791431
29041,113,146,22343.4034177
29042,113,147,22145.1140088
29043,113,148,22069.25012331
29044,113,149,18948.49066583
29045,113,150,24112.7712288
29046,113,151,22003.29319064
29047,113,152,22236.88746186
29048,113,153,22162.39528405
29049,113,154,21352.99918942
29050,113,155,21410.07300436
29051,113,156,13277.43147015
29052,113,157,19881.96739689
29053,113,158,24755.78704466
29054,113,159,12601.56598197
29055,113,160,22730.02032797
29056,113,161,21493.67547689
29057,113,162,21723.35496364
29058,113,163,15153.30704426
29059,113,164,22247.67750787
29060,113,165,17444.4284882
29061,113,166,14336.70718413
29062,113,167,22032.81504565
29063,113,168,31203.07338003
29064,113,169,28608.05243613
29065,113,170,29926.98429293
29066,113,171,32570.47837468
29067,113,172,32824.56828808
29068,113,173,32999.47523292
29069,113,174,33758.40223912
29070,113,175,35391.23102442
29071,113,176,37331.92584853
29072,113,177,33410.22478
29073,113,178,11775.10865074
29074,113,179,9610.85197881
29075,113,180,12844.41675182
29076,113,181,14504.82064572
29077,113,182,16716.0867573
29078,113,183,20904.88342704
29079,113,184,13263.65509573
29080,113,185,9906.28866308
29081,113,186,16136.01612163
29082,113,187,19631.73565996
29083,113,188,24444.36357725
29084,113,189,20117.85770884
29085,113,190,17662.2086879
29086,113,191,19163.05650517
29087,113,192,22179.76921146
29088,113,193,18848.65613941
29089,113,194,18209.2526067
29090,113,195,20971.33070801
29091,113,196,25761.8998021
29092,113,197,18534.72404301
29093,113,198,15680.16636101
29094,113,199,16875.69120166
29095,113,200,33272.61578017
29096,113,201,22162.96997724
29097,113,202,41498.02556711
29098,113,203,37199.97286662
29099,113,204,30329.26516028
29100,113,205,23545.29143531
29101,113,206,20382.75700155
29102,113,207,45364.82476138
29103,113,208,16836.15110803
29104,113,209,15806.66673003
29105,113,210,13984.48198342
29106,113,211,19854.32619652
29107,113,212,47818.94809341
29108,113,213,54546.76685528
29109,113,214,20241.30471606
29110,113,215,2945.35768823
29111,113,216,8400.10077651
29112,113,217,2657.45251418
29113,113,218,1676.24828008
29114,113,219,27567.73149763
29115,113,220,31858.22600192
29116,113,221,5304.12076064
29117,113,222,10851.09848859
29118,113,223,11005.5940421
29119,113,224,36580.84275409
29120,113,225,6113.42952077
29121,113,226,16548.69614856
29122,113,227,5120.25557091
29123,113,228,38724.17025422
29124,113,229,22450.16286806
29125,113,230,24814.89934816
29126,113,231,14650.03455439
29127,113,232,14488.12435376
29128,113,233,14845.75516062
29129,113,234,14058.58051833
29130,113,235,14303.63379882
29131,113,236,15102.56671725
29132,113,237,14126.25834235
29133,113,238,41986.24445578
29134,113,239,33349.89307808
29135,113,240,40806.8409978
29136,113,241,23561.05163915
29137,113,242,29384.93394886
29138,113,243,21769.54413879
29139,113,244,37699.1584086
29140,113,245,36748.57230733
29141,113,246,38697.13048468
29142,113,247,33943.67810902
29143,113,248,35805.05757112
29144,113,249,41447.17584023
29145,113,250,40747.66033481
29146,113,251,32634.74805525
29147,113,252,24723.12517185
29148,113,253,21041.9044375
29149,113,254,39446.76540476
29150,113,255,40050.20402411
29151,113,256,40298.08879273
29152,113,257,34524.82846066
29153,113,258,27532.62587917
29154,114,1,5113.98241607
29155,114,2,12707.01714098
29156,114,3,5894.45350676
29157,114,4,9264.97617895
29158,114,5,11962.17838593
29159,114,6,11006.30579817
29160,114,7,2854.77283343
29161,114,8,7649.02394517
29162,114,9,6918.07044705
29163,114,10,1123.86935732
29164,114,11,3154.62547981
29165,114,12,3763.09327864
29166,114,13,4690.53913852
29167,114,14,9893.45804125
29168,114,15,8447.00767339
29169,114,16,13749.272004
29170,114,17,5965.54793927
29171,114,18,5719.51062901
29172,114,19,7869.60460255
29173,114,20,6506.58969965
29174,114,21,7701.74848358
29175,114,22,16619.15307937
29176,114,23,10150.40496785
29177,114,24,9515.9288458
29178,114,25,6455.94275198
29179,114,26,14202.57230158
29180,114,27,6897.00765565
29181,114,28,5945.63940173
29182,114,29,13087.0664583
29183,114,30,5667.47047587
29184,114,31,8400.97866395
29185,114,32,6608.32031363
29186,114,33,9202.36144872
29187,114,34,6803.37311704
29188,114,35,7480.87651831
29189,114,36,18848.79930392
29190,114,37,19580.76309284
29191,114,38,8856.55276301
29192,114,39,10811.10891268
29193,114,40,14454.2722147
29194,114,41,7298.78535306
29195,114,42,2885.0847368
29196,114,43,19625.10032175
29197,114,44,6877.3496767
29198,114,45,1755.09467254
29199,114,46,4174.56033168
29200,114,47,25160.99887877
29201,114,48,26224.76272771
29202,114,49,644.27174366
29203,114,50,21802.3937438
29204,114,51,2039.82354698
29205,114,52,3116.46558796
29206,114,53,9048.08054327
29207,114,54,3343.12198237
29208,114,55,23642.91008169
29209,114,56,3267.77141983
29210,114,57,15703.20006716
29211,114,58,13476.89658806
29212,114,59,3269.31091238
29213,114,60,4448.66687871
29214,114,61,2649.44951191
29215,114,62,18402.83761129
29216,114,63,7007.85262257
29217,114,64,25752.90875833
29218,114,65,5888.52705758
29219,114,66,11597.22060165
29220,114,67,13030.95629399
29221,114,68,11747.97535363
29222,114,69,40733.34863784
29223,114,70,17479.90631054
29224,114,71,50414.98721441
29225,114,72,26843.41888178
29226,114,73,51901.8494658
29227,114,74,42264.1079246
29228,114,75,29063.68248467
29229,114,76,48435.73849053
29230,114,77,52669.60754492
29231,114,78,53520.1866752
29232,114,79,31446.65804183
29233,114,80,46403.31596154
29234,114,81,45040.59325819
29235,114,82,34389.53079192
29236,114,83,8571.2160892
29237,114,84,47484.69425526
29238,114,85,36792.59947534
29239,114,86,8604.02010136
29240,114,87,15240.32223635
29241,114,88,9473.16454381
29242,114,89,9295.56571421
29243,114,90,4449.92265792
29244,114,91,4323.57626264
29245,114,92,5326.45829005
29246,114,93,12558.3456837
29247,114,94,9738.78383517
29248,114,95,3092.39575104
29249,114,96,11508.28170485
29250,114,97,15260.54025232
29251,114,98,14257.1447275
29252,114,99,8322.92957242
29253,114,100,9964.02850554
29254,114,101,5049.74034249
29255,114,102,8821.45014125
29256,114,103,16377.36778777
29257,114,104,7312.62760374
29258,114,105,4683.88100428
29259,114,106,11163.07009245
29260,114,107,3721.56811204
29261,114,108,13180.99524051
29262,114,109,6569.84676873
29263,114,110,11927.50682843
29264,114,111,3580.37529084
29265,114,112,10914.62229745
29266,114,113,13552.57277025
29267,114,114,0.0
29268,114,115,16524.99930557
29269,114,116,6347.23013276
29270,114,117,11245.21876343
29271,114,118,8549.60588865
29272,114,119,18508.64510331
29273,114,120,5690.59503627
29274,114,121,11681.67826798
29275,114,122,9779.6093641
29276,114,123,6889.74157504
29277,114,124,8299.97998955
29278,114,125,2977.48551188
29279,114,126,6754.48052534
29280,114,127,5905.25289994
29281,114,128,12206.05688452
29282,114,129,1982.25567735
29283,114,130,10413.1051433
29284,114,131,14335.47062301
29285,114,132,9232.50546881
29286,114,133,15152.41606935
29287,114,134,26803.05633843
29288,114,135,22832.93611457
29289,114,136,20501.26818022
29290,114,137,16564.29896577
29291,114,138,17249.40253309
29292,114,139,21730.1461255
29293,114,140,18877.21400573
29294,114,141,19176.13124302
29295,114,142,25824.05364523
29296,114,143,27764.02682534
29297,114,144,24208.80607246
29298,114,145,26451.07056765
29299,114,146,17393.62707283
29300,114,147,9782.10476165
29301,114,148,8794.62041045
29302,114,149,7993.47104735
29303,114,150,12479.16510859
29304,114,151,8811.76744843
29305,114,152,8826.40545737
29306,114,153,9487.54244086
29307,114,154,9677.68132157
29308,114,155,9175.55544763
29309,114,156,7702.35743284
29310,114,157,8372.2579332
29311,114,158,13666.15203206
29312,114,159,8227.58682485
29313,114,160,10791.96639417
29314,114,161,8747.57654289
29315,114,162,8732.69010936
29316,114,163,7142.7094562
29317,114,164,8746.79169906
29318,114,165,7226.86302875
29319,114,166,7024.58054428
29320,114,167,9981.06903846
29321,114,168,26563.50948712
29322,114,169,24278.1954805
29323,114,170,25241.92676554
29324,114,171,27893.9350477
29325,114,172,26755.85050204
29326,114,173,27325.68290297
29327,114,174,28579.08346239
29328,114,175,28319.313642
29329,114,176,29552.55527264
29330,114,177,26896.61341199
29331,114,178,19948.39882874
29332,114,179,15541.98536161
29333,114,180,21923.09377078
29334,114,181,26145.44881523
29335,114,182,29319.4786281
29336,114,183,33763.00312379
29337,114,184,23720.87542752
29338,114,185,17318.90658047
29339,114,186,28452.86817085
29340,114,187,32465.36370959
29341,114,188,31538.46568838
29342,114,189,29656.61978785
29343,114,190,29960.6629814
29344,114,191,29725.31944827
29345,114,192,29989.7568964
29346,114,193,29817.11558041
29347,114,194,29871.65453414
29348,114,195,29592.43079257
29349,114,196,31828.50624432
29350,114,197,31148.14900258
29351,114,198,10116.85020126
29352,114,199,13088.74690899
29353,114,200,40341.37986886
29354,114,201,25304.76792688
29355,114,202,49815.61773662
29356,114,203,45109.04277709
29357,114,204,36853.46390391
29358,114,205,29119.20947619
29359,114,206,21480.17523284
29360,114,207,53413.92343309
29361,114,208,15651.99799549
29362,114,209,8947.08978618
29363,114,210,3812.65289544
29364,114,211,13865.89097265
29365,114,212,49091.90731076
29366,114,213,56539.37013817
29367,114,214,33038.58519656
29368,114,215,16495.93331076
29369,114,216,7759.77145242
29370,114,217,11363.36413943
29371,114,218,13223.56410185
29372,114,219,40939.37051016
29373,114,220,45286.11439362
29374,114,221,8443.80937713
29375,114,222,23342.4207988
29376,114,223,5755.39610758
29377,114,224,50054.55878805
29378,114,225,8950.04878336
29379,114,226,29055.15184254
29380,114,227,18199.46906719
29381,114,228,52220.69629854
29382,114,229,35550.2532712
29383,114,230,38067.50704102
29384,114,231,4491.652299
29385,114,232,4124.81190716
29386,114,233,4889.66620752
29387,114,234,2842.57988859
29388,114,235,3636.40843914
29389,114,236,5335.01173611
29390,114,237,3148.5300758
29391,114,238,30187.49995329
29392,114,239,20519.85616284
29393,114,240,28496.89111476
29394,114,241,11354.00862935
29395,114,242,16727.80294602
29396,114,243,10587.9687386
29397,114,244,25015.70609795
29398,114,245,24156.71585176
29399,114,246,25938.66904921
29400,114,247,21312.1642512
29401,114,248,23227.14556497
29402,114,249,29268.77087439
29403,114,250,29140.01281061
29404,114,251,19643.5955556
29405,114,252,12688.23400136
29406,114,253,10752.28031717
29407,114,254,26770.37555976
29408,114,255,27544.54576191
29409,114,256,28960.17268861
29410,114,257,22036.05184882
29411,114,258,15144.44754015
29412,115,1,20734.31663019
29413,115,2,27626.39205041
29414,115,3,21747.27805145
29415,115,4,25295.4613107
29416,115,5,27132.14402076
29417,115,6,26523.00228141
29418,115,7,16295.1533035
29419,115,8,23730.38587126
29420,115,9,22899.75879092
29421,115,10,16233.69663475
29422,115,11,17073.06017255
29423,115,12,18505.74324019
29424,115,13,19854.18737404
29425,115,14,25703.93525144
29426,115,15,24624.96836974
29427,115,16,28214.5332228
29428,115,17,20726.43790107
29429,115,18,21121.64879174
29430,115,19,22942.63871766
29431,115,20,23007.41989634
29432,115,21,20516.7383125
29433,115,22,26865.12200645
29434,115,23,22348.56135207
29435,115,24,23004.69696766
29436,115,25,22847.48138758
29437,115,26,24809.77078617
29438,115,27,20663.84737803
29439,115,28,22297.59976221
29440,115,29,23750.74362884
29441,115,30,21551.80682828
29442,115,31,22927.90505239
29443,115,32,22813.44840061
29444,115,33,20832.30765603
29445,115,34,23310.04132269
29446,115,35,23047.88512576
29447,115,36,28931.66177697
29448,115,37,29871.35487337
29449,115,38,22938.73005271
29450,115,39,22464.95915806
29451,115,40,22331.93633404
29452,115,41,19408.90057343
29453,115,42,15943.08221909
29454,115,43,25947.4861138
29455,115,44,18582.77855741
29456,115,45,16479.09621299
29457,115,46,16047.7917585
29458,115,47,29633.64745294
29459,115,48,30345.82878895
29460,115,49,15880.87349996
29461,115,50,27521.68747625
29462,115,51,16563.02158812
29463,115,52,16023.81752652
29464,115,53,19597.30285197
29465,115,54,15196.37708199
29466,115,55,27858.83872209
29467,115,56,13499.75136362
29468,115,57,23911.99044252
29469,115,58,22417.87772947
29470,115,59,14458.84341213
29471,115,60,17533.85871757
29472,115,61,14096.93152665
29473,115,62,25388.79961869
29474,115,63,18648.16599889
29475,115,64,28447.78525689
29476,115,65,17886.34420648
29477,115,66,21316.09481518
29478,115,67,16280.20684943
29479,115,68,16102.44483989
29480,115,69,37689.38610798
29481,115,70,17631.31285718
29482,115,71,46660.11994854
29483,115,72,24203.28993714
29484,115,73,47670.87167763
29485,115,74,39004.03099768
29486,115,75,26125.44977066
29487,115,76,45019.8000892
29488,115,77,47106.07981636
29489,115,78,48713.31743811
29490,115,79,28327.74439528
29491,115,80,42810.83465449
29492,115,81,41750.1879003
29493,115,82,32076.19513121
29494,115,83,10464.25630694
29495,115,84,43955.09948106
29496,115,85,34178.33728408
29497,115,86,11454.76193591
29498,115,87,16807.41473442
29499,115,88,13121.45358758
29500,115,89,8933.62597059
29501,115,90,18176.21990476
29502,115,91,20379.75770524
29503,115,92,15284.0209717
29504,115,93,28747.19860156
29505,115,94,26019.4759198
29506,115,95,18379.78707915
29507,115,96,10370.05300028
29508,115,97,8010.48451855
29509,115,98,8753.20980864
29510,115,99,24802.9270403
29511,115,100,10968.53758717
29512,115,101,21339.52254076
29513,115,102,25257.90069164
29514,115,103,8032.87766423
29515,115,104,12368.27795681
29516,115,105,16505.51698668
29517,115,106,27499.70780907
29518,115,107,19418.27926865
29519,115,108,9736.34236903
29520,115,109,13728.70825763
29521,115,110,5136.53185675
29522,115,111,13525.83057018
29523,115,112,27372.45032266
29524,115,113,3156.65998636
29525,115,114,16524.99930557
29526,115,115,0.0
29527,115,116,21749.76555983
29528,115,117,27765.62285482
29529,115,118,8952.19632811
29530,115,119,2044.48536077
29531,115,120,11959.55728185
29532,115,121,28176.64659616
29533,115,122,7478.16648114
29534,115,123,22520.52977841
29535,115,124,23956.56354567
29536,115,125,18978.29458825
29537,115,126,10763.4405554
29538,115,127,20817.72148985
29539,115,128,28652.48541637
29540,115,129,18125.66753502
29541,115,130,26458.37137279
29542,115,131,2192.96899217
29543,115,132,24869.45949453
29544,115,133,1435.05004884
29545,115,134,37361.421757
29546,115,135,33942.79236348
29547,115,136,31215.33163541
29548,115,137,21243.43974321
29549,115,138,20011.47651513
29550,115,139,32730.03560454
29551,115,140,27886.72145413
29552,115,141,26854.41872179
29553,115,142,36126.72488803
29554,115,143,38720.64540977
29555,115,144,34745.62796878
29556,115,145,37911.68268111
29557,115,146,23466.32028753
29558,115,147,24729.74137893
29559,115,148,25137.3643959
29560,115,149,21365.4064178
29561,115,150,27269.27198184
29562,115,151,24784.94955133
29563,115,152,25278.08730953
29564,115,153,24813.96799894
29565,115,154,23819.29956097
29566,115,155,24552.55806251
29567,115,156,15301.97293728
29568,115,157,22359.60734427
29569,115,158,27908.94937999
29570,115,159,14513.09332381
29571,115,160,25882.38688823
29572,115,161,24612.8160516
29573,115,162,24824.60325866
29574,115,163,17354.656008
29575,115,164,25258.38994938
29576,115,165,19814.71256571
29577,115,166,16513.6466226
29578,115,167,24556.19876569
29579,115,168,33810.41249598
29580,115,169,31215.83443419
29581,115,170,32558.37282702
29582,115,171,35164.23421307
29583,115,172,35583.15209175
29584,115,173,35710.87333167
29585,115,174,36401.5003367
29586,115,175,38235.19289055
29587,115,176,40233.91374883
29588,115,177,36211.91836584
29589,115,178,10268.2128485
29590,115,179,9351.41628444
29591,115,180,10887.0903977
29592,115,181,11607.3256554
29593,115,182,13589.46800481
29594,115,183,17750.03543092
29595,115,184,10784.39460208
29596,115,185,8999.80944748
29597,115,186,13057.91328978
29598,115,187,16478.67546557
29599,115,188,24811.26409214
29600,115,189,19789.75779983
29601,115,190,16045.98582612
29602,115,191,18432.40950706
29603,115,192,22400.8041286
29604,115,193,17936.45167178
29605,115,194,16957.48707181
29606,115,195,20959.22858203
29607,115,196,26391.266015
29608,115,197,16679.42532269
29609,115,198,18709.8525788
29610,115,199,19725.66368752
29611,115,200,33415.77524453
29612,115,201,23675.37286902
29613,115,202,41123.33238001
29614,115,203,37014.23162496
29615,115,204,30698.44561851
29616,115,205,24392.2211401
29617,115,206,22394.19719295
29618,115,207,45033.56917032
29619,115,208,19389.45421996
29620,115,209,17756.82883011
29621,115,210,16596.94848036
29622,115,211,21332.2490066
29623,115,212,46878.87598807
29624,115,213,53378.63080771
29625,115,214,18216.35399474
29626,115,215,1292.34987436
29627,115,216,10591.202991
29628,115,217,5207.708789
29629,115,218,3389.16665805
29630,115,219,24987.8059074
29631,115,220,29200.52750681
29632,115,221,8114.73038202
29633,115,222,9452.23641087
29634,115,223,13385.63613329
29635,115,224,33855.86875979
29636,115,225,8383.18458653
29637,115,226,14828.25861673
29638,115,227,3971.58440617
29639,115,228,35963.73214325
29640,115,229,20157.6017958
29641,115,230,22367.70577533
29642,115,231,17200.70795887
29643,115,232,17078.11049437
29644,115,233,17353.88020676
29645,115,234,16783.14184337
29646,115,235,16945.78555661
29647,115,236,17564.30760907
29648,115,237,16818.99084102
29649,115,238,44224.19614923
29650,115,239,35939.74982217
29651,115,240,43197.61274923
29652,115,241,26088.01009711
29653,115,242,31951.50897462
29654,115,243,24132.32742575
29655,115,244,40219.71923211
29656,115,245,39245.86699475
29657,115,246,41236.98186788
29658,115,247,36469.59037564
29659,115,248,38303.58440658
29660,115,249,43795.89049835
29661,115,250,42941.67230291
29662,115,251,35280.50867422
29663,115,252,27193.38601539
29664,115,253,23264.62279677
29665,115,254,41956.72059952
29666,115,255,42503.83305913
29667,115,256,42424.02181511
29668,115,257,37005.32900039
29669,115,258,30046.88920537
29670,116,1,1237.81495956
29671,116,2,6366.95842858
29672,116,3,1001.85943257
29673,116,4,3694.07878077
29674,116,5,5655.76318433
29675,116,6,4826.8580529
29676,116,7,5463.7408581
29677,116,8,2412.85781084
29678,116,9,1635.80122693
29679,116,10,5988.18542845
29680,116,11,4677.76732486
29681,116,12,3247.20859201
29682,116,13,1902.35425789
29683,116,14,3962.76575398
29684,116,15,3317.51640106
29685,116,16,7411.33594432
29686,116,17,8905.41566779
29687,116,18,7969.37592068
29688,116,19,1546.45241507
29689,116,20,5051.11082785
29690,116,21,11539.330667
29691,116,22,11669.05322406
29692,116,23,5435.66859763
29693,116,24,3978.15454921
29694,116,25,2955.38870044
29695,116,26,9450.57930138
29696,116,27,10343.02730211
29697,116,28,5835.62032653
29698,116,29,8545.3491687
29699,116,30,7098.06326038
29700,116,31,2327.80321565
29701,116,32,2185.53452367
29702,116,33,13267.21722076
29703,116,34,4024.86534105
29704,116,35,1299.26470744
29705,116,36,13723.99293133
29706,116,37,14305.12749576
29707,116,38,3024.95536227
29708,116,39,6272.10323508
29709,116,40,19058.88382007
29710,116,41,11730.10463586
29711,116,42,8906.8016029
29712,116,43,24135.88743262
29713,116,44,11686.0441873
29714,116,45,7688.55441698
29715,116,46,10036.13472578
29716,116,47,29808.67860134
29717,116,48,30908.85754962
29718,116,49,6842.24571211
29719,116,50,26314.56688394
29720,116,51,5340.47574687
29721,116,52,5725.98383391
29722,116,53,6285.94862729
29723,116,54,6553.69762177
29724,116,55,20530.55018524
29725,116,56,8453.5425041
29726,116,57,11959.24732337
29727,116,58,9880.32281781
29728,116,59,7305.81918699
29729,116,60,4401.88792198
29730,116,61,8896.93527886
29731,116,62,14767.36007225
29732,116,63,4958.34598984
29733,116,64,23043.68540742
29734,116,65,4798.3174693
29735,116,66,8145.15322674
29736,116,67,12821.5454214
29737,116,68,11561.82316051
29738,116,69,39229.99927664
29739,116,70,17222.6164569
29740,116,71,48835.91791207
29741,116,72,26150.80862059
29742,116,73,50462.1194955
29743,116,74,40777.14800196
29744,116,75,28265.86706937
29745,116,76,46787.47169356
29746,116,77,51721.96894906
29747,116,78,52258.23656671
29748,116,79,30517.87131364
29749,116,80,44887.49772595
29750,116,81,43458.15219923
29751,116,82,32944.71255796
29752,116,83,12017.80020015
29753,116,84,45909.3262197
29754,116,85,35320.88359693
29755,116,86,11460.53178544
29756,116,87,15006.79546459
29757,116,88,11131.55377462
29758,116,89,13296.60324911
29759,116,90,3701.89870541
29760,116,91,2230.70880939
29761,116,92,6930.7707344
29762,116,93,7145.47361907
29763,116,94,4732.2867061
29764,116,95,3505.54367298
29765,116,96,14176.65384037
29766,116,97,18486.31654407
29767,116,98,17270.902741
29768,116,99,4590.00144827
29769,116,100,12667.95138005
29770,116,101,2388.06552231
29771,116,102,4635.3613064
29772,116,103,19597.93069363
29773,116,104,10130.44371204
29774,116,105,5539.27758144
29775,116,106,6197.28158952
29776,116,107,2633.83403576
29777,116,108,15906.977751
29778,116,109,8779.31163774
29779,116,110,17670.50748605
29780,116,111,9886.34566306
29781,116,112,6497.30314994
29782,116,113,19039.73782493
29783,116,114,6347.23013276
29784,116,115,21749.76555983
29785,116,116,0.0
29786,116,117,7847.20132833
29787,116,118,14659.13132775
29788,116,119,23607.86926897
29789,116,120,11990.73979126
29790,116,121,8564.72379369
29791,116,122,15737.38692429
29792,116,123,832.42998813
29793,116,124,2209.03854815
29794,116,125,3377.85564945
29795,116,126,12978.29751899
29796,116,127,1114.08579876
29797,116,128,9360.59569478
29798,116,129,4367.29229286
29799,116,130,4809.4249449
29800,116,131,19580.04204871
29801,116,132,3121.69576488
29802,116,133,20321.32533684
29803,116,134,21074.61160263
29804,116,135,17074.52581318
29805,116,136,14995.16111775
29806,116,137,14441.07010298
29807,116,138,15876.29979444
29808,116,139,16055.48534483
29809,116,140,14224.77462014
29810,116,141,15097.36801106
29811,116,142,20205.22748373
29812,116,143,21898.81191777
29813,116,144,18577.72664152
29814,116,145,20485.54090029
29815,116,146,14389.91163352
29816,116,147,3437.08890045
29817,116,148,7307.63032426
29818,116,149,3248.84631173
29819,116,150,13051.3788636
29820,116,151,3164.62419285
29821,116,152,6748.21976675
29822,116,153,3189.16052136
29823,116,154,3638.42606704
29824,116,155,9848.76054449
29825,116,156,8357.54271441
29826,116,157,2784.02786755
29827,116,158,14607.64977292
29828,116,159,9303.90369911
29829,116,160,11388.60499884
29830,116,161,8675.63230782
29831,116,162,8114.31875012
29832,116,163,6283.54052766
29833,116,164,6114.94144272
29834,116,165,3968.81784943
29835,116,166,6905.42097268
29836,116,167,3707.42597375
29837,116,168,30209.66945942
29838,116,169,28193.92165865
29839,116,170,28949.09534578
29840,116,171,31449.78445032
29841,116,172,29736.52180907
29842,116,173,30463.58470257
29843,116,174,31876.67529714
29844,116,175,30682.73652299
29845,116,176,31439.94516415
29846,116,177,29643.45794042
29847,116,178,22786.08913639
29848,116,179,18321.97781992
29849,116,180,24895.57611867
29850,116,181,29962.89351158
29851,116,182,33573.3361894
29852,116,183,38100.58333481
29853,116,184,27124.73477928
29854,116,185,20279.17995632
29855,116,186,32551.29079554
29856,116,187,36809.07625319
29857,116,188,37791.24041182
29858,116,189,36002.38677864
29859,116,190,36059.42126672
29860,116,191,36036.99203636
29861,116,192,36298.01404608
29862,116,193,36100.62066038
29863,116,194,36080.41326647
29864,116,195,35932.1675801
29865,116,196,37983.23778592
29866,116,197,37174.18289956
29867,116,198,15267.51973068
29868,116,199,18292.93638884
29869,116,200,46535.42132681
29870,116,201,31187.42544796
29871,116,202,56088.24793015
29872,116,203,51361.37157194
29873,116,204,43012.53560456
29874,116,205,35252.71884762
29875,116,206,27144.73346714
29876,116,207,59654.76648446
29877,116,208,21230.02249437
29878,116,209,7638.62395667
29879,116,210,5209.38062951
29880,116,211,11019.9160242
29881,116,212,46974.81670605
29882,116,213,54583.77870321
29883,116,214,39014.14503071
29884,116,215,21953.17770189
29885,116,216,11523.58510891
29886,116,217,16564.01913227
29887,116,218,18360.9466075
29888,116,219,46607.46620935
29889,116,220,50889.84117854
29890,116,221,13736.38528632
29891,116,222,29348.8199052
29892,116,223,8676.79424279
29893,116,224,55587.57097074
29894,116,225,13475.50872319
29895,116,226,35099.9148244
29896,116,227,23969.36235878
29897,116,228,57708.42865088
29898,116,229,41404.56151903
29899,116,230,43833.31639623
29900,116,231,4767.43145796
29901,116,232,4784.18861213
29902,116,233,4768.40839042
29903,116,234,4981.5998497
29904,116,235,4829.59363423
29905,116,236,4777.97143877
29906,116,237,4930.93522988
29907,116,238,23841.66784673
29908,116,239,14378.61777315
29909,116,240,22201.05449842
29910,116,241,5012.63502098
29911,116,242,10486.19503603
29912,116,243,4767.82130599
29913,116,244,18818.845005
29914,116,245,17922.89961466
29915,116,246,19777.16315565
29916,116,247,15082.44654183
29917,116,248,16985.55107309
29918,116,249,22952.49231034
29919,116,250,22794.09702213
29920,116,251,13607.34087526
29921,116,252,6356.45960571
29922,116,253,5599.22825809
29923,116,254,20575.52230751
29924,116,255,21293.27278259
29925,116,256,22629.10389515
29926,116,257,15763.24173525
29927,116,258,8818.16281743
29928,117,1,8151.16968808
29929,117,2,8426.54745232
29930,117,3,7177.50943994
29931,117,4,4930.96665371
29932,117,5,7602.90510432
29933,117,6,6489.97188671
29934,117,7,12149.99403544
29935,117,8,5482.78577688
29936,117,9,6211.53380226
29937,117,10,11660.28758548
29938,117,11,11544.35797861
29939,117,12,10289.32074364
29940,117,13,9168.55531311
29941,117,14,5579.1813778
29942,117,15,4700.902946
29943,117,16,9806.98951462
29944,117,17,8711.24120007
29945,117,18,7780.88277403
29946,117,19,7918.17395649
29947,117,20,4770.83926844
29948,117,21,10933.52612859
29949,117,22,17277.70570182
29950,117,23,12388.23434118
29951,117,24,10542.52164355
29952,117,25,5336.19622392
29953,117,26,15612.60580512
29954,117,27,9829.48084328
29955,117,28,5662.85060687
29956,117,29,15058.91506651
29957,117,30,6911.72001778
29958,117,31,8861.53779828
29959,117,32,5795.10469902
29960,117,33,12323.90141829
29961,117,34,4572.78389156
29962,117,35,6966.21809418
29963,117,36,18831.26272105
29964,117,37,19096.94803032
29965,117,38,9593.42717105
29966,117,39,13185.39484336
29967,117,40,17662.8695766
29968,117,41,11812.46243391
29969,117,42,12287.52080661
29970,117,43,22023.01882109
29971,117,44,12291.96045648
29972,117,45,11454.35827734
29973,117,46,12764.21418815
29974,117,47,27524.78619173
29975,117,48,28627.33991524
29976,117,49,11889.41060372
29977,117,50,24031.12972578
29978,117,51,11588.27159403
29979,117,52,12505.11663672
29980,117,53,14001.08084698
29981,117,54,13279.00836447
29982,117,55,27260.56391135
29983,117,56,14390.73489211
29984,117,57,18724.93184542
29985,117,58,16932.25264547
29986,117,59,13780.92272197
29987,117,60,11833.27514975
29988,117,61,13711.09831406
29989,117,62,21403.07666527
29990,117,63,12805.52651014
29991,117,64,29954.25058949
29992,117,65,12559.87134486
29993,117,66,15450.34816104
29994,117,67,20666.01817676
29995,117,68,19409.01539319
29996,117,69,46530.48209419
29997,117,70,25039.83281536
29998,117,71,56040.23481726
29999,117,72,33826.54326511
30000,117,73,57723.38638313
30001,117,74,48073.64051673
30002,117,75,35898.65599216
30003,117,76,53969.98656295
30004,117,77,59180.48144395
30005,117,78,59589.93189759
30006,117,79,38096.30264364
30007,117,80,52144.24449808
30008,117,81,50693.15160861
30009,117,82,40322.58990039
30010,117,83,19105.66124616
30011,117,84,53132.18832321
30012,117,85,42666.29955154
30013,117,86,18760.71163498
30014,117,87,22839.84475478
30015,117,88,18764.35812143
30016,117,89,20155.75939949
30017,117,90,11150.91313472
30018,117,91,7932.80410416
30019,117,92,14319.87157162
30020,117,93,4278.18422589
30021,117,94,3656.41912717
30022,117,95,10033.15517382
30023,117,96,21621.50378888
30024,117,97,25805.14294722
30025,117,98,24654.32033744
30026,117,99,3327.15405916
30027,117,100,20061.93151914
30028,117,101,6838.6778755
30029,117,102,3215.88534559
30030,117,103,26932.320929
30031,117,104,17384.08544205
30032,117,105,12946.49088286
30033,117,106,3072.5949576
30034,117,107,9006.3501464
30035,117,108,23367.64348052
30036,117,109,16153.1990683
30037,117,110,23056.59514071
30038,117,111,14415.60535963
30039,117,112,2019.34154557
30040,117,113,24761.90369413
30041,117,114,11245.21876343
30042,117,115,27765.62285482
30043,117,116,7847.20132833
30044,117,117,0.0
30045,117,118,19443.69797128
30046,117,119,29753.59590988
30047,117,120,16337.16053059
30048,117,121,782.0874559
30049,117,122,20802.68622991
30050,117,123,7092.15465536
30051,117,124,6426.73426943
30052,117,125,9144.58760223
30053,117,126,17540.52217544
30054,117,127,8933.13458425
30055,117,128,1631.34030406
30056,117,129,9816.25654047
30057,117,130,4643.05534469
30058,117,131,25578.02440529
30059,117,132,6227.89504785
30060,117,133,26397.27262141
30061,117,134,24284.30912911
30062,117,135,20525.77585381
30063,117,136,19266.54457162
30064,117,137,21904.70070167
30065,117,138,23525.04724373
30066,117,139,19827.05079364
30067,117,140,19931.70091295
30068,117,141,21339.66728815
30069,117,142,23758.15767197
30070,117,143,24651.86246973
30071,117,144,22225.07694886
30072,117,145,22997.16181768
30073,117,146,21457.79388947
30074,117,147,7900.57533343
30075,117,148,3250.53199748
30076,117,149,10724.78075878
30077,117,150,7834.98742661
30078,117,151,5290.4940725
30079,117,152,2709.54258878
30080,117,153,7024.64139781
30081,117,154,9484.7991454
30082,117,155,6258.58791524
30083,117,156,16078.44102241
30084,117,157,9781.71492681
30085,117,158,9390.46086882
30086,117,159,16990.18372271
30087,117,160,6834.58357968
30088,117,161,5037.54597232
30089,117,162,4292.98541563
30090,117,163,14105.90272431
30091,117,164,2517.75769344
30092,117,165,11776.29138203
30093,117,166,14674.07177554
30094,117,167,8684.10843122
30095,117,168,26429.14143542
30096,117,169,24894.58597871
30097,117,170,25318.68096972
30098,117,171,27489.883744
30099,117,172,25152.45287971
30100,117,173,26029.96911273
30101,117,174,27571.52231876
30102,117,175,25374.48457379
30103,117,176,25632.92721804
30104,117,177,24796.11148713
30105,117,178,30291.02177317
30106,117,179,25801.07463183
30107,117,180,32369.75499437
30108,117,181,37090.43270181
30109,117,182,40445.44688912
30110,117,183,44922.79074636
30111,117,184,34441.79015556
30112,117,185,27719.38948811
30113,117,186,39522.96029331
30114,117,187,43624.59759584
30115,117,188,39295.14984362
30116,117,189,38831.24898698
30117,117,190,40441.05292391
30118,117,191,39393.11169229
30119,117,192,38255.85757017
30120,117,193,39674.3024055
30121,117,194,40054.13736012
30122,117,195,38310.21995966
30123,117,196,38968.04544942
30124,117,197,41760.15811596
30125,117,198,15415.89846639
30126,117,199,18015.28487415
30127,117,200,47536.86848843
30128,117,201,31426.71805894
30129,117,202,57442.14168167
30130,117,203,52629.09581325
30131,117,204,43906.12674128
30132,117,205,36218.41449276
30133,117,206,27006.89485356
30134,117,207,60756.79132888
30135,117,208,21343.31494454
30136,117,209,15479.63489764
30137,117,210,12345.77292283
30138,117,211,18364.51787854
30139,117,212,53903.88002864
30140,117,213,61559.29554338
30141,117,214,43719.47231797
30142,117,215,27696.69083304
30143,117,216,18447.50269425
30144,117,217,22608.07657778
30145,117,218,24468.11966351
30146,117,219,51926.77471146
30147,117,220,56310.21319996
30148,117,221,19687.47927875
30149,117,222,34064.63244831
30150,117,223,15796.52433348
30151,117,224,61115.94350956
30152,117,225,20027.92948583
30153,117,226,39652.22225196
30154,117,227,29236.21728595
30155,117,228,63305.45081676
30156,117,229,46379.20636702
30157,117,230,48979.15687285
30158,117,231,12189.94390611
30159,117,232,12076.29378625
30160,117,233,12312.57101083
30161,117,234,11685.53202765
30162,117,235,11921.54956732
30163,117,236,12434.69930014
30164,117,237,11792.66459211
30165,117,238,23002.25772062
30166,117,239,12217.67615876
30167,117,240,20512.86378731
30168,117,241,8500.21709431
30169,117,242,9769.23983234
30170,117,243,10571.40203324
30171,117,244,16545.68994189
30172,117,245,15985.01076366
30173,117,246,17215.59314112
30174,117,247,13415.14412619
30175,117,248,15196.24346043
30176,117,249,21474.45065119
30177,117,250,22379.56504248
30178,117,251,11002.00032819
30179,117,252,9327.43602136
30180,117,253,12100.25734793
30181,117,254,18166.16771032
30182,117,255,19243.71818405
30183,117,256,22672.46148436
30184,117,257,14378.11620415
30185,117,258,9545.04403757
30186,118,1,13475.75526053
30187,118,2,20982.14966582
30188,118,3,14363.09987647
30189,118,4,17805.11552951
30190,118,5,20311.17975212
30191,118,6,19449.20588375
30192,118,7,9477.63449803
30193,118,8,16188.9713657
30194,118,9,15435.41359637
30195,118,10,8677.13156814
30196,118,11,10261.13908421
30197,118,12,11558.12273394
30198,118,13,12812.54201321
30199,118,14,18399.32348665
30200,118,15,16996.4342649
30201,118,16,21875.63289282
30202,118,17,11850.22718889
30203,118,18,12332.11979456
30204,118,19,16092.08530786
30205,118,20,14691.03604382
30206,118,21,11572.62406122
30207,118,22,22896.26024924
30208,118,23,17047.41850531
30209,118,24,17056.77899708
30210,118,25,14985.74475461
30211,118,26,20529.29053575
30212,118,27,11717.86523725
30213,118,28,13815.30746099
30214,118,29,19369.46865603
30215,118,30,12869.19881833
30216,118,31,16398.24514875
30217,118,32,15156.74708605
30218,118,33,11981.81717606
30219,118,34,15228.465217
30220,118,35,15885.67387461
30221,118,36,25147.22006451
30222,118,37,26008.88421317
30223,118,38,16660.62443459
30224,118,39,17460.41440737
30225,118,40,14384.26628559
30226,118,41,10476.52278791
30227,118,42,7226.72428832
30228,118,43,18774.81630402
30229,118,44,9651.26292529
30230,118,45,7990.87349219
30231,118,46,7148.40610216
30232,118,47,23400.87845193
30233,118,48,24297.98227517
30234,118,49,7951.01879242
30235,118,50,20668.51884567
30236,118,51,9358.86149235
30237,118,52,9354.6858034
30238,118,53,14867.55761253
30239,118,54,8670.34232881
30240,118,55,27216.66774721
30241,118,56,6384.23129528
30242,118,57,20859.53757104
30243,118,58,18848.31158483
30244,118,59,7810.78672914
30245,118,60,11202.54662765
30246,118,61,5902.44645896
30247,118,62,23101.33789773
30248,118,63,13221.30732997
30249,118,64,28656.69180523
30250,118,65,12147.88076237
30251,118,66,17225.85587861
30252,118,67,14989.31836797
30253,118,68,14124.02924234
30254,118,69,41232.86241793
30255,118,70,18370.86271329
30256,118,71,50721.35263982
30257,118,72,27062.8655264
30258,118,73,51982.75163563
30259,118,74,42685.82103563
30260,118,75,29242.40054128
30261,118,76,48887.09897209
30262,118,77,52065.17365098
30263,118,78,53322.46911789
30264,118,79,31634.30537589
30265,118,80,46731.52691153
30266,118,81,45499.99681167
30267,118,82,35093.05281105
30268,118,83,7625.49249527
30269,118,84,47862.88683787
30270,118,85,37413.85283001
30271,118,86,8616.15482465
30272,118,87,16600.71965709
30273,118,88,10643.48160353
30274,118,89,6741.45385588
30275,118,90,11660.27630307
30276,118,91,12825.47020391
30277,118,92,9836.00401774
30278,118,93,21104.55821796
30279,118,94,18279.88423364
30280,118,95,11159.66628401
30281,118,96,10080.31013914
30282,118,97,11541.82676529
30283,118,98,11187.79127012
30284,118,99,16774.02167942
30285,118,100,9303.98439357
30286,118,101,13599.29313811
30287,118,102,17309.64433601
30288,118,103,12400.39732948
30289,118,104,8446.81713396
30290,118,105,10523.37571395
30291,118,106,19685.5610981
30292,118,107,12060.17044135
30293,118,108,10959.91606723
30294,118,109,9200.17071083
30295,118,110,3836.91096216
30296,118,111,5059.13296644
30297,118,112,19367.6620023
30298,118,113,5796.3397574
30299,118,114,8549.60588865
30300,118,115,8952.19632811
30301,118,116,14659.13132775
30302,118,117,19443.69797128
30303,118,118,0.0
30304,118,119,10992.76433515
30305,118,120,3134.73446325
30306,118,121,19760.88744948
30307,118,122,1475.46586714
30308,118,123,15304.30321147
30309,118,124,16748.3508382
30310,118,125,11422.72156201
30311,118,126,1912.71985672
30312,118,127,13969.25055271
30313,118,128,20146.94902354
30314,118,129,10448.99881657
30315,118,130,18958.06913225
30316,118,131,6963.24575947
30317,118,132,17688.05465245
30318,118,133,7820.17334972
30319,118,134,33554.78513545
30320,118,135,29741.32089637
30321,118,136,27162.45732275
30322,118,137,19864.85003947
30323,118,138,19561.15984767
30324,118,139,28560.05445768
30325,118,140,24644.21673679
30326,118,141,24281.5291312
30327,118,142,32440.44145898
30328,118,143,34708.37067652
30329,118,144,30892.68332441
30330,118,145,33588.47088827
30331,118,146,21532.224851
30332,118,147,18007.72327003
30333,118,148,16579.91970598
30334,118,149,15371.76217095
30335,118,150,18322.15047112
30336,118,151,17341.56760288
30337,118,152,16828.4386952
30338,118,153,17848.23217837
30339,118,154,17547.5915725
30340,118,155,15680.23014702
30341,118,156,11203.41864453
30342,118,157,16103.38223876
30343,118,158,18961.2702773
30344,118,159,10910.30358649
30345,118,160,16960.89953786
30346,118,161,15844.43102246
30347,118,162,16131.70976981
30348,118,163,12406.74585945
30349,118,164,16930.29757168
30350,118,165,14074.01664378
30351,118,166,11737.49621123
30352,118,167,18057.83310783
30353,118,168,26616.35135543
30354,118,169,24051.70920362
30355,118,170,25300.4018952
30356,118,171,27999.67256012
30357,118,172,27884.87400968
30358,118,173,28163.53194649
30359,118,174,29067.41764856
30360,118,175,30247.34224038
30361,118,176,32053.72010138
30362,118,177,28370.5832849
30363,118,178,15956.99798919
30364,118,179,12502.55552915
30365,118,180,17467.82679798
30366,118,181,20070.4420014
30367,118,182,22492.450044
30368,118,183,26701.20021417
30369,118,184,18429.4682587
30370,118,185,13578.67828602
30371,118,186,21868.83628299
30372,118,187,25427.5228267
30373,118,188,24663.9228621
30374,118,189,21776.5682778
30375,118,190,21427.8874399
30376,118,191,21531.529659
30377,118,192,22771.33550091
30378,118,193,21518.56563472
30379,118,194,21425.19069183
30380,118,195,22041.33929816
30381,118,196,25436.68756499
30382,118,197,22599.34983769
30383,118,198,10244.49273853
30384,118,199,11944.11054925
30385,118,200,33624.63370515
30386,118,201,20231.49224513
30387,118,202,42631.83791621
30388,118,203,38065.70411819
30389,118,204,30340.74271959
30390,118,205,22896.6950819
30391,118,206,17437.55497725
30392,118,207,46370.43656022
30393,118,208,12732.64136314
30394,118,209,13633.28822231
30395,118,210,10177.62277843
30396,118,211,18445.87503401
30397,118,212,50165.95390644
30398,118,213,57226.98530672
30399,118,214,24489.98021446
30400,118,215,8545.68733248
30401,118,216,6947.02177337
30402,118,217,4777.29566388
30403,118,218,6269.92808493
30404,118,219,32493.52981542
30405,118,220,36869.2923388
30406,118,221,3429.23951638
30407,118,222,14793.34499032
30408,118,223,8308.88131359
30409,118,224,41672.24926166
30410,118,225,5519.45863395
30411,118,226,20507.98726856
30412,118,227,9797.09057873
30413,118,228,43863.36423682
30414,118,229,27026.72903061
30415,118,230,29576.51896218
30416,118,231,10973.94483918
30417,118,232,10707.35132938
30418,118,233,11278.7087179
30419,118,234,9889.95760453
30420,118,235,10377.68177257
30421,118,236,11648.00325713
30422,118,237,10054.93611328
30423,118,238,38346.74848607
30424,118,239,29002.62337184
30425,118,240,36842.35370912
30426,118,241,19533.35296199
30427,118,242,25143.65696634
30428,118,243,18211.63251792
30429,118,244,33469.96962432
30430,118,245,32581.42629667
30431,118,246,34415.36605479
30432,118,247,29739.83800217
30433,118,248,31644.53726508
30434,118,249,37570.13851596
30435,118,250,37215.63353334
30436,118,251,28162.2156551
30437,118,252,20807.80529066
30438,118,253,17860.19612332
30439,118,254,35226.7293176
30440,118,255,35951.99920035
30441,118,256,36918.26533977
30442,118,257,30419.71286649
30443,118,258,23449.01067052
30444,119,1,22619.39001019
30445,119,2,29389.29011128
30446,119,3,23641.2490386
30447,119,4,27186.24822979
30448,119,5,28923.24065187
30449,119,6,28352.71375024
30450,119,7,18171.41248665
30451,119,8,25633.96489404
30452,119,9,24797.55907287
30453,119,10,18182.64009251
30454,119,11,18939.41460695
30455,119,12,20372.25322876
30456,119,13,21719.9706741
30457,119,14,27568.67555146
30458,119,15,26535.86265073
30459,119,16,29928.59388889
30460,119,17,22770.09796477
30461,119,18,23160.65392444
30462,119,19,24762.05609996
30463,119,20,25002.24569117
30464,119,21,22551.83544811
30465,119,22,28201.45741657
30466,119,23,23954.42257196
30467,119,24,24698.92297143
30468,119,25,24792.72536439
30469,119,26,26223.15460483
30470,119,27,22706.80248379
30471,119,28,24310.13440127
30472,119,29,25193.99695499
30473,119,30,23582.79014182
30474,119,31,24704.38830724
30475,119,32,24734.84063275
30476,119,33,22845.76756085
30477,119,34,25278.82894682
30478,119,35,24907.11477766
30479,119,36,30213.98793797
30480,119,37,31159.08561441
30481,119,38,24680.41035737
30482,119,39,24024.16569431
30483,119,40,24193.8698772
30484,119,41,21440.63153025
30485,119,42,17981.05362345
30486,119,43,27660.84862906
30487,119,44,20614.54254027
30488,119,45,18502.39106858
30489,119,46,18092.26430181
30490,119,47,31155.18902486
30491,119,48,31828.19038688
30492,119,49,17864.39184184
30493,119,50,29169.46630097
30494,119,51,18475.54275077
30495,119,52,17888.13695861
30496,119,53,21156.44300833
30497,119,54,17058.12408436
30498,119,55,28534.3737431
30499,119,56,15441.14758858
30500,119,57,25122.51487709
30501,119,58,23743.2225675
30502,119,59,16344.53005584
30503,119,60,19339.98226761
30504,119,61,16109.37314922
30505,119,62,26434.08862281
30506,119,63,20322.61603859
30507,119,64,28929.24774818
30508,119,65,19614.11920105
30509,119,66,22746.59979016
30510,119,67,17344.66380418
30511,119,68,17300.29052225
30512,119,69,37273.38555764
30513,119,70,18223.82272464
30514,119,71,46060.94938
30515,119,72,24115.19234534
30516,119,73,47002.57147091
30517,119,74,38543.50855698
30518,119,75,25939.11934441
30519,119,76,44478.03245461
30520,119,77,46269.82147376
30521,119,78,47963.39874111
30522,119,79,28061.54416787
30523,119,80,42266.3764771
30524,119,81,41255.56424278
30525,119,82,31842.387762
30526,119,83,12071.87177368
30527,119,84,43408.11092999
30528,119,85,33868.94249464
30529,119,86,13000.77218044
30530,119,87,17635.54654556
30531,119,88,14525.65308199
30532,119,89,10574.83293046
30533,119,90,19996.13540179
30534,119,91,22300.92060167
30535,119,92,17024.4646894
30536,119,93,30646.82266747
30537,119,94,27939.68735483
30538,119,95,20277.63419046
30539,119,96,11571.67032046
30540,119,97,8550.72531068
30541,119,98,9507.92054607
30542,119,99,26761.89782025
30543,119,100,12366.96739765
30544,119,101,23276.79556348
30545,119,102,27206.10679755
30546,119,103,8299.45792291
30547,119,104,14013.54248525
30548,119,105,18285.81064764
30549,119,106,29425.32735465
30550,119,107,21323.49521022
30551,119,108,10679.75980344
30552,119,109,15398.93010608
30553,119,110,7169.02691838
30554,119,111,15555.72796966
30555,119,112,29322.60246948
30556,119,113,5199.56554812
30557,119,114,18508.64510331
30558,119,115,2044.48536077
30559,119,116,23607.86926897
30560,119,117,29753.59590988
30561,119,118,10992.76433515
30562,119,119,0.0
30563,119,120,14003.79356703
30564,119,121,30175.01719397
30565,119,122,9517.94622126
30566,119,123,24389.58965374
30567,119,124,25816.81406271
30568,119,125,20907.74547922
30569,119,126,12807.89517091
30570,119,127,22652.41471953
30571,119,128,30660.5723167
30572,119,129,20072.74099497
30573,119,130,28346.13458606
30574,119,131,4186.29206685
30575,119,132,26721.61813989
30576,119,133,3356.37064207
30577,119,134,38584.27877574
30578,119,135,35260.73816585
30579,119,136,32526.1917399
30580,119,137,22185.40599482
30581,119,138,20793.15478248
30582,119,139,34050.64869133
30583,119,140,29080.58346168
30584,119,141,27934.47932821
30585,119,142,37334.3269591
30586,119,143,39974.8194226
30587,119,144,35993.70269231
30588,119,145,39228.43723043
30589,119,146,24473.91584184
30590,119,147,26520.23489819
30591,119,148,27154.03323105
30592,119,149,23082.41825014
30593,119,150,29312.15758859
30594,119,151,26671.73863878
30595,119,152,27283.48814201
30596,119,153,26637.4447579
30597,119,154,25552.87529933
30598,119,155,26595.67752624
30599,119,156,16865.64841787
30600,119,157,24103.27875646
30601,119,158,29944.87987141
30602,119,159,16030.96735959
30603,119,160,27926.86987254
30604,119,161,26649.02325731
30605,119,162,26854.36386468
30606,119,163,18986.58285186
30607,119,164,27250.64899444
30608,119,165,21515.18383277
30609,119,166,18140.00421265
30610,119,167,26316.48231319
30611,119,168,35491.45375666
30612,119,169,32901.30018252
30613,119,170,34256.02447336
30614,119,171,36834.96992891
30615,119,172,37355.40476361
30616,119,173,37453.65110423
30617,119,174,38101.10530142
30618,119,175,40058.80394464
30619,119,176,42093.35738267
30620,119,177,38010.50276703
30621,119,178,9826.09731812
30622,119,179,9839.40918491
30623,119,180,10050.41590015
30624,119,181,9872.9784131
30625,119,182,11594.62854817
30626,119,183,15714.3342409
30627,119,184,9480.73654548
30628,119,185,9076.21701102
30629,119,186,11120.74704059
30630,119,187,14446.4586525
30631,119,188,25157.09127621
30632,119,189,19741.07027825
30633,119,190,15161.98823207
30634,119,191,18134.286117
30635,119,192,22676.43560405
30636,119,193,17521.93078342
30637,119,194,16321.49805472
30638,119,195,21101.52986668
30639,119,196,26890.43279398
30640,119,197,15609.03465793
30641,119,198,20666.11523643
30642,119,199,21577.41939092
30643,119,200,33564.15215566
30644,119,201,24735.65747977
30645,119,202,40905.68125702
30646,119,203,36934.11405227
30647,119,204,31005.66966714
30648,119,205,25042.27783877
30649,119,206,23756.93375666
30650,119,207,44833.16139586
30651,119,208,21076.48791541
30652,119,209,19260.8186124
30653,119,210,18426.16693324
30654,119,211,22556.73888981
30655,119,212,46475.66651024
30656,119,213,52808.04538577
30657,119,214,17001.63191743
30658,119,215,2741.54429102
30659,119,216,12292.51330708
30660,119,217,7152.49001118
30661,119,218,5297.88091076
30662,119,219,23327.93613366
30663,119,220,27476.08434655
30664,119,221,10073.85722758
30665,119,222,8929.97807451
30666,119,223,15132.42081064
30667,119,224,32078.45363158
30668,119,225,10158.79170091
30669,119,226,13888.31176714
30670,119,227,4338.72501426
30671,119,228,34160.2246412
30672,119,229,18728.51606157
30673,119,230,20813.08839819
30674,119,231,18999.10463416
30675,119,232,18895.04748797
30676,119,233,19131.88904542
30677,119,234,18661.50933864
30678,119,235,18786.88463013
30679,119,236,19319.60505765
30680,119,237,18683.168604
30681,119,238,45798.14937606
30682,119,239,37715.37353748
30683,119,240,44857.80037194
30684,119,241,27846.48046145
30685,119,242,33719.90378116
30686,119,243,25812.42075082
30687,119,244,41953.84854973
30688,119,245,40968.4310684
30689,119,246,42980.56662139
30690,119,247,38210.65680422
30691,119,248,40027.84945047
30692,119,249,45432.16353564
30693,119,250,44492.52514674
30694,119,251,37086.2033624
30695,119,252,28920.39886068
30696,119,253,24875.8234342
30697,119,254,43683.43623283
30698,119,255,44199.29166298
30699,119,256,43937.23344149
30700,119,257,38721.42190311
30701,119,258,31791.04200081
30702,120,1,10770.73273831
30703,120,2,18357.12628655
30704,120,3,11583.65954325
30705,120,4,14930.48891465
30706,120,5,17633.74418027
30707,120,6,16695.61984021
30708,120,7,7212.23468557
30709,120,8,13317.90208326
30710,120,9,12604.00475274
30711,120,10,6049.92015152
30712,120,11,7930.38572943
30713,120,12,9072.67549261
30714,120,13,10225.13663453
30715,120,14,15580.1597309
30716,120,15,14085.35106931
30717,120,16,19345.29992403
30718,120,17,8769.22984276
30719,120,18,9211.24776254
30720,120,19,13483.46649037
30721,120,20,11599.54419068
30722,120,21,8752.39131159
30723,120,22,21222.62340497
30724,120,23,15041.82982353
30725,120,24,14785.0972594
30726,120,25,12021.02118683
30727,120,26,18806.62780297
30728,120,27,8751.00981253
30729,120,28,10695.17080553
30730,120,29,17647.09384605
30731,120,30,9734.76007311
30732,120,31,13910.1752979
30733,120,32,12260.08587547
30734,120,33,9413.99340609
30735,120,34,12193.72136791
30736,120,35,13159.77981845
30737,120,36,23486.59954897
30738,120,37,24301.05723737
30739,120,38,14266.89452481
30740,120,39,15560.36930863
30741,120,40,12782.78983748
30742,120,41,7725.14572249
30743,120,42,4092.38810783
30744,120,43,17590.80051974
30745,120,44,6919.52130189
30746,120,45,4904.93901764
30747,120,46,4092.27992753
30748,120,47,22646.27801296
30749,120,48,23620.71491608
30750,120,49,5152.06644507
30751,120,50,19629.83840753
30752,120,51,6882.80435497
30753,120,52,7187.18427886
30754,120,53,13212.67457917
30755,120,54,6670.8824811
30756,120,55,26646.44878379
30757,120,56,4390.04871367
30758,120,57,19598.83482804
30759,120,58,17467.64349366
30760,120,59,5865.60573717
30761,120,60,9050.14253959
30762,120,61,3096.32925379
30763,120,62,22051.05121231
30764,120,63,11360.3941559
30765,120,64,28353.54654066
30766,120,65,10217.45384345
30767,120,66,15711.10930872
30768,120,67,14744.23500196
30769,120,68,13685.38864729
30770,120,69,41899.15881764
30771,120,70,18632.36753487
30772,120,71,51494.42489432
30773,120,72,27720.59604967
30774,120,73,52839.14923908
30775,120,74,43386.7487177
30776,120,75,29938.14177156
30777,120,76,49602.65182172
30778,120,77,53159.80661742
30779,120,78,54280.1797805
30780,120,79,32348.85194831
30781,120,80,47482.70382886
30782,120,81,46199.82162368
30783,120,82,35650.35515588
30784,120,83,7891.67187398
30785,120,84,48600.65488421
30786,120,85,38015.69187255
30787,120,86,8621.67616198
30788,120,87,16636.99047352
30789,120,88,10418.22321962
30790,120,89,7595.18230019
30791,120,90,9382.11335051
30792,120,91,10014.16542804
30793,120,92,8293.13449977
30794,120,93,18153.36617362
30795,120,94,15321.1322737
30796,120,95,8560.987584
30797,120,96,10827.67372705
30798,120,97,13270.82859756
30799,120,98,12652.37929773
30800,120,99,13743.04568895
30801,120,100,9669.36652313
30802,120,101,10697.60513064
30803,120,102,14297.39388391
30804,120,103,14258.16705242
30805,120,104,7964.28399301
30806,120,105,8613.45818768
30807,120,106,16695.0871721
30808,120,107,9357.83503354
30809,120,108,12082.24876672
30810,120,109,8247.883884
30811,120,110,6916.83746987
30812,120,111,2111.0026682
30813,120,112,16328.59671232
30814,120,113,8812.61608451
30815,120,114,5690.59503627
30816,120,115,11959.55728185
30817,120,116,11990.73979126
30818,120,117,16337.16053059
30819,120,118,3134.73446325
30820,120,119,14003.79356703
30821,120,120,0.0
30822,120,121,16640.07643914
30823,120,122,4567.66170215
30824,120,123,12569.93539809
30825,120,124,13988.53011602
30826,120,125,8653.2048082
30827,120,126,1223.94526813
30828,120,127,11424.3549723
30829,120,128,17016.5940844
30830,120,129,7659.04202974
30831,120,130,16067.60796226
30832,120,131,9881.45139866
30833,120,132,14922.29556075
30834,120,133,10742.22052921
30835,120,134,31747.09335026
30836,120,135,27847.02918766
30837,120,136,25363.21384311
30838,120,137,19279.97493301
30839,120,138,19333.27904965
30840,120,139,26694.99812908
30841,120,140,23195.386676
30842,120,141,23089.83908028
30843,120,142,30688.57052966
30844,120,143,32816.89964282
30845,120,144,29103.97823888
30846,120,145,31603.23227432
30847,120,146,20668.90209769
30848,120,147,15405.84647513
30849,120,148,13447.8734083
30850,120,149,13142.38500877
30851,120,150,15345.38088959
30852,120,151,14488.66675411
30853,120,152,13707.21528639
30854,120,153,15158.32955651
30855,120,154,15131.13231769
30856,120,155,12598.21759136
30857,120,156,10161.52288871
30858,120,157,13736.29327397
30859,120,158,16079.26326786
30860,120,159,10140.04275346
30861,120,160,13926.6232664
30862,120,161,12721.62507019
30863,120,162,12998.89397588
30864,120,163,10833.98683824
30865,120,164,13828.55192305
30866,120,165,12017.25242468
30867,120,166,10310.62095541
30868,120,167,15540.20221879
30869,120,168,25242.84950556
30870,120,169,22741.29663787
30871,120,170,23908.66466884
30872,120,171,26623.58159359
30873,120,172,26171.15625337
30874,120,173,26545.9454034
30875,120,174,27573.54688838
30876,120,175,28310.29226409
30877,120,176,29963.33080974
30878,120,177,26554.02009795
30879,120,178,17914.61157116
30880,120,179,14014.6418735
30881,120,180,19611.87890322
30882,120,181,22755.56332486
30883,120,182,25394.42161989
30884,120,183,29670.86580573
30885,120,184,20860.57394207
30886,120,185,15387.38474556
30887,120,186,24705.8657412
30888,120,187,28388.77646424
30889,120,188,26304.87265332
30890,120,189,24048.74205789
30891,120,190,24330.64772866
30892,120,191,24047.6293093
30893,120,192,24609.29202038
30894,120,193,24128.08138826
30895,120,194,24190.95781533
30896,120,195,24087.88146518
30897,120,196,26811.34207243
30898,120,197,25561.11329752
30899,120,198,8325.34934173
30900,120,199,10619.55004341
30901,120,200,35205.85128319
30902,120,201,20883.91029101
30903,120,202,44491.55998408
30904,120,203,39838.45403969
30905,120,204,31801.12814517
30906,120,205,24165.35450014
30907,120,206,17552.1345616
30908,120,207,48154.92529511
30909,120,208,12196.57651497
30910,120,209,12332.76626529
30911,120,210,8067.07727061
30912,120,211,17352.96558437
30913,120,212,50663.40119346
30914,120,213,57883.77859625
30915,120,214,27481.62993487
30916,120,215,11638.41261954
30917,120,216,7027.8360998
30918,120,217,7296.96990527
30919,120,218,9020.75064979
30920,120,219,35589.68280099
30921,120,220,39974.17183259
30922,120,221,4885.46700894
30923,120,222,17791.61143837
30924,120,223,7232.50174024
30925,120,224,44785.23017572
30926,120,225,6583.94980525
30927,120,226,23459.88036687
30928,120,227,12923.14537102
30929,120,228,46981.20595096
30930,120,229,30074.0060005
30931,120,230,32650.8976363
30932,120,231,8893.92175257
30933,120,232,8574.89833812
30934,120,233,9250.81593399
30935,120,234,7544.93991417
30936,120,235,8168.5668667
30937,120,236,9669.68080496
30938,120,237,7767.09932339
30939,120,238,35817.97900534
30940,120,239,26207.61473854
30941,120,240,34177.49846813
30942,120,241,16964.45997289
30943,120,242,22416.08396529
30944,120,243,15915.94522112
30945,120,244,30705.99556119
30946,120,245,29846.82924655
30947,120,246,31626.58050895
30948,120,247,27002.22128259
30949,120,248,28916.70522319
30950,120,249,34940.17886931
30951,120,250,34740.06163115
30952,120,251,25319.15947818
30953,120,252,18278.13388668
30954,120,253,15782.32905638
30955,120,254,32460.45495831
30956,120,255,33233.74207888
30957,120,256,34513.84399311
30958,120,257,27721.48858987
30959,120,258,20807.58311798
30960,121,1,8816.27586678
30961,121,2,9159.45183996
30962,121,3,7863.00131768
30963,121,4,5711.75700546
30964,121,5,8348.83910828
30965,121,6,7253.25884054
30966,121,7,12720.42566098
30967,121,8,6221.99553165
30968,121,9,6929.63688498
30969,121,10,12152.3706134
30970,121,11,12137.9533251
30971,121,12,10914.37318926
30972,121,13,9828.0196585
30973,121,14,6359.7015913
30974,121,15,5461.2386692
30975,121,16,10528.70314896
30976,121,17,8754.69412832
30977,121,18,7875.88437294
30978,121,19,8681.12386784
30979,121,20,5175.56830256
30980,121,21,10847.93700668
30981,121,22,18048.93180935
30982,121,23,13164.63577392
30983,121,24,11320.56106857
30984,121,25,5968.99521462
30985,121,26,16393.21665844
30986,121,27,9790.1122811
30987,121,28,5945.63796385
30988,121,29,15840.99745616
30989,121,30,7068.09418266
30990,121,31,9632.43348243
30991,121,32,6478.34581438
30992,121,33,12166.53114507
30993,121,34,5137.33251606
30994,121,35,7716.97668688
30995,121,36,19587.72639561
30996,121,37,19843.21105284
30997,121,38,10368.1383026
30998,121,39,13963.53635007
30999,121,40,17379.58670463
31000,121,41,11776.6722609
31001,121,42,12565.72907479
31002,121,43,21636.2665368
31003,121,44,12298.81899026
31004,121,45,11787.7950282
31005,121,46,12970.49352878
31006,121,47,27097.55570283
31007,121,48,28196.66761704
31008,121,49,12324.33150175
31009,121,50,23617.86994462
31010,121,51,12129.29693634
31011,121,52,13079.81015192
31012,121,53,14748.67032309
31013,121,54,13840.75850756
31014,121,55,28042.25672869
31015,121,56,14866.82713369
31016,121,57,19506.92717544
31017,121,58,17711.31110574
31018,121,59,14314.0251034
31019,121,60,12476.91493164
31020,121,61,14092.98713691
31021,121,62,22184.88180781
31022,121,63,13520.34498395
31023,121,64,30736.33752245
31024,121,65,13244.46010726
31025,121,66,16222.63051481
31026,121,67,21386.2177977
31027,121,68,20123.36150334
31028,121,69,47309.77026881
31029,121,70,25774.29867689
31030,121,71,56821.37019993
31031,121,72,34585.8299879
31032,121,73,58503.77676629
31033,121,74,48853.07960048
31034,121,75,36662.09444215
31035,121,76,54751.31572479
31036,121,77,59955.66715752
31037,121,78,60369.00935566
31038,121,79,38863.9658501
31039,121,80,52924.55697889
31040,121,81,51473.75504214
31041,121,82,41099.53846922
31042,121,83,19672.73732462
31043,121,84,53913.02816156
31044,121,85,43444.32283003
31045,121,86,19356.59942191
31046,121,87,23567.95404882
31047,121,88,19411.43331184
31048,121,89,20690.92706562
31049,121,90,11801.57147334
31050,121,91,8540.16533411
31051,121,92,14944.0877842
31052,121,93,4902.96830898
31053,121,94,4438.43140719
31054,121,95,10624.45739527
31055,121,96,22231.83083315
31056,121,97,26388.89412854
31057,121,98,25249.88557089
31058,121,99,4002.56707853
31059,121,100,20667.69748327
31060,121,101,7442.08831047
31061,121,102,3950.44257839
31062,121,103,27516.90022526
31063,121,104,17978.38051966
31064,121,105,13580.20737164
31065,121,106,3805.27998707
31066,121,107,9612.5809381
31067,121,108,23977.60139964
31068,121,109,16767.67090485
31069,121,110,23414.50681099
31070,121,111,14760.6490749
31071,121,112,2774.48563279
31072,121,113,25149.19409982
31073,121,114,11681.67826798
31074,121,115,28176.64659616
31075,121,116,8564.72379369
31076,121,117,782.0874559
31077,121,118,19760.88744948
31078,121,119,30175.01719397
31079,121,120,16640.07643914
31080,121,121,0.0
31081,121,122,21139.17423893
31082,121,123,7823.41178185
31083,121,124,7196.29182831
31084,121,125,9706.30606044
31085,121,126,17851.78156892
31086,121,127,9640.72515056
31087,121,128,849.31212475
31088,121,129,10334.18173584
31089,121,130,5414.94219931
31090,121,131,25993.50881072
31091,121,132,7009.29600725
31092,121,133,26819.19126398
31093,121,134,24947.32764529
31094,121,135,21213.16908857
31095,121,136,19993.8229081
31096,121,137,22675.1559613
31097,121,138,24284.67805625
31098,121,139,20531.76486469
31099,121,140,20701.51561331
31100,121,141,22117.90632542
31101,121,142,24440.52373051
31102,121,143,25288.15853685
31103,121,144,22916.40393382
31104,121,145,23624.83407028
31105,121,146,22238.20759674
31106,121,147,8682.61631029
31107,121,148,3303.25521022
31108,121,149,11481.58661105
31109,121,150,7280.41177657
31110,121,151,6066.08966552
31111,121,152,2932.86223431
31112,121,153,7806.68982563
31113,121,154,10265.99400018
31114,121,155,6004.6818916
31115,121,156,16747.20423008
31116,121,157,10549.42049648
31117,121,158,8804.47731021
31118,121,159,17650.42707695
31119,121,160,6405.38869963
31120,121,161,4879.49986383
31121,121,162,4194.91677378
31122,121,163,14803.45203149
31123,121,164,2945.94656139
31124,121,165,12508.5702115
31125,121,166,15355.68375834
31126,121,167,9466.13978769
31127,121,168,25870.96498671
31128,121,169,24383.85819731
31129,121,170,24776.95040615
31130,121,171,26913.54224487
31131,121,172,24529.57092554
31132,121,173,25417.40834506
31133,121,174,26966.07261749
31134,121,175,24694.07445258
31135,121,176,24916.64232917
31136,121,177,24152.64369365
31137,121,178,30900.90021685
31138,121,179,26410.83941665
31139,121,180,32972.37525125
31140,121,181,37631.95019515
31141,121,182,40946.1798028
31142,121,183,45412.78752779
31143,121,184,35015.6578472
31144,121,185,28320.29789665
31145,121,186,40038.97196363
31146,121,187,44114.60383402
31147,121,188,39196.29246213
31148,121,189,38867.56892695
31149,121,190,40639.14359904
31150,121,191,39483.14477439
31151,121,192,38204.72960261
31152,121,193,39786.72522198
31153,121,194,40208.56354155
31154,121,195,38301.49540451
31155,121,196,38818.66098342
31156,121,197,41978.61624541
31157,121,198,15317.2158587
31158,121,199,17841.40346162
31159,121,200,47373.70577659
31160,121,201,31225.14424128
31161,121,202,57301.55081401
31162,121,203,52485.29454391
31163,121,204,43738.20554493
31164,121,205,36073.67989888
31165,121,206,26785.77324892
31166,121,207,60588.31963904
31167,121,208,21179.45824145
31168,121,209,16202.64934195
31169,121,210,12955.5390139
31170,121,211,19137.7664204
31171,121,212,54685.73312527
31172,121,213,62341.2692597
31173,121,214,43948.29404578
31174,121,215,28076.56089017
31175,121,216,18997.14066226
31176,121,217,23039.65654935
31177,121,218,24899.80932865
31178,121,219,52217.11034491
31179,121,220,56609.01658705
31180,121,221,20123.08910161
31181,121,222,34312.60044257
31182,121,223,16381.42566315
31183,121,224,61424.5840263
31184,121,225,20527.71331834
31185,121,226,39870.53985864
31186,121,227,29557.97481732
31187,121,228,63621.24614526
31188,121,229,46635.11127796
31189,121,230,49251.93598617
31190,121,231,12830.15391958
31191,121,232,12703.70853016
31192,121,233,12966.01198941
31193,121,234,12263.37132471
31194,121,235,12531.05454568
31195,121,236,13102.37473901
31196,121,237,12382.82373467
31197,121,238,23380.69779006
31198,121,239,12577.58188
31199,121,240,20826.94443184
31200,121,241,9269.44142735
31201,121,242,10313.06373143
31202,121,243,11353.48241772
31203,121,244,16834.29211765
31204,121,245,16314.01782442
31205,121,246,17466.72554581
31206,121,247,13804.11427461
31207,121,248,15549.16084229
31208,121,249,21802.55548098
31209,121,250,22798.68578233
31210,121,251,11339.16303951
31211,121,252,10074.91592778
31212,121,253,12881.32745588
31213,121,254,18424.90329412
31214,121,255,19531.01026223
31215,121,256,23128.19488967
31216,121,257,14780.0390612
31217,121,258,10192.37154954
31218,122,1,14581.41853654
31219,122,2,22007.29780079
31220,122,3,15503.73778349
31221,122,4,18987.89880613
31222,122,5,21368.44929788
31223,122,6,20553.56036505
31224,122,7,10424.5882973
31225,122,8,17374.86782421
31226,122,9,16600.55412193
31227,122,10,9798.61755529
31228,122,11,11221.86993752
31229,122,12,12571.53104205
31230,122,13,13862.74202266
31231,122,14,19546.16906271
31232,122,15,18204.70738108
31233,122,16,22844.73054071
31234,122,17,13314.21158476
31235,122,18,13778.52288041
31236,122,19,17129.70226141
31237,122,20,16038.76998233
31238,122,21,13041.94751494
31239,122,22,23416.91140609
31240,122,23,17771.47453326
31241,122,24,17913.38985415
31242,122,25,16235.13596205
31243,122,26,21088.22357778
31244,122,27,13193.27608785
31245,122,28,15197.12514004
31246,122,29,19936.28303168
31247,122,30,14293.16028836
31248,122,31,17370.31578785
31249,122,32,16362.17536505
31250,122,33,13419.68418102
31251,122,34,16526.79347177
31252,122,35,16988.45207386
31253,122,36,25650.34697302
31254,122,37,26531.96773044
31255,122,38,17582.16705658
31256,122,39,18129.22973052
31257,122,40,15587.39790884
31258,122,41,11940.91090658
31259,122,42,8645.98541389
31260,122,43,19817.66173563
31261,122,44,11115.12904331
31262,122,45,9352.49299915
31263,122,46,8614.66654519
31264,122,47,24264.87740352
31265,122,48,25128.28499108
31266,122,49,9161.31188913
31267,122,50,21650.44545806
31268,122,51,10400.96074842
31269,122,52,10261.79250803
31270,122,53,15445.03162949
31271,122,54,9523.90732761
31272,122,55,27180.41018526
31273,122,56,7326.55255615
31274,122,57,21190.99593942
31275,122,58,19253.40050504
31276,122,59,8670.69258329
31277,122,60,12065.9252371
31278,122,61,7157.87128135
31279,122,62,23316.47403125
31280,122,63,13918.00766335
31281,122,64,28488.14350384
31282,122,65,12893.48519825
31283,122,66,17710.28341867
31284,122,67,14902.00385989
31285,122,68,14141.78813556
31286,122,69,40587.63964585
31287,122,70,18004.16884165
31288,122,71,50016.44872126
31289,122,72,26459.03933874
31290,122,73,51240.57396987
31291,122,74,42022.97399244
31292,122,75,28613.33887232
31293,122,76,48209.28800818
31294,122,77,51221.69473265
31295,122,78,52535.68491603
31296,122,79,30989.26423876
31297,122,80,46040.89911609
31298,122,81,44833.43995705
31299,122,82,34508.81646779
31300,122,83,7514.70670202
31301,122,84,47176.65371661
31302,122,85,36804.46160252
31303,122,86,8579.80745969
31304,122,87,16358.91690313
31305,122,88,10640.44228355
31306,122,89,6389.61887734
31307,122,90,12574.51236863
31308,122,91,13992.90866833
31309,122,92,10458.07374012
31310,122,93,22330.34290946
31311,122,94,19516.47742714
31312,122,95,12232.34665253
31313,122,96,9626.03985226
31314,122,97,10572.24305377
31315,122,98,10352.32852679
31316,122,99,18066.23447482
31317,122,100,9064.40247088
31318,122,101,14814.34679958
31319,122,102,18586.5546243
31320,122,103,11358.07912112
31321,122,104,8647.24745624
31322,122,105,11290.55533556
31323,122,106,20941.95283598
31324,122,107,13175.47774774
31325,122,108,10296.99200172
31326,122,109,9581.49139312
31327,122,110,2363.29815584
31328,122,111,6387.63388197
31329,122,112,20662.09252957
31330,122,113,4323.36769901
31331,122,114,9779.6093641
31332,122,115,7478.16648114
31333,122,116,15737.38692429
31334,122,117,20802.68622991
31335,122,118,1475.46586714
31336,122,119,9517.94622126
31337,122,120,4567.66170215
31338,122,121,21139.17423893
31339,122,122,0.0
31340,122,123,16414.77499503
31341,122,124,17866.34613225
31342,122,125,12578.21694819
31343,122,126,3345.73254912
31344,122,127,14988.00307275
31345,122,128,21543.50309508
31346,122,129,11623.91564506
31347,122,130,20147.70996089
31348,122,131,5510.86955767
31349,122,132,18805.70505305
31350,122,133,6363.96946241
31351,122,134,34104.93219114
31352,122,135,30346.3429864
31353,122,136,27727.26470474
31354,122,137,19881.70503783
31355,122,138,19412.43623177
31356,122,139,29153.66940843
31357,122,140,25044.7002503
31358,122,141,24558.23433835
31359,122,142,32964.69296603
31360,122,143,35299.34406673
31361,122,144,31440.046194
31362,122,145,34231.04322866
31363,122,146,21668.16768692
31364,122,147,19031.79049756
31365,122,148,17982.63019957
31366,122,149,16220.53200089
31367,122,150,19797.61594602
31368,122,151,18512.36770549
31369,122,152,18209.21032339
31370,122,153,18921.8429209
31371,122,154,18475.29596883
31372,122,155,17144.80461882
31373,122,156,11563.08784354
31374,122,157,17015.21272219
31375,122,158,20432.48019206
31376,122,159,11153.18734794
31377,122,160,18433.75125172
31378,122,161,17289.25383204
31379,122,162,17561.62669745
31380,122,163,12983.21807161
31381,122,164,18285.92143657
31382,122,165,14852.16783627
31383,122,166,12260.37453669
31384,122,167,19036.09637315
31385,122,168,27692.6576049
31386,122,169,25114.20685452
31387,122,170,26386.64797086
31388,122,171,29073.29254482
31389,122,172,29070.61129577
31390,122,173,29317.75511478
31391,122,174,30178.71125066
31392,122,175,31498.3053992
31393,122,176,33347.6788591
31394,122,177,29587.67891567
31395,122,178,14838.06364964
31396,122,179,11621.62266826
31397,122,180,16262.22508636
31398,122,181,18661.21388092
31399,122,182,21028.67491447
31400,122,183,25227.90266079
31401,122,184,17108.61021718
31402,122,185,12545.65895392
31403,122,186,20418.16993666
31404,122,187,23955.09981525
31405,122,188,24404.81119582
31406,122,189,21148.1361537
31407,122,190,20327.09032451
31408,122,191,20736.82794984
31409,122,192,22408.14754714
31410,122,193,20655.70556043
31411,122,194,20441.47614306
31412,122,195,21555.82309434
31413,122,196,25320.59436974
31414,122,197,21440.85213918
31415,122,198,11565.50914607
31416,122,199,13089.37597587
31417,122,200,33366.72604413
31418,122,201,20514.23748382
31419,122,202,42199.09382758
31420,122,203,37690.48890989
31421,122,204,30158.69514245
31422,122,205,22850.84757689
31423,122,206,17989.95322896
31424,122,207,45975.2461177
31425,122,208,13604.64710018
31426,122,209,14062.3708793
31427,122,210,11041.46432039
31428,122,211,18716.82585889
31429,122,212,49582.41526883
31430,122,213,56566.1639042
31431,122,214,23299.01604073
31432,122,215,7079.13339419
31433,122,216,6970.28036982
31434,122,217,3573.81246606
31435,122,218,4890.09000532
31436,122,219,31175.59236281
31437,122,220,35536.95046971
31438,122,221,3164.75684471
31439,122,222,13616.91981273
31440,122,223,8781.93928898
31441,122,224,40325.66992356
31442,122,225,5157.47038206
31443,122,226,19363.19271995
31444,122,227,8442.77921191
31445,122,228,42507.70260407
31446,122,229,25773.63190418
31447,122,230,28289.19874952
31448,122,231,11808.45188728
31449,122,232,11570.51283668
31450,122,233,12083.98360711
31451,122,234,10863.82986196
31452,122,235,11281.54008153
31453,122,236,12424.09789104
31454,122,237,11000.15946432
31455,122,238,39281.75661677
31456,122,239,30112.14197111
31457,122,240,37860.7953455
31458,122,241,20532.62277125
31459,122,242,26217.77739712
31460,122,243,19072.90912906
31461,122,244,34554.11280681
31462,122,245,33648.03550205
31463,122,246,35514.47305084
31464,122,247,30812.14434603
31465,122,248,32708.11335411
31466,122,249,38566.47846408
31467,122,250,38121.00540068
31468,122,251,29304.02893432
31469,122,252,21780.43750911
31470,122,253,18613.72226388
31471,122,254,36310.49021841
31472,122,255,37004.54262328
31473,122,256,37783.25885639
31474,122,257,31466.73351551
31475,122,258,24476.14443904
31476,123,1,1833.40734048
31477,123,2,5845.99944714
31478,123,3,1046.4664966
31479,123,4,2865.72623798
31480,123,5,5074.96793452
31481,123,6,4144.90307144
31482,123,7,6225.57006417
31483,123,8,1617.747733
31484,123,9,941.02236201
31485,123,10,6628.38229864
31486,123,11,5450.34954317
31487,123,12,4017.35704035
31488,123,13,2669.86854934
31489,123,14,3184.32113739
31490,123,15,2500.07577837
31491,123,16,6984.47545964
31492,123,17,8884.41029444
31493,123,18,7904.21258072
31494,123,19,1389.91847013
31495,123,20,4681.77697472
31496,123,21,11555.64657384
31497,123,22,11839.13743443
31498,123,23,5816.20548711
31499,123,24,4191.51240129
31500,123,25,2491.98270329
31501,123,26,9701.77945658
31502,123,27,10337.05795436
31503,123,28,5600.60878529
31504,123,29,8862.31703345
31505,123,30,6978.55050358
31506,123,31,2400.18573404
31507,123,32,1647.23937833
31508,123,33,13282.84278216
31509,123,34,3539.96860566
31510,123,35,591.62663498
31511,123,36,13828.51792115
31512,123,37,14364.49255917
31513,123,38,3180.17395366
31514,123,39,6657.07539887
31515,123,40,19097.72604021
31516,123,41,11827.24749296
31517,123,42,9323.18854559
31518,123,43,24132.11542386
31519,123,44,11840.92606798
31520,123,45,8119.81289764
31521,123,46,10400.17862721
31522,123,47,29809.96050665
31523,123,48,30913.89317693
31524,123,49,7419.71699822
31525,123,50,26302.77152595
31526,123,51,6044.23535301
31527,123,52,6501.49283504
31528,123,53,6949.61366475
31529,123,54,7331.47519906
31530,123,55,20961.92401598
31531,123,56,9166.64714245
31532,123,57,12365.52368948
31533,123,58,10342.27317141
31534,123,59,8064.63744636
31535,123,60,5228.09016923
31536,123,61,9487.90568301
31537,123,62,15160.36167828
31538,123,63,5731.97120446
31539,123,64,23517.03270438
31540,123,65,5620.30941496
31541,123,66,8666.03172834
31542,123,67,13577.57317623
31543,123,68,12328.58028131
31544,123,69,39801.169566
31545,123,70,17950.89443985
31546,123,71,49389.23210522
31547,123,72,26818.06592341
31548,123,73,51028.16327235
31549,123,74,41348.00906663
31550,123,75,28919.76356088
31551,123,76,47335.51387582
31552,123,77,52333.81937538
31553,123,78,52840.34447235
31554,123,79,31156.16224141
31555,123,80,45450.92822117
31556,123,81,44016.33044617
31557,123,82,33531.26073209
31558,123,83,12840.76550214
31559,123,84,46465.70748575
31560,123,85,35900.79700205
31561,123,86,12290.82231116
31562,123,87,15747.70476533
31563,123,88,11959.62366605
31564,123,89,14109.39023681
31565,123,90,4526.31945926
31566,123,91,2606.66992962
31567,123,92,7760.28736191
31568,123,93,6325.01135523
31569,123,94,3904.52081282
31570,123,95,4198.40233858
31571,123,96,15009.02973202
31572,123,97,19318.44303026
31573,123,98,18103.32640893
31574,123,99,3892.03008645
31575,123,100,13500.19572916
31576,123,101,2394.37359687
31577,123,102,3876.47897564
31578,123,103,20430.23974151
31579,123,104,10958.39373032
31580,123,105,6367.29280068
31581,123,106,5365.53973196
31582,123,107,3244.38729447
31583,123,108,16739.11199107
31584,123,109,9610.0136404
31585,123,110,18383.69236243
31586,123,111,10459.61233548
31587,123,112,5684.05862201
31588,123,113,19784.01847232
31589,123,114,6889.74157504
31590,123,115,22520.52977841
31591,123,116,832.42998813
31592,123,117,7092.15465536
31593,123,118,15304.30321147
31594,123,119,24389.58965374
31595,123,120,12569.93539809
31596,123,121,7823.41178185
31597,123,122,16414.77499503
31598,123,123,0.0
31599,123,124,1454.14280769
31600,123,125,3916.80955904
31601,123,126,13589.40279903
31602,123,127,1939.54883927
31603,123,128,8631.95848546
31604,123,129,4911.75355116
31605,123,130,3991.13579036
31606,123,131,20346.20996626
31607,123,132,2391.63756208
31608,123,133,21094.244653
31609,123,134,20962.33267259
31610,123,135,16966.45263762
31611,123,136,14982.28536283
31612,123,137,15032.37127585
31613,123,138,16528.37503854
31614,123,139,15981.66589321
31615,123,140,14436.07969804
31616,123,141,15413.18910721
31617,123,142,20131.93540176
31618,123,143,21735.00022415
31619,123,144,18506.66182466
31620,123,145,20285.06297216
31621,123,146,14877.67468403
31622,123,147,3032.78331293
31623,123,148,6779.21817509
31624,123,149,3774.46975025
31625,123,150,12620.22601595
31626,123,151,2336.51880072
31627,123,152,6167.61161965
31628,123,153,2604.94204702
31629,123,154,3614.71975026
31630,123,155,9499.96558753
31631,123,156,9180.09133731
31632,123,157,3086.45069808
31633,123,158,14197.23067693
31634,123,159,10129.22280193
31635,123,160,10990.93827374
31636,123,161,8272.98453911
31637,123,162,7663.91438149
31638,123,163,7084.71030862
31639,123,164,5490.47322866
31640,123,165,4685.27324533
31641,123,166,7722.31107686
31642,123,167,3460.74355311
31643,123,168,30048.09524609
31644,123,169,28079.25904957
31645,123,170,28800.37414441
31646,123,171,31271.47489355
31647,123,172,29482.09380008
31648,123,173,30228.5198636
31649,123,174,31660.06672969
31650,123,175,30345.11333267
31651,123,176,31042.27268904
31652,123,177,29358.11709787
31653,123,178,23616.63446837
31654,123,179,19153.60615484
31655,123,180,25726.68650227
31656,123,181,30793.23665164
31657,123,182,34397.12899634
31658,123,183,38923.37642431
31659,123,184,27957.14411529
31660,123,185,21111.2135524
31661,123,186,33378.0896407
31662,123,187,37631.43195101
31663,123,188,38199.81942955
31664,123,189,36531.93254948
31665,123,190,36723.34495714
31666,123,191,36613.81230946
31667,123,192,36747.22135178
31668,123,193,36696.5700423
31669,123,194,36710.58427778
31670,123,195,36420.14493513
31671,123,196,38341.86061578
31672,123,197,37855.62693637
31673,123,198,15431.31866916
31674,123,199,18443.41176628
31675,123,200,46908.2359289
31676,123,201,31456.35167652
31677,123,202,56504.00976591
31678,123,203,51764.86376226
31679,123,204,43370.30471088
31680,123,205,35604.13697815
31681,123,206,27361.70351801
31682,123,207,60049.36781966
31683,123,208,21443.56542439
31684,123,209,8389.86444839
31685,123,210,6016.55515744
31686,123,211,11567.38461222
31687,123,212,47471.76449956
31688,123,213,55092.41669855
31689,123,214,39706.56392862
31690,123,215,22704.60223158
31691,123,216,12337.26288163
31692,123,217,17327.53443729
31693,123,218,19132.85710068
31694,123,219,47349.4572792
31695,123,220,51640.32996508
31696,123,221,14484.00346931
31697,123,222,30031.41521851
31698,123,223,9496.29075745
31699,123,224,56346.55171418
31700,123,225,14269.11745611
31701,123,226,35776.5717176
31702,123,227,24687.5261041
31703,123,228,58472.30411506
31704,123,229,42119.14510507
31705,123,230,44561.80247472
31706,123,231,5594.29612774
31707,123,232,5602.13721716
31708,123,233,5600.2286453
31709,123,234,5738.57202845
31710,123,235,5629.45887933
31711,123,236,5609.4067622
31712,123,237,5706.42162518
31713,123,238,23324.0978005
31714,123,239,13701.31540204
31715,123,240,21608.43262009
31716,123,241,4596.9383751
31717,123,242,9851.93556345
31718,123,243,4810.19339048
31719,123,244,18167.17352783
31720,123,245,17288.74440936
31721,123,246,19111.46155553
31722,123,247,14444.72484409
31723,123,248,16355.26848651
31724,123,249,22379.32189274
31725,123,250,22308.26196751
31726,123,251,12895.89780476
31727,123,252,5954.34581058
31728,123,253,5855.27485097
31729,123,254,19923.77716581
31730,123,255,20669.9046546
31731,123,256,22183.59123413
31732,123,257,15152.08290291
31733,123,258,8261.81462274
31734,124,1,3286.32200965
31735,124,2,4546.26357778
31736,124,3,2405.67571082
31737,124,4,1659.54373854
31738,124,5,3718.23734664
31739,124,6,2707.59476726
31740,124,7,7665.33424688
31741,124,8,1361.33931669
31742,124,9,1539.08232295
31743,124,10,8075.44832268
31744,124,11,6883.52308896
31745,124,12,5451.14160195
31746,124,13,4103.03148105
31747,124,14,1755.20642893
31748,124,15,1762.82158851
31749,124,16,5785.31530085
31750,124,17,9740.55829858
31751,124,18,8715.4923699
31752,124,19,1521.93887091
31753,124,20,5121.24228213
31754,124,21,12433.54943538
31755,124,22,11489.44305108
31756,124,23,5989.96982487
31757,124,24,4173.8295817
31758,124,25,2991.25438708
31759,124,26,9526.63193895
31760,124,27,11196.12485235
31761,124,28,6222.83217662
31762,124,29,8823.62850608
31763,124,30,7732.31595266
31764,124,31,2436.81687488
31765,124,32,2219.04582504
31766,124,33,14147.41934576
31767,124,34,3845.90379273
31768,124,35,909.79972257
31769,124,36,13347.17509516
31770,124,37,13803.88570905
31771,124,38,3187.9905305
31772,124,39,6805.22139262
31773,124,40,19968.33861122
31774,124,41,12807.5256403
31775,124,42,10643.16792017
31776,124,43,24930.2019939
31777,124,44,12890.80349999
31778,124,45,9456.56971333
31779,124,46,11672.32343607
31780,124,47,30605.71725697
31781,124,48,31713.59989796
31782,124,49,8844.5984113
31783,124,50,27085.09196668
31784,124,51,7498.19314326
31785,124,52,7933.00520718
31786,124,53,7654.35906215
31787,124,54,8761.46972616
31788,124,55,21039.19923678
31789,124,56,10620.39380194
31790,124,57,12445.27339034
31791,124,58,10556.87004819
31792,124,59,9506.49250633
31793,124,60,6577.35984477
31794,124,61,10915.16965104
31795,124,62,15190.4900051
31796,124,63,6739.10427715
31797,124,64,23672.18204365
31798,124,65,6805.32518433
31799,124,66,9027.72048953
31800,124,67,14458.40589826
31801,124,68,13249.51059528
31802,124,69,40144.36087083
31803,124,70,18732.00860876
31804,124,71,49684.56904503
31805,124,72,27411.81708882
31806,124,73,51351.65993345
31807,124,74,41689.15271088
31808,124,75,29475.7765617
31809,124,76,47620.20053451
31810,124,77,52765.0325036
31811,124,78,53200.22223331
31812,124,79,31669.6474472
31813,124,80,45771.86877328
31814,124,81,44326.30238428
31815,124,82,33916.76158579
31816,124,83,14192.80772978
31817,124,84,46769.8594703
31818,124,85,36268.08235009
31819,124,86,13600.83261271
31820,124,87,16573.4683942
31821,124,88,13153.06260803
31822,124,89,15491.34940006
31823,124,90,5885.03111344
31824,124,91,3982.57308228
31825,124,92,9083.91524408
31826,124,93,4992.21636238
31827,124,94,2896.28134213
31828,124,95,5652.45050874
31829,124,96,16263.42539532
31830,124,97,20595.18032981
31831,124,98,19365.36726919
31832,124,99,3592.15288005
31833,124,100,14777.93822471
31834,124,101,3531.12758411
31835,124,102,3336.99880895
31836,124,103,21699.70329471
31837,124,104,12287.71434491
31838,124,105,7704.14667377
31839,124,106,4232.12984266
31840,124,107,4692.20722268
31841,124,108,17981.02855831
31842,124,109,10919.50071829
31843,124,110,19837.71769985
31844,124,111,11877.52857667
31845,124,112,4753.48724388
31846,124,113,21232.86898603
31847,124,114,8299.97998955
31848,124,115,23956.56354567
31849,124,116,2209.03854815
31850,124,117,6426.73426943
31851,124,118,16748.3508382
31852,124,119,25816.81406271
31853,124,120,13988.53011602
31854,124,121,7196.29182831
31855,124,122,17866.34613225
31856,124,123,1454.14280769
31857,124,124,0.0
31858,124,125,5340.67150068
31859,124,126,15021.80742721
31860,124,127,3224.39458141
31861,124,128,8036.81545852
31862,124,129,6331.32453024
31863,124,130,2665.05153354
31864,124,131,21785.17876842
31865,124,132,939.89833375
31866,124,133,22528.71133625
31867,124,134,20104.91890431
31868,124,135,16129.02163784
31869,124,136,14301.03507212
31870,124,137,15478.86504617
31871,124,138,17111.36743154
31872,124,139,15200.27625654
31873,124,140,14134.25668374
31874,124,141,15294.24330074
31875,124,142,19334.61218398
31876,124,143,20801.92366478
31877,124,144,17718.31399199
31878,124,145,19304.73703673
31879,124,146,15100.40327022
31880,124,147,2054.50840621
31881,124,148,6793.04428443
31882,124,149,4341.96059118
31883,124,150,12742.38250204
31884,124,151,1175.49829992
31885,124,152,6076.12968728
31886,124,153,1343.20920487
31887,124,154,3247.42966795
31888,124,155,9823.55659014
31889,124,156,10342.78302041
31890,124,157,3355.87556173
31891,124,158,14347.96524376
31892,124,159,11306.2639629
31893,124,160,11198.76000231
31894,124,161,8516.19263957
31895,124,162,7824.32199676
31896,124,163,8163.13312387
31897,124,164,5311.54967265
31898,124,165,5574.70156128
31899,124,166,8862.38536884
31900,124,167,2715.10460219
31901,124,168,30592.64904308
31902,124,169,28702.61038142
31903,124,170,29367.95848567
31904,124,171,31786.49977959
31905,124,172,29869.62902259
31906,124,173,30648.68977624
31907,124,174,32109.84555259
31908,124,175,30579.30780801
31909,124,176,31158.88282616
31910,124,177,29690.65862289
31911,124,178,24822.9924545
31912,124,179,20380.86049193
31913,124,180,26940.4002519
31914,124,181,32094.29800477
31915,124,182,35740.50990151
31916,124,183,40270.73108124
31917,124,184,29216.5575811
31918,124,185,22346.62141277
31919,124,186,34706.11151045
31920,124,187,38980.69584484
31921,124,188,39478.73977979
31922,124,189,37910.89999137
31923,124,190,38170.85832146
31924,124,191,38023.14526949
31925,124,192,38063.10084545
31926,124,193,38116.48295098
31927,124,194,38146.55842586
31928,124,195,37768.14562093
31929,124,196,39572.12646892
31930,124,197,39307.06375717
31931,124,198,16474.60443698
31932,124,199,19460.96954311
31933,124,200,48150.05985481
31934,124,201,32594.55451921
31935,124,202,57785.59773274
31936,124,203,53035.62201256
31937,124,204,44597.94361366
31938,124,205,36828.26763722
31939,124,206,28443.80193366
31940,124,207,61310.18542368
31941,124,208,22530.03415688
31942,124,209,9293.19080514
31943,124,210,7413.27674912
31944,124,211,11944.23728022
31945,124,212,47643.98256439
31946,124,213,55285.46312313
31947,124,214,41159.62196443
31948,124,215,24151.01441925
31949,124,216,13717.67062301
31950,124,217,18767.94426283
31951,124,218,20568.00264589
31952,124,219,48799.44092236
31953,124,220,53087.49856255
31954,124,221,15931.44421707
31955,124,222,31483.21531286
31956,124,223,10862.61706339
31957,124,224,57789.96961789
31958,124,225,15683.61004561
31959,124,226,37227.12873426
31960,124,227,26141.3452491
31961,124,228,59913.06783423
31962,124,229,43573.22083907
31963,124,230,46014.66031528
31964,124,231,6939.37618391
31965,124,232,6977.37183392
31966,124,233,6907.08158798
31967,124,234,7180.45448242
31968,124,235,7037.1896129
31969,124,236,6866.60926308
31970,124,237,7137.71909739
31971,124,238,21974.89785469
31972,124,239,12254.44080804
31973,124,240,20202.21302098
31974,124,241,3474.80406202
31975,124,242,8427.84938998
31976,124,243,4442.10062037
31977,124,244,16729.0251167
31978,124,245,15859.35223621
31979,124,246,17667.47427257
31980,124,247,13014.72316803
31981,124,248,14928.34611375
31982,124,249,20986.27543419
31983,124,250,20988.4962931
31984,124,251,11442.05595401
31985,124,252,4808.14081386
31986,124,253,5800.80729385
31987,124,254,18485.20216331
31988,124,255,19245.21456578
31989,124,256,20903.53361277
31990,124,257,13737.18944705
31991,124,258,6903.60501639
31992,125,1,2140.90065385
31993,125,2,9730.32333689
31994,125,3,2942.53383349
31995,125,4,6414.79348615
31996,125,5,8985.83791045
31997,125,6,8048.08800425
31998,125,7,3015.765775
31999,125,8,4807.87956087
32000,125,9,4022.36250971
32001,125,10,2791.47994813
32002,125,11,2499.48095396
32003,125,12,1713.45594544
32004,125,13,1908.16709031
32005,125,14,6976.97608942
32006,125,15,5669.58099769
32007,125,16,10788.38905
32008,125,17,6644.65367484
32009,125,18,5942.7934575
32010,125,19,4912.45779023
32011,125,20,4789.99852155
32012,125,21,9032.24043569
32013,125,22,14260.48061879
32014,125,23,7754.33561352
32015,125,24,6817.27182587
32016,125,25,3913.14431694
32017,125,26,11894.37868507
32018,125,27,7952.06106835
32019,125,28,4811.23312776
32020,125,29,10842.40341286
32021,125,30,5379.61666663
32022,125,31,5518.3243935
32023,125,32,3840.07954753
32024,125,33,10714.91376622
32025,125,34,4574.21376693
32026,125,35,4507.02266264
32027,125,36,16434.63609992
32028,125,37,17106.2945333
32029,125,38,6050.75812034
32030,125,39,8504.59308355
32031,125,40,16357.77092727
32032,125,41,8983.75045552
32033,125,42,5574.57116116
32034,125,43,21511.02306112
32035,125,44,8791.02212567
32036,125,45,4350.1550458
32037,125,46,6757.05162999
32038,125,47,27143.80998785
32039,125,48,28230.3621522
32040,125,49,3504.49353999
32041,125,50,23699.47615568
32042,125,51,2465.91331638
32043,125,52,3378.43835874
32044,125,53,7350.84913543
32045,125,54,4135.63533971
32046,125,55,22151.37452611
32047,125,56,5482.23886539
32048,125,57,13840.30495208
32049,125,58,11629.1542144
32050,125,59,4660.81952303
32051,125,60,3252.48044098
32052,125,61,5574.61474096
32053,125,62,16626.67954759
32054,125,63,5399.42992696
32055,125,64,24459.94263791
32056,125,65,4535.18312689
32057,125,66,9750.81765064
32058,125,67,12699.44227089
32059,125,68,11382.76503439
32060,125,69,40066.11856919
32061,125,70,17228.43399329
32062,125,71,49735.48298016
32063,125,72,26490.50607956
32064,125,73,51290.34797308
32065,125,74,41608.91467709
32066,125,75,28676.13429824
32067,125,76,47719.92167599
32068,125,77,52290.01530072
32069,125,78,52994.82162311
32070,125,79,31011.19870489
32071,125,80,45745.01640066
32072,125,81,44347.96241909
32073,125,82,33727.11755299
32074,125,83,9966.64910027
32075,125,84,46800.95307467
32076,125,85,36127.10800736
32077,125,86,9674.35184841
32078,125,87,14956.15003559
32079,125,88,9938.40251632
32080,125,89,11019.94144249
32081,125,90,2784.43784048
32082,125,91,1419.40769036
32083,125,92,5403.83087823
32084,125,93,9807.47766507
32085,125,94,7044.19740498
32086,125,95,1059.11881055
32087,125,96,12575.99832691
32088,125,97,16686.59435803
32089,125,98,15560.26737652
32090,125,99,5935.41065947
32091,125,100,11004.04281549
32092,125,101,2378.39116575
32093,125,102,6324.28100378
32094,125,103,17814.91700487
32095,125,104,8296.0174853
32096,125,105,4159.43989046
32097,125,106,8521.42143934
32098,125,107,810.3852492
32099,125,108,14317.17193892
32100,125,109,7151.30087862
32101,125,110,14623.74900545
32102,125,111,6542.80389392
32103,125,112,8439.78402452
32104,125,113,16124.8886427
32105,125,114,2977.48551188
32106,125,115,18978.29458825
32107,125,116,3377.85564945
32108,125,117,9144.58760223
32109,125,118,11422.72156201
32110,125,119,20907.74547922
32111,125,120,8653.2048082
32112,125,121,9706.30606044
32113,125,122,12578.21694819
32114,125,123,3916.80955904
32115,125,124,5340.67150068
32116,125,125,0.0
32117,125,126,9681.5562438
32118,125,127,3070.42754861
32119,125,128,10357.85503043
32120,125,129,995.78699692
32121,125,130,7578.16792841
32122,125,131,16787.63191807
32123,125,132,6277.82572556
32124,125,133,17570.54278698
32125,125,134,24149.53670669
32126,125,135,20158.0433932
32127,125,136,17931.18263689
32128,125,137,15430.94862935
32129,125,138,16471.61187516
32130,125,139,19089.97129921
32131,125,140,16665.64807851
32132,125,141,17215.37889079
32133,125,142,23219.05139582
32134,125,143,25048.10992113
32135,125,144,21594.65245278
32136,125,145,23686.25528154
32137,125,146,15881.03085838
32138,125,147,6814.93754066
32139,125,148,7336.15645634
32140,125,149,5467.26590587
32141,125,150,12191.05929375
32142,125,151,5934.48875652
32143,125,152,7112.35403682
32144,125,153,6510.74806196
32145,125,154,6823.36971073
32146,125,155,8793.613659
32147,125,156,7523.25999819
32148,125,157,5619.82003776
32149,125,158,13596.42148437
32150,125,159,8312.98270052
32151,125,160,10453.25070829
32152,125,161,7957.89876636
32153,125,162,7673.74185435
32154,125,163,6122.61883432
32155,125,164,6798.52619185
32156,125,165,5138.40125877
32157,125,166,6367.65107156
32158,125,167,7048.70479717
32159,125,168,28021.10546448
32160,125,169,25867.03468877
32161,125,170,26725.55575222
32162,125,171,29310.10268982
32163,125,172,27871.24929214
32164,125,173,28524.23025679
32165,125,174,29864.92021898
32166,125,175,29130.35063549
32167,125,176,30132.93591436
32168,125,177,27893.69435287
32169,125,178,21231.85235084
32170,125,179,16746.19112238
32171,125,180,23288.83473612
32172,125,181,27947.15794234
32173,125,182,31343.00875167
32174,125,183,35837.38762959
32175,125,184,25309.37248444
32176,125,185,18636.64952671
32177,125,186,30398.93695685
32178,125,187,34539.86302827
32179,125,188,34435.88263441
32180,125,189,32632.87454882
32181,125,190,32850.5205891
32182,125,191,32697.46593682
32183,125,192,32925.44741522
32184,125,193,32780.43734743
32185,125,194,32807.06046751
32186,125,195,32554.332706
32187,125,196,34664.01143681
32188,125,197,34007.03166308
32189,125,198,12299.93927506
32190,125,199,15329.44530009
32191,125,200,43202.50218107
32192,125,201,27975.28029114
32193,125,202,52727.32969104
32194,125,203,48007.27406436
32195,125,204,39692.64766125
32196,125,205,31940.99020621
32197,125,206,24019.35472604
32198,125,207,56305.263846
32199,125,208,18126.49674037
32200,125,209,7891.79681962
32201,125,210,3381.54506545
32202,125,211,12350.15683509
32203,125,212,48158.23496195
32204,125,213,55693.86666324
32205,125,214,35876.16630311
32206,125,215,19065.63666621
32207,125,216,9303.43979218
32208,125,217,13771.38671625
32209,125,218,15613.25674134
32210,125,219,43643.5779837
32211,125,220,47963.50114026
32212,125,221,10870.10001409
32213,125,222,26188.14827898
32214,125,223,6686.65301712
32215,125,224,52702.27853893
32216,125,225,10956.7849574
32217,125,226,31921.29984053
32218,125,227,20927.69593079
32219,125,228,54848.95813266
32220,125,229,38335.2632472
32221,125,230,40814.17916475
32222,125,231,3527.57213286
32223,125,232,3279.58547561
32224,125,233,3810.51482894
32225,125,234,2569.76790051
32226,125,235,2971.62587649
32227,125,236,4132.04072608
32228,125,237,2724.22512404
32229,125,238,27212.05690748
32230,125,239,17586.29273001
32231,125,240,25525.09178242
32232,125,241,8390.19092828
32233,125,242,13765.09394421
32234,125,243,7818.47206974
32235,125,244,22068.89490029
32236,125,245,21199.35076733
32237,125,246,23002.67855896
32238,125,247,18354.80207901
32239,125,248,20267.44181326
32240,125,249,26293.15968242
32241,125,250,26171.07510758
32242,125,251,16740.10933002
32243,125,252,9731.4209681
32244,125,253,8218.61087516
32245,125,254,23824.81906287
32246,125,255,24583.41457139
32247,125,256,26005.32753612
32248,125,257,19068.40569069
32249,125,258,12167.08492223
32250,126,1,11773.07188292
32251,126,2,19333.3873223
32252,126,3,12622.90717099
32253,126,4,16018.53998029
32254,126,5,18632.97064171
32255,126,6,17728.73274973
32256,126,7,7988.83218499
32257,126,8,14402.93974787
32258,126,9,13669.39086888
32259,126,10,6995.53068465
32260,126,11,8743.67336207
32261,126,12,9965.59245998
32262,126,13,11170.41113198
32263,126,14,16642.6739959
32264,126,15,15190.15005457
32265,126,16,20280.25686943
32266,126,17,9977.30679491
32267,126,18,10432.90889744
32268,126,19,14446.0382106
32269,126,20,12793.99547966
32270,126,21,9853.89504555
32271,126,22,21791.51099712
32272,126,23,15738.75373506
32273,126,24,15598.32453042
32274,126,25,13150.44690427
32275,126,26,19391.44404911
32276,126,27,9913.827324
32277,126,28,11906.17292712
32278,126,29,18229.10695721
32279,126,30,10958.27691563
32280,126,31,14818.52693235
32281,126,32,13356.42944307
32282,126,33,10410.11936139
32283,126,34,13358.4010547
32284,126,35,14176.15080245
32285,126,36,24053.66889748
32286,126,37,24888.98420651
32287,126,38,15133.43120175
32288,126,39,16212.96393815
32289,126,40,13389.57792632
32290,126,41,8794.2381671
32291,126,42,5314.34026437
32292,126,43,18047.08477084
32293,126,44,7976.87336783
32294,126,45,6093.31729649
32295,126,46,5285.90212816
32296,126,47,22944.84784388
32297,126,48,23890.75715088
32298,126,49,6181.18899094
32299,126,50,20033.90548566
32300,126,51,7758.88073951
32301,126,52,7916.8563011
32302,126,53,13751.14980874
32303,126,54,7315.05042632
32304,126,55,26773.88283497
32305,126,56,4989.15252145
32306,126,57,19992.32468793
32307,126,58,17905.26138906
32308,126,59,6472.02263376
32309,126,60,9787.40318461
32310,126,61,4111.00469261
32311,126,62,22363.68159861
32312,126,63,11979.73365099
32313,126,64,28377.61378758
32314,126,65,10861.21763505
32315,126,66,16199.51534809
32316,126,67,14707.74722663
32317,126,68,13720.22391416
32318,126,69,41560.09343807
32319,126,70,18414.22090467
32320,126,71,51119.49774227
32321,126,72,27370.98593378
32322,126,73,52432.95413218
32323,126,74,43035.3565246
32324,126,75,29577.07859289
32325,126,76,49248.89744076
32326,126,77,52663.18215091
32327,126,78,53835.93945627
32328,126,79,31983.43061536
32329,126,80,47114.32402167
32330,126,81,45850.42418436
32331,126,82,35348.28464686
32332,126,83,7584.16801064
32333,126,84,48237.9394716
32334,126,85,37698.54377118
32335,126,86,8429.19797356
32336,126,87,16498.73567001
32337,126,88,10341.1804611
32338,126,89,7060.80614357
32339,126,90,10179.44489456
32340,126,91,11066.04848419
32341,126,92,8747.42352631
32342,126,93,19279.37271627
32343,126,94,16449.57723673
32344,126,95,9505.85425387
32345,126,96,10379.3444945
32346,126,97,12487.73117142
32347,126,98,11958.53082204
32348,126,99,14906.39930897
32349,126,100,9352.00196584
32350,126,101,11794.71112192
32351,126,102,15451.57464915
32352,126,103,13434.93103148
32353,126,104,7957.97851747
32354,126,105,9236.35029711
32355,126,106,17839.43483425
32356,126,107,10355.40849478
32357,126,108,11507.13198561
32358,126,109,8443.70155385
32359,126,110,5699.59672486
32360,126,111,3201.43589983
32361,126,112,17496.75063296
32362,126,113,7611.19719105
32363,126,114,6754.48052534
32364,126,115,10763.4405554
32365,126,116,12978.29751899
32366,126,117,17540.52217544
32367,126,118,1912.71985672
32368,126,119,12807.89517091
32369,126,120,1223.94526813
32370,126,121,17851.78156892
32371,126,122,3345.73254912
32372,126,123,13589.40279903
32373,126,124,15021.80742721
32374,126,125,9681.5562438
32375,126,126,0.0
32376,126,127,12353.10102482
32377,126,128,18234.67394581
32378,126,129,8694.60147889
32379,126,130,17163.894219
32380,126,131,8706.84929341
32381,126,132,15959.36206453
32382,126,133,9568.03193772
32383,126,134,32384.08382209
32384,126,135,28516.93144102
32385,126,136,25990.71603697
32386,126,137,19397.30687652
32387,126,138,19308.61675813
32388,126,139,27351.53200849
32389,126,140,23673.93516121
32390,126,141,23462.29714577
32391,126,142,31301.54010593
32392,126,143,33489.51269586
32393,126,144,29730.90284474
32394,126,145,32314.20502335
32395,126,146,20902.35767012
32396,126,147,16368.29859122
32397,126,148,14667.29200065
32398,126,149,13932.48709456
32399,126,150,16516.74039393
32400,126,151,15566.10554376
32401,126,152,14919.06910129
32402,126,153,16160.6488491
32403,126,154,16009.58016251
32404,126,155,13807.67864257
32405,126,156,10417.99852879
32406,126,157,14589.67040573
32407,126,158,17214.43164772
32408,126,159,10282.37174072
32409,126,160,15119.12458436
32410,126,161,13943.96984073
32411,126,162,14222.82588645
32412,126,163,11323.82281163
32413,126,164,15029.01619951
32414,126,165,12726.45919535
32415,126,166,10733.24228836
32416,126,167,16464.75749462
32417,126,168,25790.46643124
32418,126,169,23259.97472736
32419,126,170,24461.51046073
32420,126,171,27174.07327073
32421,126,172,26854.32272961
32422,126,173,27191.60868529
32423,126,174,28171.61064501
32424,126,175,29083.51036554
32425,126,176,30797.92528203
32426,126,177,27278.16938043
32427,126,178,17068.0946251
32428,126,179,13311.52851308
32429,126,180,18703.8277349
32430,126,181,21666.61667699
32431,126,182,24235.61661199
32432,126,183,28491.36072261
32433,126,184,19855.54356261
32434,126,185,14585.5412761
32435,126,186,23567.82540509
32436,126,187,27211.73523944
32437,126,188,25677.09863178
32438,126,189,23175.03270441
32439,126,190,23211.18052981
32440,126,191,23079.75729202
32441,126,192,23903.3284554
32442,126,193,23124.01637432
32443,126,194,23125.83861048
32444,126,195,23301.0166713
32445,126,196,26287.12229295
32446,126,197,24418.04385716
32447,126,198,9036.29458417
32448,126,199,11098.86711194
32449,126,200,34609.96806248
32450,126,201,20627.4449792
32451,126,202,43791.83225968
32452,126,203,39170.6859364
32453,126,204,31249.39966814
32454,126,205,23677.93610875
32455,126,206,17494.22213458
32456,126,207,47486.14401709
32457,126,208,12366.97677819
32458,126,209,12715.17841557
32459,126,210,8777.79042294
32460,126,211,17670.82083114
32461,126,212,50393.84547673
32462,126,213,57555.7725764
32463,126,214,26326.56636724
32464,126,215,10420.81077436
32465,126,216,6773.78874577
32466,126,217,6218.61993558
32467,126,218,7889.65245449
32468,126,219,34389.47694835
32469,126,220,38769.83331638
32470,126,221,4055.08590122
32471,126,222,16631.45250763
32472,126,223,7465.38669555
32473,126,224,43576.86793547
32474,126,225,5949.58365973
32475,126,226,22320.31539776
32476,126,227,11707.170628
32477,126,228,45770.30381493
32478,126,229,28895.59938178
32479,126,230,31460.65588825
32480,126,231,9596.81913037
32481,126,232,9299.70423431
32482,126,233,9932.34450707
32483,126,234,8362.31528174
32484,126,235,8926.135163
32485,126,236,10331.5224653
32486,126,237,8558.84253902
32487,126,238,36761.3689316
32488,126,239,27264.58349681
32489,126,240,35179.32358336
32490,126,241,17914.01690894
32491,126,242,23441.23386724
32492,126,243,16742.18728872
32493,126,244,31750.45015562
32494,126,245,30878.04275784
32495,126,246,32682.26812097
32496,126,247,28033.8431555
32497,126,248,29944.63956703
32498,126,249,35927.02855401
32499,126,250,35660.2541581
32500,126,251,26397.50367319
32501,126,252,19211.67017661
32502,126,253,16512.67771594
32503,126,254,33506.36318111
32504,126,255,34258.68458186
32505,126,256,35403.51092815
32506,126,257,28735.92249159
32507,126,258,21793.21159755
32508,127,1,1290.95368255
32509,127,2,7020.09357667
32510,127,3,1841.93244452
32511,127,4,4779.69741818
32512,127,5,6395.97464372
32513,127,6,5705.34936974
32514,127,7,4599.38384929
32515,127,8,3524.89590763
32516,127,9,2728.87416792
32517,127,10,5374.68932727
32518,127,11,3798.66077204
32519,127,12,2416.68297955
32520,127,13,1214.92893394
32521,127,14,4971.82275803
32522,127,15,4431.58517666
32523,127,16,7927.61156124
32524,127,17,9237.07244738
32525,127,18,8368.23389465
32526,127,19,2151.32878156
32527,127,20,5835.89990449
32528,127,21,11797.91112622
32529,127,22,11344.02943432
32530,127,23,4915.47692089
32531,127,24,3767.23908742
32532,127,25,3881.58344783
32533,127,26,9036.80110866
32534,127,27,10640.25035898
32535,127,28,6467.55350327
32536,127,29,8053.06985297
32537,127,30,7575.86321647
32538,127,31,2498.60672578
32539,127,32,3192.77163561
32540,127,33,13515.14122046
32541,127,34,4934.7070317
32542,127,35,2332.00009344
32543,127,36,13473.05091617
32544,127,37,14111.19530957
32545,127,38,2981.51316966
32546,127,39,5723.67430067
32547,127,40,19252.7554736
32548,127,41,11881.36867909
32549,127,42,8629.37341025
32550,127,43,24373.94450124
32551,127,44,11759.86603045
32552,127,45,7405.32128677
32553,127,46,9825.99303084
32554,127,47,30031.942936
32555,127,48,31125.96725512
32556,127,49,6328.87241712
32557,127,50,26559.49972764
32558,127,51,4610.78592029
32559,127,52,4824.63262311
32560,127,53,5345.22858283
32561,127,54,5639.15825831
32562,127,55,19832.40678616
32563,127,56,7666.06237575
32564,127,57,11319.05773791
32565,127,58,9179.74624473
32566,127,59,6430.00329518
32567,127,60,3355.7261079
32568,127,61,8332.75632536
32569,127,62,14132.11953304
32570,127,63,3884.19631386
32571,127,64,22289.85667569
32572,127,65,3684.23194142
32573,127,66,7380.12358122
32574,127,67,11752.92277896
32575,127,68,10483.7788971
32576,127,69,38349.87420433
32577,127,70,16179.01497355
32578,127,71,47974.02816212
32579,127,72,25167.48007343
32580,127,73,49585.32287492
32581,127,74,39896.94648775
32582,127,75,27296.30331538
32583,127,76,45932.09570684
32584,127,77,50793.42086488
32585,127,78,51362.88938318
32586,127,79,29564.69575508
32587,127,80,44014.81211537
32588,127,81,42591.84972734
32589,127,82,32049.0421569
32590,127,83,10968.64020443
32591,127,84,45044.51933164
32592,127,85,34431.95543626
32593,127,86,10383.33325532
32594,127,87,13951.70410742
32595,127,88,10020.07562966
32596,127,89,12275.98059519
32597,127,90,2669.78090902
32598,127,91,2353.49845656
32599,127,92,5861.00821295
32600,127,93,8207.16907999
32601,127,94,5843.8432249
32602,127,95,2865.22056952
32603,127,96,13077.87555774
32604,127,97,17395.53582973
32605,127,98,16175.00824335
32606,127,99,5648.29664131
32607,127,100,11576.49293797
32608,127,101,2951.4870382
32609,127,102,5728.94232201
32610,127,103,18504.75126963
32611,127,104,9064.64475541
32612,127,105,4479.77061939
32613,127,106,7302.99342709
32614,127,107,2260.33191813
32615,127,108,14805.23867832
32616,127,109,7701.26008238
32617,127,110,16852.78352677
32618,127,111,9343.88579254
32619,127,112,7610.96354312
32620,127,113,18161.91904038
32621,127,114,5905.25289994
32622,127,115,20817.72148985
32623,127,116,1114.08579876
32624,127,117,8933.13458425
32625,127,118,13969.25055271
32626,127,119,22652.41471953
32627,127,120,11424.3549723
32628,127,121,9640.72515056
32629,127,122,14988.00307275
32630,127,123,1939.54883927
32631,127,124,3224.39458141
32632,127,125,3070.42754861
32633,127,126,12353.10102482
32634,127,127,0.0
32635,127,128,10426.59574491
32636,127,129,3986.39745615
32637,127,130,5871.79605013
32638,127,131,18658.78214509
32639,127,132,4087.99735642
32640,127,133,19385.83818477
32641,127,134,21086.03089286
32642,127,135,17092.29973577
32643,127,136,14894.17176377
32644,127,137,13556.64604792
32645,127,138,14917.30545101
32646,127,139,16031.29729602
32647,127,140,13829.56091277
32648,127,141,14561.10080539
32649,127,142,20166.46410827
32650,127,143,21977.88323516
32651,127,144,18540.67606969
32652,127,145,20617.67731295
32653,127,146,13634.56429754
32654,127,147,4044.09491446
32655,127,148,8211.82821831
32656,127,149,2610.7204562
32657,127,150,13829.43943972
32658,127,151,4251.21353827
32659,127,152,7702.92850809
32660,127,153,4001.91715632
32661,127,154,3775.44490655
32662,127,155,10553.78480947
32663,127,156,7243.51327646
32664,127,157,2556.88243621
32665,127,158,15358.40412411
32666,127,159,8190.57350486
32667,127,160,12137.48563475
32668,127,161,9446.25179838
32669,127,162,8937.706646
32670,127,163,5179.3944061
32671,127,164,7110.34392823
32672,127,165,2982.90757655
32673,127,166,5792.09055733
32674,127,167,4116.11720076
32675,127,168,30640.32080458
32676,127,169,28568.01712354
32677,127,170,29365.06819537
32678,127,171,31900.02866434
32679,127,172,30281.66098405
32680,127,173,30984.53299421
32681,127,174,32373.7852048
32682,127,175,31326.30717886
32683,127,176,32152.82417082
32684,127,177,30225.87965584
32685,127,178,21678.15616482
32686,127,179,17217.32203135
32687,127,180,23789.03576217
32688,127,181,28882.74667724
32689,127,182,32516.62139184
32690,127,183,37046.53756728
32691,127,184,26029.04470514
32692,127,185,19176.55574323
32693,127,186,31484.9837561
32694,127,187,35756.38832042
32695,127,188,37442.51357221
32696,127,189,35472.303676
32697,127,190,35313.38185597
32698,127,191,35432.84766199
32699,127,192,35889.96782947
32700,127,193,35465.95430943
32701,127,194,35390.33329898
32702,127,195,35465.8929574
32703,127,196,37707.36583972
32704,127,197,36398.04736956
32705,127,198,15307.7418233
32706,127,199,18339.76692913
32707,127,200,46234.20295913
32708,127,201,31045.70528967
32709,127,202,55720.82143609
32710,127,203,51013.48386177
32711,127,204,42734.84758141
32712,127,205,34989.30762753
32713,127,206,27080.87866448
32714,127,207,59317.28872192
32715,127,208,21181.88000803
32716,127,209,6581.46602823
32717,127,210,4226.29107883
32718,127,211,10201.00280986
32719,127,212,46179.21442059
32720,127,213,53772.7371401
32721,127,214,38218.5755665
32722,127,215,21059.09271079
32723,127,216,10502.27149017
32724,127,217,15651.04281377
32725,127,218,17429.04247325
32726,127,219,45722.4967138
32727,127,220,49988.63573707
32728,127,221,12859.68395684
32729,127,222,28574.43412157
32730,127,223,7642.34989359
32731,127,224,54670.01565554
32732,127,225,12501.74478743
32733,127,226,34332.76342441
32734,127,227,23135.8327163
32735,127,228,56781.44192236
32736,127,229,40569.74739177
32737,127,230,42973.2679948
32738,127,231,3716.21862652
32739,127,232,3768.84208988
32740,127,233,3686.89284951
32741,127,234,4136.7430309
32742,127,235,3872.29504498
32743,127,236,3673.99056933
32744,127,237,4039.94745272
32745,127,238,24408.39220283
32746,127,239,15194.96776382
32747,127,240,22878.97962393
32748,127,241,5565.67332821
32749,127,242,11253.06830568
32750,127,243,4748.11658576
32751,127,244,19588.96687601
32752,127,245,18668.40174772
32753,127,246,20567.10750808
32754,127,247,15838.90361441
32755,127,248,17727.05570711
32756,127,249,23600.94964892
32757,127,250,23316.93432214
32758,127,251,14476.64862496
32759,127,252,6859.19470494
32760,127,253,5251.36275068
32761,127,254,21343.39146659
32762,127,255,22017.79690675
32763,127,256,23095.08415751
32764,127,257,16479.48292702
32765,127,258,9488.95450145
32766,128,1,9565.29162351
32767,128,2,9959.25960484
32768,128,3,8632.02073751
32769,128,4,6560.57795763
32770,128,5,9161.8252718
32771,128,6,8083.43635452
32772,128,7,13373.30234052
32773,128,8,7039.07664555
32774,128,9,7728.32493621
32775,128,10,12730.15390178
32776,128,11,12814.15396505
32777,128,12,11622.56885903
32778,128,13,10570.0380786
32779,128,14,7206.82983168
32780,128,15,6295.5977709
32781,128,16,11316.41995359
32782,128,17,8894.19302289
32783,128,18,8078.05625677
32784,128,19,9515.84050886
32785,128,20,5715.41085797
32786,128,21,10832.93852447
32787,128,22,18885.09374048
32788,128,23,14009.96430678
32789,128,24,12167.27289579
32790,128,25,6699.11342401
32791,128,26,17240.13353798
32792,128,27,9832.43820342
32793,128,28,6360.57815661
32794,128,29,16690.23553328
32795,128,30,7342.70103987
32796,128,31,10473.51479452
32797,128,32,7248.8627553
32798,128,33,12065.35076284
32799,128,34,5816.08826504
32800,128,35,8542.01746046
32801,128,36,20407.82294633
32802,128,37,20652.42188994
32803,128,38,11212.2533117
32804,128,39,14810.25029521
32805,128,40,17121.04252447
32806,128,41,11811.01553582
32807,128,42,12927.76373313
32808,128,43,21253.92410281
32809,128,44,12376.82171716
32810,128,45,12208.88133754
32811,128,46,13256.79972988
32812,128,47,26664.34753797
32813,128,48,27758.82996059
32814,128,49,12845.25993644
32815,128,50,23203.3301075
32816,128,51,12754.84688144
32817,128,52,13736.20321391
32818,128,53,15568.17692613
32819,128,54,14483.3357031
32820,128,55,28890.60400863
32821,128,56,15422.99181189
32822,128,57,20356.23763052
32823,128,58,18558.6939287
32824,128,59,14927.7287269
32825,128,60,13200.31749546
32826,128,61,14556.04060805
32827,128,62,23033.42168141
32828,128,63,14309.88111026
32829,128,64,31585.54488625
32830,128,65,14005.81730692
32831,128,66,17064.31275589
32832,128,67,22178.31819287
32833,128,68,20910.07000354
32834,128,69,48157.21777964
32835,128,70,26579.62108516
32836,128,71,57670.25543545
32837,128,72,35414.7434322
32838,128,73,59352.10917074
32839,128,74,49700.65073541
32840,128,75,37494.95107841
32841,128,76,55600.33065029
32842,128,77,60799.44574066
32843,128,78,61216.26275826
32844,128,79,39700.81798859
32845,128,80,53772.83185398
32846,128,81,52322.25555302
32847,128,82,41944.97568085
32848,128,83,20314.18233851
32849,128,84,54761.70392411
32850,128,85,44290.6972028
32851,128,86,20027.0694764
32852,128,87,24367.36442876
32853,128,88,20132.60795341
32854,128,89,21299.4565282
32855,128,90,12532.45987492
32856,128,91,9237.61717543
32857,128,92,15646.11581227
32858,128,93,5619.0052656
32859,128,94,5287.73638041
32860,128,95,11301.47156143
32861,128,96,22915.02407125
32862,128,97,27043.39011843
32863,128,98,25916.83026624
32864,128,99,4778.55609741
32865,128,100,21347.17606752
32866,128,101,8139.9081797
32867,128,102,4768.92323694
32868,128,103,28171.79797999
32869,128,104,18648.31149924
32870,128,105,14292.84369241
32871,128,106,4615.48102976
32872,128,107,10305.98356126
32873,128,108,24659.61332463
32874,128,109,17458.51797055
32875,128,110,23838.68453605
32876,128,111,15184.60895434
32877,128,112,3604.99998277
32878,128,113,25602.4276515
32879,128,114,12206.05688452
32880,128,115,28652.48541637
32881,128,116,9360.59569478
32882,128,117,1631.34030406
32883,128,118,20146.94902354
32884,128,119,30660.5723167
32885,128,120,17016.5940844
32886,128,121,849.31212475
32887,128,122,21543.50309508
32888,128,123,8631.95848546
32889,128,124,8036.81545852
32890,128,125,10357.85503043
32891,128,126,18234.67394581
32892,128,127,10426.59574491
32893,128,128,0.0
32894,128,129,10942.17808278
32895,128,130,6254.0715985
32896,128,131,26475.39676347
32897,128,132,7858.4175393
32898,128,133,27307.20043986
32899,128,134,25667.45612483
32900,128,135,21960.15127498
32901,128,136,20782.97933934
32902,128,137,23514.94861576
32903,128,138,25114.33019642
32904,128,139,21297.10927741
32905,128,140,21535.97274339
32906,128,141,22961.85837972
32907,128,142,25181.23032547
32908,128,143,25979.96668024
32909,128,144,23666.98647209
32910,128,145,24308.21452403
32911,128,146,23086.60818232
32912,128,147,9531.63669238
32913,128,148,3572.98636766
32914,128,149,12310.20813309
32915,128,150,6741.08846322
32916,128,151,6911.42928324
32917,128,152,3381.26146609
32918,128,153,8655.97990358
32919,128,154,11114.97942615
32920,128,155,5850.51765612
32921,128,156,17491.05317069
32922,128,157,11387.68740142
32923,128,158,8215.963615
32924,128,159,18385.47212508
32925,128,160,6033.61570684
32926,128,161,4861.42746698
32927,128,162,4266.20416251
32928,128,163,15576.03651546
32929,128,164,3559.4756963
32930,128,165,13314.74260677
32931,128,166,16112.74676533
32932,128,167,10315.13460167
32933,128,168,25288.84699846
32934,128,169,23857.31687248
32935,128,170,24214.4493126
32936,128,171,26309.92177914
32937,128,172,23872.98748171
32938,128,173,24772.46613092
32939,128,174,26328.72966999
32940,128,175,23969.78250608
32941,128,176,24149.62070312
32942,128,177,23472.1005954
32943,128,178,31580.49646477
32944,128,179,27091.69945851
32945,128,180,33644.0398704
32946,128,181,38239.58070405
32947,128,182,41510.64075844
32948,128,183,45965.08364211
32949,128,184,35657.324562
32950,128,185,28991.5229008
32951,128,186,40619.55689881
32952,128,187,44667.17035806
32953,128,188,39120.81161338
32954,128,189,38939.21200399
32955,128,190,40883.99833574
32956,128,191,39612.50231988
32957,128,192,38181.77266111
32958,128,193,39940.05705838
32959,128,194,40406.83513378
32960,128,195,38324.59224035
32961,128,196,38688.02468152
32962,128,197,42244.73683496
32963,128,198,15269.28989114
32964,128,199,17704.177631
32965,128,200,47224.82449537
32966,128,201,31041.25934967
32967,128,202,57174.93234397
32968,128,203,52356.24519327
32969,128,204,43585.27823905
32970,128,205,35949.4707448
32971,128,206,26583.74546938
32972,128,207,60430.53788861
32973,128,208,21047.37334319
32974,128,209,16998.77642071
32975,128,210,13645.97037709
32976,128,211,19980.18073254
32977,128,212,55534.32968213
32978,128,213,63190.09679978
32979,128,214,44224.81468077
32980,128,215,28519.98454987
32981,128,216,19621.66067212
32982,128,217,23540.47042429
32983,128,218,25399.26323801
32984,128,219,52557.05766587
32985,128,220,56957.12364093
32986,128,221,20630.87500811
32987,128,222,34613.43413359
32988,128,223,17043.52537563
32989,128,224,61782.3804891
32990,128,225,21100.53428414
32991,128,226,40137.29853402
32992,128,227,29939.54576295
32993,128,228,63986.35013694
32994,128,229,46939.72510663
32995,128,230,49573.85520775
32996,128,231,13549.86746501
32997,128,232,13411.3841554
32998,128,233,13698.15315922
32999,128,234,12924.21889304
33000,128,235,13221.85458999
33001,128,236,13847.87654249
33002,128,237,13055.307619
33003,128,238,23801.54453703
33004,128,239,12998.14528835
33005,128,240,21182.4585786
33006,128,241,10104.61046624
33007,128,242,10926.75649323
33008,128,243,12202.61752253
33009,128,244,17169.43369409
33010,128,245,16692.70721364
33011,128,246,17761.0031474
33012,128,247,14251.06405294
33013,128,248,15954.49546146
33014,128,249,22171.72403231
33015,128,250,23263.11642008
33016,128,251,11740.91219235
33017,128,252,10888.24724679
33018,128,253,13730.22202574
33019,128,254,18725.4351456
33020,128,255,19859.97811363
33021,128,256,23630.98113367
33022,128,257,15238.0275706
33023,128,258,10907.90018955
33024,129,1,3132.4722641
33025,129,2,10724.81062058
33026,129,3,3928.96627487
33027,129,4,7364.70822279
33028,129,5,9981.6149777
33029,129,6,9038.90909377
33030,129,7,2582.50700614
33031,129,8,5750.98225181
33032,129,9,4986.4739064
33033,129,10,1892.10016752
33034,129,11,2320.80298321
33035,129,12,2150.7536842
33036,129,13,2783.86596339
33037,129,14,7952.72711301
33038,129,15,6588.98821037
33039,129,16,11774.39087616
33040,129,17,6296.06557933
33041,129,18,5725.34341467
33042,129,19,5895.51860904
33043,129,20,5262.76566743
33044,129,21,8518.57578913
33045,129,22,15007.63387432
33046,129,23,8497.94515852
33047,129,24,7684.68371411
33048,129,25,4721.81931096
33049,129,26,12617.32791825
33050,129,27,7509.67076639
33051,129,28,5051.23326468
33052,129,29,11537.71056519
33053,129,30,5321.54820793
33054,129,31,6465.39675441
33055,129,32,4748.03066814
33056,129,33,10160.04835776
33057,129,34,5256.23906221
33058,129,35,5502.27066748
33059,129,36,17205.89107693
33060,129,37,17901.11103061
33061,129,38,6963.46904709
33062,129,39,9215.32659095
33063,129,40,15704.6972816
33064,129,41,8361.94399547
33065,129,42,4646.45695116
33066,129,43,20872.91779077
33067,129,44,8099.75045226
33068,129,45,3424.3118872
33069,129,46,5864.28243761
33070,129,47,26480.19845693
33071,129,48,27560.13475816
33072,129,49,2514.02247343
33073,129,50,23060.47814086
33074,129,51,1837.30681681
33075,129,52,2952.37464501
33076,129,53,7810.73406459
33077,129,54,3601.39392847
33078,129,55,22593.61208387
33079,129,56,4631.99226039
33080,129,57,14399.93615356
33081,129,58,12175.48534798
33082,129,59,3985.63729601
33083,129,60,3392.54252673
33084,129,61,4585.05023765
33085,129,62,17161.39089177
33086,129,63,5794.63340959
33087,129,64,24835.34595127
33088,129,65,4803.12041935
33089,129,66,10287.52755766
33090,129,67,12706.89084571
33091,129,68,11393.00657401
33092,129,69,40239.36739377
33093,129,70,17228.705205
33094,129,71,49917.41604133
33095,129,72,26544.87366582
33096,129,73,51449.78333631
33097,129,74,41778.93191726
33098,129,75,28745.01193014
33099,129,76,47913.40437333
33100,129,77,52371.41696653
33101,129,78,53125.68927811
33102,129,79,31098.83762741
33103,129,80,45918.11536471
33104,129,81,44532.08782647
33105,129,82,33894.36505572
33106,129,83,9395.4482455
33107,129,84,46983.15353437
33108,129,85,36297.23488569
33109,129,86,9199.07687429
33110,129,87,14958.94593636
33111,129,88,9657.40855068
33112,129,89,10359.05879476
33113,129,90,3108.11640965
33114,129,91,2376.50978657
33115,129,92,5164.44894822
33116,129,93,10724.44473648
33117,129,94,7934.61977064
33118,129,95,1383.49604284
33119,129,96,12123.54135505
33120,129,97,16139.41077218
33121,129,98,15047.74791955
33122,129,99,6698.06089698
33123,129,100,10549.77624637
33124,129,101,3224.90641626
33125,129,102,7133.60524578
33126,129,103,17267.18919144
33127,129,104,7831.16391896
33128,129,105,4081.22877384
33129,129,106,9395.23931399
33130,129,107,1753.77272685
33131,129,108,13851.98894273
33132,129,109,6792.98496074
33133,129,110,13698.33950736
33134,129,111,5548.31598632
33135,129,112,9249.86444736
33136,129,113,15235.29379767
33137,129,114,1982.25567735
33138,129,115,18125.66753502
33139,129,116,4367.29229286
33140,129,117,9816.25654047
33141,129,118,10448.99881657
33142,129,119,20072.74099497
33143,129,120,7659.04202974
33144,129,121,10334.18173584
33145,129,122,11623.91564506
33146,129,123,4911.75355116
33147,129,124,6331.32453024
33148,129,125,995.78699692
33149,129,126,8694.60147889
33150,129,127,3986.39745615
33151,129,128,10942.17808278
33152,129,129,0.0
33153,129,130,8523.80208198
33154,129,131,15932.99436956
33155,129,132,7267.11282217
33156,129,133,16726.66492859
33157,129,134,25016.02259693
33158,129,135,21031.1066961
33159,129,136,18763.02521408
33160,129,137,15730.99629467
33161,129,138,16650.19560125
33162,129,139,19949.26274918
33163,129,140,17361.04980368
33164,129,141,17818.81578691
33165,129,142,24066.96838857
33166,129,143,25938.39090544
33167,129,144,22445.31270375
33168,129,145,24594.80544898
33169,129,146,16318.25868803
33170,129,147,7803.7126844
33171,129,148,7751.62431447
33172,129,149,6252.85140612
33173,129,150,12234.71550566
33174,129,151,6894.3113783
33175,129,152,7621.98724872
33176,129,153,7506.53434818
33177,129,154,7759.28477397
33178,129,155,8838.97295435
33179,129,156,7425.21325657
33180,129,157,6507.20062061
33181,129,158,13574.32173989
33182,129,159,8137.5211297
33183,129,160,10501.04265968
33184,129,161,8136.14608835
33185,129,162,7945.5697989
33186,129,163,6301.4342425
33187,129,164,7395.02785683
33188,129,165,5729.91502924
33189,129,166,6416.37482633
33190,129,167,8020.46074929
33191,129,168,27530.03485455
33192,129,169,25330.7315391
33193,129,170,26224.60130218
33194,129,171,28833.87760742
33195,129,172,27492.51814163
33196,129,173,28118.82378795
33197,129,174,29432.09677212
33198,129,175,28853.56604088
33199,129,176,29933.7555153
33200,129,177,27554.00392688
33201,129,178,20739.88147829
33202,129,179,16268.52605429
33203,129,180,22774.21822307
33204,129,181,27300.56543594
33205,129,182,30629.49936779
33206,129,183,35110.15364765
33207,129,184,24727.09758342
33208,129,185,18128.41416975
33209,129,186,29709.01112489
33210,129,187,33812.04737884
33211,129,188,33471.84495656
33212,129,189,31638.62399547
33213,129,190,31876.17713816
33214,129,191,31702.13526097
33215,129,192,31947.61762006
33216,129,193,31786.86967074
33217,129,194,31820.37541652
33218,129,195,31566.54210683
33219,129,196,33721.51589407
33220,129,197,33041.46858398
33221,129,198,11548.42927363
33222,129,199,14568.37053595
33223,129,200,42251.64060071
33224,129,201,27087.18222689
33225,129,202,51758.70176768
33226,129,203,47043.42126675
33227,129,204,38749.24701472
33228,129,205,31002.93031492
33229,129,206,23172.77896764
33230,129,207,55344.06810846
33231,129,208,17296.31662329
33232,129,209,8113.43403717
33233,129,210,3213.0002903
33234,129,211,12776.12594056
33235,129,212,48426.13681408
33236,129,213,55934.2068305
33237,129,214,34916.82550782
33238,129,215,18179.36403745
33239,129,216,8682.48235897
33240,129,217,12924.61007454
33241,129,218,14774.93099287
33242,129,219,42724.23959206
33243,129,220,47052.63416571
33244,129,221,10010.98816819
33245,129,222,25225.57894705
33246,129,223,6209.15841242
33247,129,224,51800.80870715
33248,129,225,10214.1386885
33249,129,226,30953.53747915
33250,129,227,19997.106231
33251,129,228,53953.59851353
33252,129,229,37391.41682345
33253,129,230,39881.88532413
33254,129,231,3586.74188467
33255,129,232,3270.94090374
33256,129,233,3934.4052556
33257,129,234,2236.69094018
33258,129,235,2858.43681875
33259,129,236,4322.67162118
33260,129,237,2479.12440496
33261,129,238,28205.73270635
33262,129,239,18570.24634132
33263,129,240,26520.18610301
33264,129,241,9377.40745995
33265,129,242,14757.71362883
33266,129,243,8718.78502011
33267,129,244,23057.16000917
33268,129,245,22190.67456013
33269,129,246,23987.70325285
33270,129,247,19346.04747423
33271,129,248,21259.40463036
33272,129,249,27288.89730122
33273,129,250,27161.34694289
33274,129,251,17714.23643259
33275,129,252,10715.37286319
33276,129,253,9020.8107901
33277,129,254,24812.76745215
33278,129,255,25575.84911248
33279,129,256,26989.23386157
33280,129,257,20062.48180916
33281,129,258,13162.73644796
33282,130,1,5726.75258281
33283,130,2,3979.76723544
33284,130,3,4712.76429173
33285,130,4,1166.14186307
33286,130,5,3083.49249514
33287,130,6,1873.91951615
33288,130,7,10175.49726368
33289,130,8,2772.86170717
33290,130,9,3569.45635094
33291,130,10,10369.20423628
33292,130,11,9415.87108604
33293,130,12,7987.44725907
33294,130,13,6647.65860761
33295,130,14,1083.17611341
33296,130,15,1993.74637803
33297,130,16,5402.5632983
33298,130,17,10518.74492355
33299,130,18,9460.86274561
33300,130,19,4090.60772777
33301,130,20,5586.40920692
33302,130,21,13154.41622302
33303,130,22,12634.70512177
33304,130,23,8068.21267652
33305,130,24,6214.66996805
33306,130,25,4139.31443967
33307,130,26,11010.68915051
33308,130,27,11919.36498828
33309,130,28,6835.61073038
33310,130,29,10521.87795987
33311,130,30,8435.85094662
33312,130,31,4777.4178419
33313,130,32,3808.15713358
33314,130,33,14795.18594717
33315,130,34,4404.74312118
33316,130,35,3539.86077531
33317,130,36,14211.59284343
33318,130,37,14509.75516931
33319,130,38,5381.72916406
33320,130,39,8813.49203723
33321,130,40,20530.56038413
33322,130,41,13733.65046045
33323,130,42,12427.05102046
33324,130,43,25288.10970335
33325,130,44,13967.00986982
33326,130,45,11313.16521015
33327,130,46,13306.01290356
33328,130,47,30920.9392193
33329,130,48,32031.45400165
33330,130,49,11007.18788424
33331,130,50,27393.41345499
33332,130,51,9910.53735411
33333,130,52,10466.60578402
33334,130,53,10115.41884863
33335,130,54,11297.0286802
33336,130,55,22674.16231173
33337,130,56,13019.98060596
33338,130,57,14192.99847967
33339,130,58,12510.14039967
33340,130,59,12002.89827949
33341,130,60,9209.94411021
33342,130,61,13062.4506479
33343,130,62,16824.16621937
33344,130,63,9365.62729619
33345,130,64,25395.83646587
33346,130,65,9469.53662486
33347,130,66,11174.81967656
33348,130,67,16981.93431255
33349,130,68,15802.87771506
33350,130,69,42060.50533744
33351,130,70,21166.60475472
33352,130,71,51523.96706657
33353,130,72,29646.53752195
33354,130,73,53226.12303459
33355,130,74,43599.97688232
33356,130,75,31665.39201736
33357,130,76,49448.20854468
33358,130,77,54774.8394542
33359,130,78,55119.8275047
33360,130,79,33807.34073869
33361,130,80,47650.22422868
33362,130,81,46192.52326344
33363,130,82,35898.75848927
33364,130,83,16826.98203631
33365,130,84,48624.8158674
33366,130,85,38222.24658381
33367,130,86,16255.09155705
33368,130,87,19050.37207957
33369,130,88,15815.1018027
33370,130,89,18100.41697093
33371,130,90,8511.10823981
33372,130,91,6159.32531919
33373,130,92,11731.24867175
33374,130,93,2336.55886138
33375,130,94,1258.76084148
33376,130,95,8080.25615099
33377,130,96,18928.16975349
33378,130,97,23258.18142869
33379,130,98,22029.81181728
33380,130,99,3197.91655045
33381,130,100,17440.16919392
33382,130,101,5370.69528489
33383,130,102,2583.41247312
33384,130,103,24363.63219376
33385,130,104,14934.00061009
33386,130,105,10344.45233051
33387,130,106,1784.37730125
33388,130,107,7052.96431784
33389,130,108,20646.07542422
33390,130,109,13573.03900542
33391,130,110,22200.13420072
33392,130,111,13971.88461087
33393,130,112,2655.99979616
33394,130,113,23670.00994141
33395,130,114,10413.1051433
33396,130,115,26458.37137279
33397,130,116,4809.4249449
33398,130,117,4643.05534469
33399,130,118,18958.06913225
33400,130,119,28346.13458606
33401,130,120,16067.60796226
33402,130,121,5414.94219931
33403,130,122,20147.70996089
33404,130,123,3991.13579036
33405,130,124,2665.05153354
33406,130,125,7578.16792841
33407,130,126,17163.894219
33408,130,127,5871.79605013
33409,130,128,6254.0715985
33410,130,129,8523.80208198
33411,130,130,0.0
33412,130,131,24276.72820888
33413,130,132,1973.64928168
33414,130,133,25036.84671932
33415,130,134,20073.73291657
33416,130,135,16206.09592998
33417,130,136,14756.35178168
33418,130,137,17616.13019698
33419,130,138,19375.62501581
33420,130,139,15422.15335658
33421,130,140,15288.75799636
33422,130,141,16712.70450653
33423,130,142,19449.83153283
33424,130,143,20582.43486483
33425,130,144,17877.46893051
33426,130,145,18986.14279919
33427,130,146,16985.58919049
33428,130,147,3404.02956606
33429,130,148,6238.5730767
33430,130,149,6813.15430279
33431,130,150,12004.988607
33432,130,151,1674.41541396
33433,130,152,5425.05591204
33434,130,153,2605.40139215
33435,130,154,5064.72670745
33436,130,155,9583.87411002
33437,130,156,13001.54222176
33438,130,157,5717.8888191
33439,130,158,13614.89075331
33440,130,159,13966.74064081
33441,130,160,10676.39608843
33442,130,161,8215.16318846
33443,130,162,7429.53731033
33444,130,163,10805.67358742
33445,130,164,4631.17469761
33446,130,165,8168.66991211
33447,130,166,11518.51627556
33448,130,167,4169.9905476
33449,130,168,30395.21605328
33450,130,169,28672.86316635
33451,130,170,29223.09508491
33452,130,171,31524.89832786
33453,130,172,29375.97263119
33454,130,173,30211.80179041
33455,130,174,31721.12259545
33456,130,175,29800.84616646
33457,130,176,30170.25219007
33458,130,177,29095.99199013
33459,130,178,27484.76615943
33460,130,179,23045.28487578
33461,130,180,29603.04038659
33462,130,181,34753.16752078
33463,130,182,38381.74217755
33464,130,183,42909.58972567
33465,130,184,31881.41059774
33466,130,185,25011.42071096
33467,130,186,37355.45698783
33468,130,187,41618.2675882
33469,130,188,40956.66792125
33470,130,189,39738.43634255
33471,130,190,40373.48296405
33472,130,191,39983.37468795
33473,130,192,39662.04484765
33474,130,193,40130.08020252
33475,130,194,40255.53368958
33476,130,195,39478.38603341
33477,130,196,40904.80002161
33478,130,197,41557.06453734
33479,130,198,17467.51929464
33480,130,199,20355.47361139
33481,130,200,49500.91334068
33482,130,201,33696.61547918
33483,130,202,59246.50485281
33484,130,203,54467.59212083
33485,130,204,45913.0953522
33486,130,205,38149.92326624
33487,130,206,29422.59045363
33488,130,207,62703.10519283
33489,130,208,23557.59611455
33490,130,209,11856.58156792
33491,130,210,10006.84187939
33492,130,211,14049.56588472
33493,130,212,49317.89174477
33494,130,213,56978.41178571
33495,130,214,43438.53781715
33496,130,215,26603.04211605
33497,130,216,16328.38860254
33498,130,217,21255.66941634
33499,130,218,23074.86989223
33500,130,219,51213.25733663
33501,130,220,55524.21129411
33502,130,221,18385.46834479
33503,130,222,33745.28538864
33504,130,223,13485.7835476
33505,130,224,60249.92746245
33506,130,225,18246.23202143
33507,130,226,39465.97654623
33508,130,227,28505.09787218
33509,130,228,62386.66794536
33510,130,229,45912.35199546
33511,130,230,48391.52827698
33512,130,231,9574.68553766
33513,130,232,9592.19775572
33514,130,233,9558.68866598
33515,130,234,9684.99577867
33516,130,235,9616.86244278
33517,130,236,9528.95764702
33518,130,237,9673.98831471
33519,130,238,20466.01762931
33520,130,239,10221.23940994
33521,130,240,18424.16479655
33522,130,241,3858.31620501
33523,130,242,6714.34143507
33524,130,243,6046.95501325
33525,130,244,14749.20338721
33526,130,245,13960.0826562
33527,130,246,15623.23945859
33528,130,247,11142.26349351
33529,130,248,13056.99564084
33530,130,249,19276.11624386
33531,130,250,19608.55165146
33532,130,251,9267.09676191
33533,130,252,4768.94758571
33534,130,253,7648.62796017
33535,130,254,16490.27743993
33536,130,255,17355.85590798
33537,130,256,19675.01119634
33538,130,257,11965.24711183
33539,130,258,5710.72695863
33540,131,1,18554.81901291
33541,131,2,25500.60244352
33542,131,3,19564.65374182
33543,131,4,23113.09615668
33544,131,5,24991.40656901
33545,131,6,24363.70381796
33546,131,7,14120.83670995
33547,131,8,21544.67786609
33548,131,9,20715.76844291
33549,131,10,14040.98005757
33550,131,11,14902.31123556
33551,131,12,16334.09224445
33552,131,13,17682.16760827
33553,131,14,23530.32320147
33554,131,15,22437.34995311
33555,131,16,26117.07063365
33556,131,17,18629.75693562
33557,131,18,18995.59313664
33558,131,19,20789.80109127
33559,131,20,20822.37946929
33560,131,21,18527.92309287
33561,131,22,25053.94519649
33562,131,23,20331.79792559
33563,131,24,20924.89357721
33564,131,25,20654.78701224
33565,131,26,22939.15145009
33566,131,27,18620.57759185
33567,131,28,20124.01701256
33568,131,29,21858.21446993
33569,131,30,19403.1776373
33570,131,31,20797.68009
33571,131,32,20623.81953632
33572,131,33,18930.15997817
33573,131,34,21117.93796062
33574,131,35,20877.21128185
33575,131,36,27161.60090335
33576,131,37,28094.58380905
33577,131,38,20828.86290417
33578,131,39,20483.15089618
33579,131,40,20790.25341706
33580,131,41,17438.30701591
33581,131,42,13814.89937533
33582,131,43,24661.61228136
33583,131,44,16613.46855169
33584,131,45,14317.81790612
33585,131,46,13973.4895851
33586,131,47,28636.43902502
33587,131,48,29403.83100979
33588,131,49,13691.25490436
33589,131,50,26337.50476271
33590,131,51,14376.45162585
33591,131,52,13854.68000919
33592,131,53,17622.90395193
33593,131,54,13029.07584509
33594,131,55,26656.43891381
33595,131,56,11308.00502332
33596,131,57,22220.10304072
33597,131,58,20629.69125429
33598,131,59,12282.03753656
33599,131,60,15392.29995631
33600,131,61,11923.14015909
33601,131,62,23842.49594511
33602,131,63,16589.23265938
33603,131,64,27435.64362782
33604,131,65,15792.22051345
33605,131,66,19441.46206274
33606,131,67,14775.94509252
33607,131,68,14469.39088651
33608,131,69,37578.29667647
33609,131,70,16590.22478186
33610,131,71,46727.28681342
33611,131,72,23808.12546598
33612,131,73,47813.26735544
33613,131,74,38937.44515979
33614,131,75,25820.97827665
33615,131,76,45026.85199676
33616,131,77,47440.19646093
33617,131,78,48945.83158329
33618,131,79,28095.12855329
33619,131,80,42826.10810443
33620,131,81,41713.252048
33621,131,82,31789.75986908
33622,131,83,8501.25141553
33623,131,84,43970.38742333
33624,131,85,33964.28903362
33625,131,86,9537.93587098
33626,131,87,15534.70404482
33627,131,88,11320.29552536
33628,131,89,6958.71705688
33629,131,90,16026.58780783
33630,131,91,18190.44723996
33631,131,92,13187.05712477
33632,131,93,26561.88655622
33633,131,94,23829.79520053
33634,131,95,16196.87644019
33635,131,96,8821.67531598
33636,131,97,7311.82789403
33637,131,98,7765.0264732
33638,131,99,22610.0660952
33639,131,100,9201.90632226
33640,131,101,19147.57863401
33641,131,102,23065.02598276
33642,131,103,7639.86454666
33643,131,104,10355.85770236
33644,131,105,14380.37057815
33645,131,106,25309.00900813
33646,131,107,17232.93890392
33647,131,108,8491.27834271
33648,131,109,11688.63155284
33649,131,110,3287.01572797
33650,131,111,11376.5137194
33651,131,112,25179.50745361
33652,131,113,1350.85339557
33653,131,114,14335.47062301
33654,131,115,2192.96899217
33655,131,116,19580.04204871
33656,131,117,25578.02440529
33657,131,118,6963.24575947
33658,131,119,4186.29206685
33659,131,120,9881.45139866
33660,131,121,25993.50881072
33661,131,122,5510.86955767
33662,131,123,20346.20996626
33663,131,124,21785.17876842
33664,131,125,16787.63191807
33665,131,126,8706.84929341
33666,131,127,18658.78214509
33667,131,128,26475.39676347
33668,131,129,15932.99436956
33669,131,130,24276.72820888
33670,131,131,0.0
33671,131,132,22701.03395721
33672,131,133,861.19048692
33673,131,134,35626.65702104
33674,131,135,32133.17758906
33675,131,136,29416.2876024
33676,131,137,19817.38612714
33677,131,138,18752.97584188
33678,131,139,30920.15333055
33679,131,140,26196.54839701
33680,131,141,25270.32829709
33681,131,142,34406.91372495
33682,131,143,36957.50240888
33683,131,144,32993.46677906
33684,131,145,36097.56995593
33685,131,146,21964.28093777
33686,131,147,22590.62383514
33687,131,148,22967.75435792
33688,131,149,19272.83319371
33689,131,150,25222.35696307
33690,131,151,22603.90832079
33691,131,152,23099.03475124
33692,131,153,22658.24390953
33693,131,154,21713.52437136
33694,131,155,22448.75216742
33695,131,156,13340.76835858
33696,131,157,20249.11498976
33697,131,158,25908.82228097
33698,131,159,12595.80753758
33699,131,160,23805.45601666
33700,131,161,22476.55650556
33701,131,162,22673.25058786
33702,131,163,15330.50277008
33703,131,164,23072.32743412
33704,131,165,17735.42792338
33705,131,166,14496.56336928
33706,131,167,22433.91815855
33707,131,168,32553.78603754
33708,131,169,29958.72019425
33709,131,170,31277.83588886
33710,131,171,33921.03243345
33711,131,172,34171.11361465
33712,131,173,34348.67696739
33713,131,174,35109.20848729
33714,131,175,36728.57468534
33715,131,176,38658.99250589
33716,131,177,34752.95210881
33717,131,178,10510.71346128
33718,131,179,8632.33830825
33719,131,180,11520.51279743
33720,131,181,13200.05156358
33721,131,182,15535.59508389
33722,131,183,19789.45095853
33723,131,184,11913.17100084
33724,131,185,8752.61439748
33725,131,186,14907.62473859
33726,131,187,18507.50025959
33727,131,188,25299.86759066
33728,131,189,20716.81156383
33729,131,190,17708.20861553
33730,131,191,19601.60515159
33731,131,192,22981.67248673
33732,131,193,19211.58481587
33733,131,194,18424.13042455
33734,131,195,21688.82057868
33735,131,196,26703.91876913
33736,131,197,18466.47762863
33737,131,198,16975.21552377
33738,131,199,18216.15798088
33739,131,200,34064.55138827
33740,131,201,23344.53032459
33741,131,202,42109.42250208
33742,131,203,37878.66309209
33743,131,204,31194.04024353
33744,131,205,24549.94413836
33745,131,206,21666.70902174
33746,131,207,45995.05746519
33747,131,208,18183.96568603
33748,131,209,15834.06797734
33749,131,210,14444.07946674
33750,131,211,19638.88491838
33751,131,212,46729.87781356
33752,131,213,53401.70871389
33753,131,214,20089.54242037
33754,131,215,2534.91273937
33755,131,216,8544.47682539
33756,131,217,3021.11968957
33757,131,218,1265.25914277
33758,131,219,27097.70465366
33759,131,220,31336.56343278
33760,131,221,5922.00620505
33761,131,222,10958.46364769
33762,131,223,11289.79840907
33763,131,224,36011.57958202
33764,131,225,6292.98265054
33765,131,226,16540.89022192
33766,131,227,5201.70199973
33767,131,228,38128.42508457
33768,131,229,22154.04164571
33769,131,230,24428.49851466
33770,131,231,15063.89276547
33771,131,232,14931.18285078
33772,131,233,15228.79677032
33773,131,234,14607.70858424
33774,131,235,14786.6151224
33775,131,236,15452.90928914
33776,131,237,14649.33583089
33777,131,238,42208.98336084
33778,131,239,33803.6743217
33779,131,240,41125.81435361
33780,131,241,23965.67585805
33781,131,242,29820.62585467
33782,131,243,22060.51169873
33783,131,244,38104.77298261
33784,131,245,37137.81825303
33785,131,246,39116.48995763
33786,131,247,34351.99370259
33787,131,248,36194.88504842
33788,131,249,41739.12974767
33789,131,250,40943.27141331
33790,131,251,33129.71266949
33791,131,252,25088.77415597
33792,131,253,21242.27146264
33793,131,254,39845.44237211
33794,131,255,40410.61477287
33795,131,256,40452.95270983
33796,131,257,34901.8794925
33797,131,258,27930.3715437
33798,132,1,4224.85729634
33799,132,2,3717.75391374
33800,132,3,3338.80177562
33801,132,4,1300.5674809
33802,132,5,2849.96018589
33803,132,6,1774.44653043
33804,132,7,8585.29982407
33805,132,8,1956.13033913
33806,132,9,2392.82164285
33807,132,10,9015.344264
33808,132,11,7799.11007862
33809,132,12,6368.89911714
33810,132,13,5022.98965311
33811,132,14,925.59338114
33812,132,15,1904.36349562
33813,132,16,5023.95233857
33814,132,17,10424.91967438
33815,132,18,9384.35013485
33816,132,19,2142.83233922
33817,132,20,5660.42184391
33818,132,21,13116.28499569
33819,132,22,11271.83778389
33820,132,23,6200.21044597
33821,132,24,4342.87003362
33822,132,25,3658.10802041
33823,132,26,9444.2569205
33824,132,27,11874.21642947
33825,132,28,6827.63973337
33826,132,29,8839.83767524
33827,132,30,8381.43330938
33828,132,31,2810.56694373
33829,132,32,2979.13031362
33830,132,33,14817.39538835
33831,132,34,4370.29936463
33832,132,35,1829.80729139
33833,132,36,13029.44724017
33834,132,37,13431.00749994
33835,132,38,3450.46411157
33836,132,39,6977.98760504
33837,132,40,20629.1872246
33838,132,41,13541.96661479
33839,132,42,11541.41502347
33840,132,43,25543.93794424
33841,132,44,13660.19331255
33842,132,45,10362.79453002
33843,132,46,12549.08427969
33844,132,47,31213.01558052
33845,132,48,32322.38836556
33846,132,49,9780.89917388
33847,132,50,27687.61497969
33848,132,51,8433.39406119
33849,132,52,8846.4235792
33850,132,53,8146.35863893
33851,132,54,9673.11566886
33852,132,55,21056.372636
33853,132,56,11554.73910575
33854,132,57,12500.9028378
33855,132,58,10714.58969234
33856,132,59,10427.30782151
33857,132,60,7441.9179534
33858,132,61,11851.74906074
33859,132,62,15197.80345229
33860,132,63,7414.47882357
33861,132,64,23733.71840977
33862,132,65,7577.47485863
33863,132,66,9294.73121866
33864,132,67,15008.85500682
33865,132,68,13829.42507288
33866,132,69,40308.59551944
33867,132,70,19207.0833413
33868,132,71,49812.43580568
33869,132,72,27750.93231581
33870,132,73,51497.16215154
33871,132,74,41851.05536496
33872,132,75,29787.87760039
33873,132,76,47742.09154867
33874,132,77,52980.35529521
33875,132,78,53368.7311966
33876,132,79,31951.73384431
33877,132,80,45918.29121603
33878,132,81,44466.36017385
33879,132,82,34113.4293384
33880,132,83,15044.92114805
33881,132,84,46904.84010916
33882,132,85,36450.86199754
33883,132,86,14425.38390174
33884,132,87,17082.550266
33885,132,88,13903.37522648
33886,132,89,16363.47414467
33887,132,90,6757.70225033
33888,132,91,4911.18735841
33889,132,92,9925.40317872
33890,132,93,4224.32049447
33891,132,94,2575.24263708
33892,132,95,6588.19130908
33893,132,96,17047.90473685
33894,132,97,21390.667787
33895,132,98,20151.81471915
33896,132,99,3784.46790442
33897,132,100,15579.68801617
33898,132,101,4399.68958227
33899,132,102,3382.3619338
33900,132,103,22489.4658268
33901,132,104,13126.75557842
33902,132,105,8557.55402278
33903,132,106,3696.71381811
33904,132,107,5632.02609275
33905,132,108,18755.28955653
33906,132,109,11748.02043616
33907,132,110,20772.76605007
33908,132,111,12811.37907201
33909,132,112,4390.05214468
33910,132,113,22159.14998681
33911,132,114,9232.50546881
33912,132,115,24869.45949453
33913,132,116,3121.69576488
33914,132,117,6227.89504785
33915,132,118,17688.05465245
33916,132,119,26721.61813989
33917,132,120,14922.29556075
33918,132,121,7009.29600725
33919,132,122,18805.70505305
33920,132,123,2391.63756208
33921,132,124,939.89833375
33922,132,125,6277.82572556
33923,132,126,15959.36206453
33924,132,127,4087.99735642
33925,132,128,7858.4175393
33926,132,129,7267.11282217
33927,132,130,1973.64928168
33928,132,131,22701.03395721
33929,132,132,0.0
33930,132,133,23440.30079391
33931,132,134,19517.51462113
33932,132,135,15563.51226122
33933,132,136,13845.51293114
33934,132,137,15751.49875756
33935,132,138,17464.65408385
33936,132,139,14674.72993204
33937,132,140,13930.80026147
33938,132,141,15204.41395498
33939,132,142,18787.67959811
33940,132,143,20164.56629694
33941,132,144,17180.86985044
33942,132,145,18639.20936091
33943,132,146,15232.05326972
33944,132,147,1717.98852789
33945,132,148,7047.90047282
33946,132,149,4840.28585481
33947,132,150,12991.54147543
33948,132,151,1080.52751185
33949,132,152,6283.94027757
33950,132,153,827.73489422
33951,132,154,3257.15466532
33952,132,155,10217.11251907
33953,132,156,11082.43943859
33954,132,157,3753.96501565
33955,132,158,14605.48692843
33956,132,159,12051.29155523
33957,132,160,11511.40291081
33958,132,161,8877.97831116
33959,132,162,8147.61179214
33960,132,163,8864.98065532
33961,132,164,5488.89221802
33962,132,165,6205.08987781
33963,132,166,9595.45429229
33964,132,167,2491.66795475
33965,132,168,31052.38696968
33966,132,169,29211.01116287
33967,132,170,29842.6351204
33968,132,171,32227.42827361
33969,132,172,30235.23268114
33970,132,173,31033.34723291
33971,132,174,32511.07150332
33972,132,175,30849.63137415
33973,132,176,31354.86974256
33974,132,177,30022.79298147
33975,132,178,25567.71660509
33976,132,179,21143.01701626
33977,132,180,27688.89963497
33978,132,181,32901.86445878
33979,132,182,36578.14914171
33980,132,183,41110.68893143
33981,132,184,29995.60077635
33982,132,185,23112.73163722
33983,132,186,35532.60892839
33984,132,187,39822.25198271
33985,132,188,40347.75109789
33986,132,189,38827.66594861
33987,132,190,39110.75496718
33988,132,191,38952.41524065
33989,132,192,38950.56659328
33990,132,193,39049.62069943
33991,132,194,39084.61147559
33992,132,195,38670.9330562
33993,132,196,40416.21897014
33994,132,197,40246.4952276
33995,132,198,17233.52063393
33996,132,199,20202.2145344
33997,132,200,48999.09203567
33998,132,201,33391.69435078
33999,132,202,58654.46200863
34000,132,203,53899.22800571
34001,132,204,45439.96301756
34002,132,205,37669.64164529
34003,132,206,29212.52580085
34004,132,207,62168.12331788
34005,132,208,23304.79364905
34006,132,209,9884.30368255
34007,132,210,8303.87376744
34008,132,211,12192.61554847
34009,132,212,47692.79256896
34010,132,213,55344.54833468
34011,132,214,42098.18916082
34012,132,215,25074.32048143
34013,132,216,14589.85326441
34014,132,217,19685.48863495
34015,132,218,21480.42979428
34016,132,219,49726.61750414
34017,132,220,54011.05207821
34018,132,221,16856.46145017
34019,132,222,32422.51153932
34020,132,223,11728.0119505
34021,132,224,58709.20440854
34022,132,225,16579.86750716
34023,132,226,38166.78639052
34024,132,227,27075.53047306
34025,132,228,60829.45550563
34026,132,229,44508.41021364
34027,132,230,46946.40568998
34028,132,231,7800.1847062
34029,132,232,7855.77572938
34030,132,233,7746.18308513
34031,132,234,8102.44267387
34032,132,235,7935.46959466
34033,132,236,7678.13708343
34034,132,237,8051.70048719
34035,132,238,21079.57206004
34036,132,239,11314.64240641
34037,132,240,19277.31036587
34038,132,241,2837.93886897
34039,132,242,7496.69100578
34040,132,243,4361.56021146
34041,132,244,15791.10094467
34042,132,245,14924.56838334
34043,132,246,16728.06036489
34044,132,247,12079.94285101
34045,132,248,13994.64017139
34046,132,249,20067.75968621
34047,132,250,20110.14435399
34048,132,251,10504.6774728
34049,132,252,4105.78128777
34050,132,253,5872.7914948
34051,132,254,17547.1046265
34052,132,255,18312.10157926
34053,132,256,20048.51670113
34054,132,257,12809.0733564
34055,132,258,6015.1601669
34056,133,1,19311.51088832
34057,133,2,26191.38122103
34058,133,3,20327.01363809
34059,133,4,23874.66009409
34060,133,5,25697.43684041
34061,133,6,25090.95475836
34062,133,7,14869.53690732
34063,133,8,22313.28020033
34064,133,9,21480.75423373
34065,133,10,14835.48789584
34066,133,11,15645.52145543
34067,133,12,17078.45841255
34068,133,13,18426.94392688
34069,133,14,24277.0697084
34070,133,15,23210.43804624
34071,133,16,26781.65706111
34072,133,17,19488.49285806
34073,133,18,19849.82826151
34074,133,19,21509.4064137
34075,133,20,21646.10077431
34076,133,21,19387.22535034
34077,133,22,25519.02438577
34078,133,23,20931.38631596
34079,133,24,21574.08400753
34080,133,25,21447.97385541
34081,133,26,23440.22131514
34082,133,27,19481.76767231
34083,133,28,20959.24018614
34084,133,29,22372.92389924
34085,133,30,20251.1854769
34086,133,31,21492.86128719
34087,133,32,21402.72632494
34088,133,33,19781.14611318
34089,133,34,21925.45297342
34090,133,35,21619.76862106
34091,133,36,27602.85534632
34092,133,37,28540.00139033
34093,133,38,21504.45438242
34094,133,39,21057.48976091
34095,133,40,21573.74966218
34096,133,41,18296.20325603
34097,133,42,14669.31895503
34098,133,43,25382.5064992
34099,133,44,17471.17108
34100,133,45,15161.36538984
34101,133,46,14834.1426374
34102,133,47,29277.54674715
34103,133,48,30028.80787516
34104,133,49,14508.15487849
34105,133,50,27031.36254668
34106,133,51,15147.98598058
34107,133,52,14595.70727162
34108,133,53,18191.35120315
34109,133,54,13767.6397112
34110,133,55,26802.76004396
34111,133,56,12096.81193024
34112,133,57,22614.77341428
34113,133,58,21079.5001278
34114,133,59,13035.07379584
34115,133,60,16099.41953091
34116,133,61,12759.83467434
34117,133,62,24158.54215133
34118,133,63,17220.81674869
34119,133,64,27494.82527952
34120,133,65,16453.37089375
34121,133,66,19943.98014221
34122,133,67,15062.395974
34123,133,68,14825.47902319
34124,133,69,37275.59876908
34125,133,70,16651.96644058
34126,133,71,46362.656792
34127,133,72,23605.26514136
34128,133,73,47422.244007
34129,133,74,38618.86023926
34130,133,75,25584.60303042
34131,133,76,44683.37729796
34132,133,77,46983.041302
34133,133,78,48523.68268182
34134,133,79,27832.99403858
34135,133,80,42479.02987778
34136,133,81,41384.77129244
34137,133,82,31550.47075367
34138,133,83,9056.59918107
34139,133,84,43623.64120795
34140,133,85,33698.54020216
34141,133,86,10061.93060191
34142,133,87,15704.47277996
34143,133,88,11771.26190408
34144,133,89,7520.92685204
34145,133,90,16742.69098322
34146,133,91,18968.65984695
34147,133,92,13850.51783937
34148,133,93,27329.25668573
34149,133,94,24608.57482278
34150,133,95,16960.19754311
34151,133,96,9119.67166631
34152,133,97,7184.81295123
34153,133,98,7772.67070791
34154,133,99,23411.6728032
34155,133,100,9628.21757422
34156,133,101,19935.74669155
34157,133,102,23860.21264049
34158,133,103,7388.02116065
34159,133,104,10949.28287511
34160,133,105,15070.46842291
34161,133,106,26091.14211557
34162,133,107,18001.18714738
34163,133,108,8627.93732187
34164,133,109,12304.07776889
34165,133,110,4109.94360102
34166,133,111,12225.70688932
34167,133,112,25975.99729729
34168,133,113,2123.58967349
34169,133,114,15152.41606935
34170,133,115,1435.05004884
34171,133,116,20321.32533684
34172,133,117,26397.27262141
34173,133,118,7820.17334972
34174,133,119,3356.37064207
34175,133,120,10742.22052921
34176,133,121,26819.19126398
34177,133,122,6363.96946241
34178,133,123,21094.244653
34179,133,124,22528.71133625
34180,133,125,17570.54278698
34181,133,126,9568.03193772
34182,133,127,19385.83818477
34183,133,128,27307.20043986
34184,133,129,16726.66492859
34185,133,130,25036.84671932
34186,133,131,861.19048692
34187,133,132,23440.30079391
34188,133,133,0.0
34189,133,134,36049.29845105
34190,133,135,32598.84098683
34191,133,136,29875.14834731
34192,133,137,20068.50989213
34193,133,138,18919.95237821
34194,133,139,31385.76337666
34195,133,140,26591.78634523
34196,133,141,25607.12471667
34197,133,142,34820.8576302
34198,133,143,37396.63214126
34199,133,144,33425.60966381
34200,133,145,36566.51419399
34201,133,146,22256.06361859
34202,133,147,23294.96439279
34203,133,148,23805.42029698
34204,133,149,19932.85408738
34205,133,150,26083.51264155
34206,133,151,23363.02417576
34207,133,152,23929.34042805
34208,133,153,23381.19981392
34209,133,154,22385.39707704
34210,133,155,23306.4464029
34211,133,156,13898.3631823
34212,133,157,20925.26850528
34213,133,158,26769.04975517
34214,133,159,13122.79409563
34215,133,160,24665.59840014
34216,133,161,23328.08382939
34217,133,162,23519.945809
34218,133,163,15934.65665829
34219,133,164,23894.31838174
34220,133,165,18383.93168395
34221,133,166,15095.15147571
34222,133,167,23121.25983633
34223,133,168,33269.77923124
34224,133,169,30674.0323335
34225,133,170,31999.84254935
34226,133,171,34633.79417511
34227,133,172,34927.67340795
34228,133,173,35092.76035299
34229,133,174,35835.35867429
34230,133,175,37508.29705026
34231,133,176,39454.37854627
34232,133,177,35521.07812342
34233,133,178,10044.60832016
34234,133,179,8524.47370137
34235,133,180,10933.93457911
34236,133,181,12381.98863566
34237,133,182,14675.73086321
34238,133,183,18928.84215521
34239,133,184,11191.74689405
34240,133,185,8452.55134528
34241,133,186,14054.7214596
34242,133,187,17646.59751152
34243,133,188,25421.00963364
34244,133,189,20654.1825483
34245,133,190,17304.01790962
34246,133,191,19432.7545281
34247,133,192,23063.96638352
34248,133,193,18994.72203599
34249,133,194,18117.23722386
34250,133,195,21709.52645358
34251,133,196,26894.65458774
34252,133,197,17996.89102183
34253,133,198,17798.4251229
34254,133,199,18990.59628391
34255,133,200,34127.21397595
34256,133,201,23766.91586426
34257,133,202,42033.62642935
34258,133,203,37853.59776471
34259,133,204,31316.57349001
34260,133,205,24797.52646024
34261,133,206,22219.77691266
34262,133,207,45930.87172764
34263,133,208,18878.29342976
34264,133,209,16366.50055232
34265,133,210,15164.06277296
34266,133,211,20033.08303197
34267,133,212,46444.1798958
34268,133,213,53054.3809267
34269,133,214,19572.25320524
34270,133,215,2131.83082758
34271,133,216,9163.96403432
34272,133,217,3802.09348335
34273,133,218,1961.98924519
34274,133,219,26420.66526104
34275,133,220,30635.55536707
34276,133,221,6720.91018205
34277,133,222,10619.33769334
34278,133,223,11952.04329963
34279,133,224,35289.78615022
34280,133,225,6949.13031992
34281,133,226,16109.54128928
34282,133,227,4937.65735515
34283,133,228,37395.82746405
34284,133,229,21561.05155292
34285,133,230,23790.60238331
34286,133,231,15765.9416588
34287,133,232,15644.26824848
34288,133,233,15918.83444414
34289,133,234,15358.09706381
34290,133,235,15514.24482798
34291,133,236,16129.7528226
34292,133,237,15390.99568926
34293,133,238,42809.1626272
34294,133,239,34504.77074083
34295,133,240,41769.19035532
34296,133,241,24653.08197898
34297,133,242,30516.45934293
34298,133,243,22703.14159554
34299,133,244,38785.30478538
34300,133,245,37812.03094046
34301,133,246,39802.22694747
34302,133,247,35034.97019915
34303,133,248,36869.67581588
34304,133,249,42370.55342698
34305,133,250,41531.34225116
34306,133,251,33846.70017838
34307,133,252,25759.68828716
34308,133,253,21846.15322649
34309,133,254,40522.61363105
34310,133,255,41071.82033713
34311,133,256,41021.98053236
34312,133,257,35571.94110194
34313,133,258,28612.27615302
34314,134,1,22206.17182595
34315,134,2,16100.83996121
34316,134,3,21947.83483805
34317,134,4,20505.18513574
34318,134,5,17014.53141019
34319,134,6,18280.252894
34320,134,7,24574.6615796
34321,134,8,21425.45183455
34322,134,9,21565.82874017
34323,134,10,26007.38937138
34324,134,11,23919.20861587
34325,134,12,23040.38977624
34326,134,13,22248.59849331
34327,134,14,19571.53478907
34328,134,15,21366.19138785
34329,134,16,14678.12853785
34330,134,17,29819.1486338
34331,134,18,28809.04522381
34332,134,19,19607.17810489
34333,134,20,25176.64107135
34334,134,21,32504.56699518
34335,134,22,10693.363787
34336,134,23,16730.12544881
34337,134,24,17334.74265345
34338,134,25,23096.04258388
34339,134,26,13026.54250211
34340,134,27,31275.80798106
34341,134,28,26321.58872929
34342,134,29,14185.447886
34343,134,30,27835.37635598
34344,134,31,18752.21024997
34345,134,32,22306.36245508
34346,134,33,34227.72039768
34347,134,34,23886.44554505
34348,134,35,20476.25318901
34349,134,36,8492.48479495
34350,134,37,7584.19161469
34351,134,38,18126.03823044
34352,134,39,16186.76106362
34353,134,40,40048.93531905
34354,134,41,32784.58498222
34355,134,42,29643.8510464
34356,134,43,45035.0383313
34357,134,44,32760.62987984
34358,134,45,28431.17403626
34359,134,46,30880.05685202
34360,134,47,50710.59425959
34361,134,48,51818.51870854
34362,134,49,27091.34351785
34363,134,50,47189.33188061
34364,134,51,25050.27780464
34365,134,52,24567.70374496
34366,134,53,18687.54553318
34367,134,54,25088.07475348
34368,134,55,13931.21162216
34369,134,56,27405.03010769
34370,134,57,13462.42692706
34371,134,58,15018.11105528
34372,134,59,25918.22345965
34373,134,60,22721.67611896
34374,134,61,28850.4927156
34375,134,62,12502.57019239
34376,134,63,20405.63819131
34377,134,64,16160.00606696
34378,134,65,21535.2570613
34379,134,66,16409.17743172
34380,134,67,21303.65495647
34381,134,68,21286.31396157
34382,134,69,30978.57486821
34383,134,70,21988.02192403
34384,134,71,38867.0819607
34385,134,72,24576.09928173
34386,134,73,40777.29747628
34387,134,74,32292.26488099
34388,134,75,25488.3220289
34389,134,76,36835.2697043
34390,134,77,43545.16051644
34391,134,78,42976.61407582
34392,134,79,26500.16835884
34393,134,80,35643.90305375
34394,134,81,34198.51322201
34395,134,82,26399.91668923
34396,134,83,27268.11646402
34397,134,84,36320.54346067
34398,134,85,28043.93437309
34399,134,86,26176.54289904
34400,134,87,21536.50308129
34401,134,88,24308.64031974
34402,134,89,28782.15380431
34403,134,90,22477.07839778
34404,134,91,23281.72160411
34405,134,92,23719.06851067
34406,134,93,20050.55462048
34407,134,94,21326.66880058
34408,134,95,23726.82707628
34409,134,96,27025.29877036
34410,134,97,30451.46012883
34411,134,98,29284.69436079
34412,134,99,23133.50038129
34413,134,100,26428.56890086
34414,134,101,23351.91826163
34415,134,102,22587.18696893
34416,134,103,31142.17837054
34417,134,104,25645.94077862
34418,134,105,23152.94794516
34419,134,106,21261.21528031
34420,134,107,23339.81581424
34421,134,108,27972.35456552
34422,134,109,24552.11312235
34423,134,110,35230.37751143
34424,134,111,29860.49676549
34425,134,112,22337.67857945
34426,134,113,35759.81736911
34427,134,114,26803.05633843
34428,134,115,37361.421757
34429,134,116,21074.61160263
34430,134,117,24284.30912911
34431,134,118,33554.78513545
34432,134,119,38584.27877574
34433,134,120,31747.09335026
34434,134,121,24947.32764529
34435,134,122,34104.93219114
34436,134,123,20962.33267259
34437,134,124,20104.91890431
34438,134,125,24149.53670669
34439,134,126,32384.08382209
34440,134,127,21086.03089286
34441,134,128,25667.45612483
34442,134,129,25016.02259693
34443,134,130,20073.73291657
34444,134,131,35626.65702104
34445,134,132,19517.51462113
34446,134,133,36049.29845105
34447,134,134,0.0
34448,134,135,4000.09627926
34449,134,136,6394.96756571
34450,134,137,16918.89357141
34451,134,138,18887.58557628
34452,134,139,5073.40515842
34453,134,140,9509.77185166
34454,134,141,10927.71302345
34455,134,142,1290.02388917
34456,134,143,1563.5959111
34457,134,144,2664.90402278
34458,134,145,2321.10304076
34459,134,146,14512.66177238
34460,134,147,18062.33586172
34461,134,148,26306.11844957
34462,134,149,18809.70835675
34463,134,150,32024.30397766
34464,134,151,20545.76946337
34465,134,152,25495.13588704
34466,134,153,18797.11535458
34467,134,154,17436.48243534
34468,134,155,29623.41179469
34469,134,156,22618.28247969
34470,134,157,18530.61522973
34471,134,158,33619.07345215
34472,134,159,23192.84141159
34473,134,160,30748.53827766
34474,134,161,28258.64399157
34475,134,162,27485.0497002
34476,134,163,21150.11342198
34477,134,164,24696.11202153
34478,134,165,19750.40735899
34479,134,166,21847.2964516
34480,134,167,17512.35221588
34481,134,168,50465.40608636
34482,134,169,48698.7736227
34483,134,170,49284.345625
34484,134,171,51598.61493747
34485,134,172,49404.3682123
34486,134,173,50258.78088199
34487,134,174,51779.34061602
34488,134,175,49636.76943094
34489,134,176,49756.57317258
34490,134,177,49075.61554515
34491,134,178,32344.85833242
34492,134,179,29404.42995152
34493,134,180,34150.00044857
34494,134,181,40320.64564631
34495,134,182,44616.44325547
34496,134,183,48825.44985641
34497,134,184,36936.94058223
34498,134,185,30993.42900745
34499,134,186,43281.76943913
34500,134,187,47705.68852451
34501,134,188,58046.45626721
34502,134,189,55252.8012493
34503,134,190,53334.51743169
34504,134,191,54721.07129675
34505,134,192,56281.03630906
34506,134,193,54519.49119779
34507,134,194,53968.87559781
34508,134,195,55595.93610933
34509,134,196,58525.18261766
34510,134,197,54039.49978862
34511,134,198,36340.92403006
34512,134,199,39367.44697974
34513,134,200,66952.50544007
34514,134,201,52098.18703962
34515,134,202,76165.42569545
34516,134,203,71554.76782331
34517,134,204,63531.34302937
34518,134,205,55846.51193483
34519,134,206,48166.90942504
34520,134,207,79870.09334987
34521,134,208,42265.85869933
34522,134,209,20080.79901756
34523,134,210,23684.2779617
34524,134,211,16034.83940864
34525,134,212,35408.03740674
34526,134,213,42789.49752353
34527,134,214,55553.68515254
34528,134,215,38137.77126572
34529,134,216,27474.59965634
34530,134,217,33135.02637421
34531,134,218,34405.81273337
34532,134,219,61422.95961542
34533,134,220,65233.18142519
34534,134,221,31157.9774629
34535,134,222,46569.37281716
34536,134,223,25323.13458062
34537,134,224,69429.41674309
34538,134,225,29720.4531823
34539,134,226,52156.19925332
34540,134,227,40800.44694502
34541,134,228,71271.6908177
34542,134,229,57279.10911789
34543,134,230,59202.08236556
34544,134,231,22857.17566476
34545,134,232,23184.84310367
34546,134,233,22496.48052683
34547,134,234,24300.77837297
34548,134,235,23612.68020319
34549,134,236,22078.42114159
34550,134,237,24046.45593039
34551,134,238,12059.97591627
34552,134,239,15301.29517576
34553,134,240,13871.51947907
34554,134,241,16680.86032997
34555,134,242,15065.49640091
34556,134,243,16350.10058419
34557,134,244,14912.52504718
34558,134,245,14164.21979247
34559,134,246,15665.36307111
34560,134,247,14154.93282488
34561,134,248,13946.84775501
34562,134,249,13504.40970695
34563,134,250,10628.13488454
34564,134,251,16326.95845526
34565,134,252,15445.68124577
34566,134,253,16059.04751119
34567,134,254,15401.26347312
34568,134,255,14618.61676113
34569,134,256,9351.46570971
34570,134,257,13387.22877429
34571,134,258,14759.60889956
34572,135,1,18207.16496698
34573,135,2,12226.37021091
34574,135,3,17949.25456303
34575,135,4,16583.30632668
34576,135,5,13129.22260314
34577,135,6,14384.83417107
34578,135,7,20653.8073218
34579,135,8,17457.51074115
34580,135,9,17579.63110378
34581,135,10,22055.54540365
34582,135,11,19983.08821267
34583,135,12,19072.4041734
34584,135,13,18259.46776173
34585,135,14,15655.02713715
34586,135,15,17427.25418462
34587,135,16,10804.23940166
34588,135,17,25830.13675839
34589,135,18,24823.81387978
34590,135,19,15608.78924719
34591,135,20,21216.70003
34592,135,21,28513.41259155
34593,135,22,7080.12992846
34594,135,23,12807.48647001
34595,135,24,13346.98055315
34596,135,25,19120.01521778
34597,135,26,9277.48222925
34598,135,27,27286.48595036
34599,135,28,22350.27334584
34600,135,29,10417.57485294
34601,135,30,23854.75319104
34602,135,31,14752.20280889
34603,135,32,18324.00095719
34604,135,33,30237.70065499
34605,135,34,19927.1633968
34606,135,35,16484.39528785
34607,135,36,5082.02235205
34608,135,37,4134.95323401
34609,135,38,14128.65236582
34610,135,39,12304.09511593
34611,135,40,36057.87936502
34612,135,41,28786.29954088
34613,135,42,25664.66307271
34614,135,43,41055.3160382
34615,135,44,28760.55407618
34616,135,45,24449.60811087
34617,135,46,26895.3327888
34618,135,47,46732.23602519
34619,135,48,47839.471666
34620,135,49,23133.53041792
34621,135,50,43213.18564808
34622,135,51,21105.92323022
34623,135,52,20660.43847331
34624,135,53,14901.3580562
34625,135,54,21206.26380535
34626,135,55,12989.69968314
34627,135,56,23529.6502129
34628,135,57,10274.59919136
34629,135,58,11526.38700312
34630,135,59,22045.03016886
34631,135,60,18804.02189996
34632,135,61,24920.01799548
34633,135,62,9979.75171573
34634,135,63,16542.20283879
34635,135,64,15614.44506291
34636,135,65,17655.9596689
34637,135,66,12741.70482048
34638,135,67,18177.00819423
34639,135,68,17999.81626019
34640,135,69,31635.7950249
34641,135,70,19479.27146463
34642,135,71,40095.88041249
34643,135,72,23462.04906666
34644,135,73,41970.9294985
34645,135,74,33039.98024383
34646,135,75,24683.80230384
34647,135,76,38025.15521315
34648,135,77,44441.3289736
34649,135,78,44110.98768902
34650,135,79,26019.453888
34651,135,80,36645.66198586
34652,135,81,35173.42885516
34653,135,82,26494.18810873
34654,135,83,23692.71957088
34655,135,84,37416.01916877
34656,135,85,28376.41217733
34657,135,86,22618.58716115
34658,135,87,18708.19465764
34659,135,88,20827.57932928
34660,135,89,25223.58480719
34661,135,90,18535.61084666
34662,135,91,19282.0055899
34663,135,92,19912.74632486
34664,135,93,16346.9160945
34665,135,94,17450.70075614
34666,135,95,19750.99006225
34667,135,96,23692.92504198
34668,135,97,27341.39434995
34669,135,98,26131.44608716
34670,135,99,19218.54294602
34671,135,100,22974.98627879
34672,135,101,19354.68850586
34673,135,102,18686.86147825
34674,135,103,28107.60512326
34675,135,104,21997.5992031
34676,135,105,19280.76893981
34677,135,106,17473.73032763
34678,135,107,19347.98734253
34679,135,108,24767.03075969
34680,135,109,20846.55496969
34681,135,110,31564.88318809
34682,135,111,25934.00008571
34683,135,112,18549.50700175
34684,135,113,32191.6282895
34685,135,114,22832.93611457
34686,135,115,33942.79236348
34687,135,116,17074.52581318
34688,135,117,20525.77585381
34689,135,118,29741.32089637
34690,135,119,35260.73816585
34691,135,120,27847.02918766
34692,135,121,21213.16908857
34693,135,122,30346.3429864
34694,135,123,16966.45263762
34695,135,124,16129.02163784
34696,135,125,20158.0433932
34697,135,126,28516.93144102
34698,135,127,17092.29973577
34699,135,128,21960.15127498
34700,135,129,21031.1066961
34701,135,130,16206.09592998
34702,135,131,32133.17758906
34703,135,132,15563.51226122
34704,135,133,32598.84098683
34705,135,134,4000.09627926
34706,135,135,0.0
34707,135,136,2735.89107257
34708,135,137,14248.17792428
34709,135,138,16381.27536492
34710,135,139,1213.13212674
34711,135,140,6579.46856381
34712,135,141,8461.02298886
34713,135,142,3243.74999771
34714,135,143,4972.58178539
34715,135,144,1716.95535163
34716,135,145,3969.30143966
34717,135,146,11894.59525112
34718,135,147,14081.62506482
34719,135,148,22418.6022469
34720,135,149,14843.12782508
34721,135,150,28197.05950472
34722,135,151,16602.95493215
34723,135,152,21611.65361894
34724,135,153,14830.13005381
34725,135,154,13436.38649869
34726,135,155,25713.60338572
34727,135,156,18955.33782788
34728,135,157,14538.27903756
34729,135,158,29800.53179066
34730,135,159,19590.48149211
34731,135,160,26878.49528532
34732,135,161,24352.8264678
34733,135,162,23586.7360436
34734,135,163,17364.15353861
34735,135,164,20809.15464406
34736,135,165,15832.56349369
34737,135,166,18092.72671296
34738,135,167,13520.24784255
34739,135,168,46566.7986886
34740,135,169,44767.73202715
34741,135,170,45374.53734911
34742,135,171,47714.82013117
34743,135,172,45577.17890873
34744,135,173,46417.36987294
34745,135,174,47927.00115534
34746,135,175,45900.24312337
34747,135,176,46102.58937043
34748,135,177,45277.10204748
34749,135,178,29622.48338826
34750,135,179,26374.75255336
34751,135,180,31524.56996642
34752,135,181,37666.94908932
34753,135,182,41927.43400177
34754,135,183,46239.34149509
34755,135,184,34297.04839685
34756,135,185,28065.8511311
34757,135,186,40620.75481032
34758,135,187,45079.47647693
34759,135,188,54151.86843577
34760,135,189,51486.33321866
34761,135,190,49827.16093367
34762,135,191,51028.42078571
34763,135,192,52420.19314888
34764,135,193,50861.70929839
34765,135,194,50380.66015125
34766,135,195,51775.80581051
34767,135,196,54593.39898905
34768,135,197,50591.91620618
34769,135,198,32340.88119366
34770,135,199,35367.35070586
34771,135,200,63042.14936133
34772,135,201,48117.3491653
34773,135,202,72308.76363918
34774,135,203,67678.5292222
34775,135,204,59605.29005727
34776,135,205,51906.52370716
34777,135,206,44172.45719811
34778,135,207,75995.10190217
34779,135,208,38269.45988222
34780,135,209,16412.09857887
34781,135,210,19779.97080513
34782,135,211,12764.33725405
34783,135,212,36956.03079891
34784,135,213,44496.91115142
34785,135,214,52159.03174288
34786,135,215,34659.74152686
34787,135,216,23839.17983589
34788,135,217,29547.99493528
34789,135,218,30895.07114329
34790,135,219,58310.12620443
34791,135,220,62211.25435835
34792,135,221,27456.92928974
34793,135,222,43033.90556241
34794,135,223,21573.16391792
34795,135,224,66505.0868848
34796,135,225,26107.81334958
34797,135,226,48673.17748599
34798,135,227,37271.39567601
34799,135,228,68399.61774188
34800,135,229,53988.26066422
34801,135,230,55995.14031897
34802,135,231,18953.23616442
34803,135,232,19273.82018942
34804,135,233,18600.30969626
34805,135,234,20366.29306712
34806,135,235,19692.307327
34807,135,236,18190.37271063
34808,135,237,20117.81626875
34809,135,238,12554.9524653
34810,135,239,12680.87121828
34811,135,240,13467.44078687
34812,135,241,12725.6566721
34813,135,242,11686.61551249
34814,135,243,12352.79743002
34815,135,244,13390.56636137
34816,135,245,12466.4984118
34817,135,246,14317.66596932
34818,135,247,11720.78359347
34819,135,248,12010.01898706
34820,135,249,13403.99879561
34821,135,250,11045.82041967
34822,135,251,13527.44828487
34823,135,252,11519.47426024
34824,135,253,12106.145886
34825,135,254,14299.14569134
34826,135,255,13824.91836358
34827,135,256,9995.05425293
34828,135,257,11145.84031091
34829,135,258,11092.38513038
34830,136,1,16068.992393
34831,136,2,10841.00582959
34832,136,3,15918.16381568
34833,136,4,14969.80045634
34834,136,5,11689.04786422
34835,136,6,12888.21565733
34836,136,7,18207.13215601
34837,136,8,15656.7646817
34838,136,9,15675.46670322
34839,136,10,19672.50710622
34840,136,11,17566.72230897
34841,136,12,16740.60006265
34842,136,13,16023.16486912
34843,136,14,14071.7665508
34844,136,15,15745.29985935
34845,136,16,9466.61406797
34846,136,17,23863.49254302
34847,136,18,22886.01640992
34848,136,19,13598.386346
34849,136,20,19422.26388155
34850,136,21,26522.87690535
34851,136,22,4365.90600458
34852,136,23,10377.10739794
34853,136,24,11127.04967312
34854,136,25,17265.03860354
34855,136,26,6639.60683077
34856,136,27,25313.03874799
34857,136,28,20498.77616636
34858,136,29,7795.41610132
34859,136,30,21948.1678275
34860,136,31,12670.45110545
34861,136,32,16438.94071378
34862,136,33,28251.41206281
34863,136,34,18144.34459648
34864,136,35,14545.33032834
34865,136,36,2364.5288493
34866,136,37,1430.8691406
34867,136,38,11987.97328588
34868,136,39,9805.60340692
34869,136,40,34052.63077584
34870,136,41,26720.37324993
34871,136,42,23362.22640553
34872,136,43,39111.50705998
34873,136,44,26642.17620456
34874,136,45,22159.04058692
34875,136,46,24615.70249995
34876,136,47,44788.39043004
34877,136,48,45891.06977168
34878,136,49,20764.62123018
34879,136,50,41284.12714729
34880,136,51,18706.19978315
34881,136,52,18190.77002994
34882,136,53,12296.87472698
34883,136,54,18699.48074593
34884,136,55,11323.88467692
34885,136,56,21013.9899453
34886,136,57,7560.13650052
34887,136,58,8797.45419609
34888,136,59,19527.02103328
34889,136,60,16353.41917648
34890,136,61,22487.86547693
34891,136,62,7514.03913237
34892,136,63,14014.03288814
34893,136,64,14099.34260412
34894,136,65,15147.44741675
34895,136,66,10062.98904279
34896,136,67,15453.67273546
34897,136,68,15264.34812071
34898,136,69,30613.69095859
34899,136,70,16903.59131685
34900,136,71,39398.17159232
34901,136,72,21478.04785733
34902,136,73,41239.29489836
34903,136,74,32065.32929841
34904,136,75,22853.61987913
34905,136,76,37312.48299268
34906,136,77,43498.05344927
34907,136,78,43328.80058894
34908,136,79,24357.02287621
34909,136,80,35813.72388029
34910,136,81,34333.36405798
34911,136,82,25167.72967407
34912,136,83,20991.34210911
34913,136,84,36642.5364443
34914,136,85,27177.59508884
34915,136,86,19912.06867791
34916,136,87,16040.80394573
34917,136,88,18104.5771464
34918,136,89,22518.47263845
34919,136,90,16132.92974633
34920,136,91,17158.08795046
34921,136,92,17326.45420357
34922,136,93,15255.74441403
34923,136,94,15961.14600284
34924,136,95,17445.81362851
34925,136,96,20957.63881534
34926,136,97,24613.77510793
34927,136,98,23400.59207073
34928,136,99,17597.90330761
34929,136,100,20248.98419663
34930,136,101,17337.60305622
34931,136,102,17115.14526225
34932,136,103,25387.98366375
34933,136,104,19319.47676891
34934,136,105,16762.327235
34935,136,106,16194.38791493
34936,136,107,17126.07171501
34937,136,108,22033.25180648
34938,136,109,18193.61683509
34939,136,110,28897.56321132
34940,136,111,23493.79621332
34941,136,112,17253.43149381
34942,136,113,29491.4554617
34943,136,114,20501.26818022
34944,136,115,31215.33163541
34945,136,116,14995.16111775
34946,136,117,19266.54457162
34947,136,118,27162.45732275
34948,136,119,32526.1917399
34949,136,120,25363.21384311
34950,136,121,19993.8229081
34951,136,122,27727.26470474
34952,136,123,14982.28536283
34953,136,124,14301.03507212
34954,136,125,17931.18263689
34955,136,126,25990.71603697
34956,136,127,14894.17176377
34957,136,128,20782.97933934
34958,136,129,18763.02521408
34959,136,130,14756.35178168
34960,136,131,29416.2876024
34961,136,132,13845.51293114
34962,136,133,29875.14834731
34963,136,134,6394.96756571
34964,136,135,2735.89107257
34965,136,136,0.0
34966,136,137,11651.67101402
34967,136,138,13826.17217684
34968,136,139,1533.54976175
34969,136,140,4029.97845378
34970,136,141,6082.42355807
34971,136,142,5333.19174564
34972,136,143,7584.37148423
34973,136,144,3741.19013938
34974,136,145,6702.26926163
34975,136,146,9345.373392
34976,136,147,12250.33748887
34977,136,148,20849.54137577
34978,136,149,12519.21247772
34979,136,150,26736.63724085
34980,136,151,14916.11865391
34981,136,152,20059.53634122
34982,136,153,13063.63542494
34983,136,154,11380.72858908
34984,136,155,24062.61017137
34985,136,156,16281.20628299
34986,136,157,12342.56850455
34987,136,158,28350.89327903
34988,136,159,16894.58648439
34989,136,160,25326.34414793
34990,136,161,22720.72089546
34991,136,162,21980.32869599
34992,136,163,14760.55765299
34993,136,164,19254.46465542
34994,136,165,13386.18343309
34995,136,166,15466.91938696
34996,136,167,11610.93748322
34997,136,168,44886.94343202
34998,136,169,43001.15053093
34999,136,170,43667.20528877
35000,136,171,46069.98436175
35001,136,172,44062.12779964
35002,136,173,44870.80853736
35003,136,174,46354.15814789
35004,136,175,44556.9157827
35005,136,176,44896.56802463
35006,136,177,43820.32216998
35007,136,178,26958.84422861
35008,136,179,23656.82199403
35009,136,180,28882.1486147
35010,136,181,35010.95152681
35011,136,182,39260.27472949
35012,136,183,43593.21419355
35013,136,184,31647.62967857
35014,136,185,25362.18687737
35015,136,186,37960.74691872
35016,136,187,42424.56329841
35017,136,188,51657.26401579
35018,136,189,48874.92682543
35019,136,190,47115.89400109
35020,136,191,48376.4699304
35021,136,192,49886.25096201
35022,136,193,48194.67365605
35023,136,194,47689.47680687
35024,136,195,49203.79306311
35025,136,196,52155.28637945
35026,136,197,47870.34207698
35027,136,198,30200.56127209
35028,136,199,33232.4804409
35029,136,200,60568.79872559
35030,136,201,45805.68061633
35031,136,202,69770.46003684
35032,136,203,65161.174391
35033,136,204,57156.73782147
35034,136,205,49484.10193348
35035,136,206,41935.79206279
35036,136,207,73476.22905135
35037,136,208,36054.29379623
35038,136,209,13738.32411934
35039,136,210,17306.24116516
35040,136,211,10032.39351987
35041,136,212,36502.17115623
35042,136,213,44119.10824271
35043,136,214,49430.99086388
35044,136,215,31940.7215477
35045,136,216,21157.11447067
35046,136,217,26852.30665429
35047,136,218,28181.14790619
35048,136,219,55577.70499715
35049,136,220,59485.48716037
35050,136,221,24804.56730323
35051,136,222,40327.83220738
35052,136,223,18946.01938144
35053,136,224,63789.74821186
35054,136,225,23418.82107942
35055,136,226,45957.14981764
35056,136,227,34562.84492115
35057,136,228,65691.17145705
35058,136,229,51253.32063959
35059,136,230,53259.410278
35060,136,231,16479.55838907
35061,136,232,16811.36228313
35062,136,233,16114.98302581
35063,136,234,17946.07422925
35064,136,235,17245.66249094
35065,136,236,15693.54468282
35066,136,237,17686.19343455
35067,136,238,14846.14114096
35068,136,239,13107.23533666
35069,136,240,15367.70542445
35070,136,241,11048.70972529
35071,136,242,11272.38240946
35072,136,243,10227.51374765
35073,136,244,14663.81801336
35074,136,245,13657.83454082
35075,136,246,15671.41159529
35076,136,247,12366.83519549
35077,136,248,13049.45959766
35078,136,249,15443.29294862
35079,136,250,13351.14218761
35080,136,251,13738.74136186
35081,136,252,9987.54663683
35082,136,253,9751.89825716
35083,136,254,15803.71513527
35084,136,255,15517.81517304
35085,136,256,12403.30198297
35086,136,257,11989.44860369
35087,136,258,10225.85771984
35088,137,1,14757.05209278
35089,137,2,15353.84065951
35090,137,3,15368.46401694
35091,137,4,17014.79247803
35092,137,5,15642.58633143
35093,137,6,16154.71806681
35094,137,7,13709.68090664
35095,137,8,16538.99320032
35096,137,9,15972.89322062
35097,137,10,15448.89748293
35098,137,11,13537.86869639
35099,137,12,13722.13014877
35100,137,13,14007.25062736
35101,137,14,16544.58409137
35102,137,15,17222.65658314
35103,137,16,14768.5777006
35104,137,17,22021.00488813
35105,137,18,21372.14221647
35106,137,19,14006.34146986
35107,137,20,19389.17330155
35108,137,21,24182.18045969
35109,137,22,8145.13868707
35110,137,23,9553.94617856
35111,137,24,11412.18164232
35112,137,25,17392.4480989
35113,137,26,7680.15842067
35114,137,27,23229.80901436
35115,137,28,19921.64445592
35116,137,29,7523.51990782
35117,137,30,20779.75406653
35118,137,31,13043.16939324
35119,137,32,16619.00008348
35120,137,33,25749.23891958
35121,137,34,18460.04022551
35122,137,35,15016.20727898
35123,137,36,9337.81241983
35124,137,37,10228.19642372
35125,137,38,12320.45055963
35126,137,39,8805.4164313
35127,137,40,30941.23739882
35128,137,41,23860.20326662
35129,137,42,19185.54617641
35130,137,43,36083.80494499
35131,137,44,23430.87029946
35132,137,45,18267.64890914
35133,137,46,20449.92715059
35134,137,47,41504.74582306
35135,137,48,42537.65718126
35136,137,49,16450.05041713
35137,137,50,38240.09643766
35138,137,51,14545.16267165
35139,137,52,13459.75892242
35140,137,53,8226.91312676
35141,137,54,13441.3390756
35142,137,55,7376.58158166
35143,137,56,15191.93939514
35144,137,57,4538.35697168
35145,137,58,5238.92616494
35146,137,59,13959.83920376
35147,137,60,12343.41499014
35148,137,61,17291.16992365
35149,137,62,4418.26356034
35150,137,63,10041.65469094
35151,137,64,9205.26110372
35152,137,65,10932.72876864
35153,137,66,6458.96522078
35154,137,67,5080.0822808
35155,137,68,5745.94737744
35156,137,69,24794.15851469
35157,137,70,5255.87122218
35158,137,71,34419.59515206
35159,137,72,12069.20136718
35160,137,73,36029.07305535
35161,137,74,26341.30154887
35162,137,75,14051.84352817
35163,137,76,32381.40671258
35164,137,77,37306.29769832
35165,137,78,37817.17993141
35166,137,79,16200.49537929
35167,137,80,30458.16740484
35168,137,81,29036.17569336
35169,137,82,18503.76441062
35170,137,83,12371.08353916
35171,137,84,31489.1772488
35172,137,85,20880.51619324
35173,137,86,11303.13252786
35174,137,87,4653.88620057
35175,137,88,9245.29850424
35176,137,89,13640.82475087
35177,137,90,12666.86597409
35178,137,91,15620.79871728
35179,137,92,11423.9232893
35180,137,93,19438.91764696
35181,137,94,18304.57070174
35182,137,95,14448.60473517
35183,137,96,11004.21956887
35184,137,97,13761.23975041
35185,137,98,12690.73142875
35186,137,99,18898.72712005
35187,137,100,10960.78858724
35188,137,101,16464.48006058
35189,137,102,18774.84342254
35190,137,103,14344.65128829
35191,137,104,11460.20616313
35192,137,105,11883.39147811
35193,137,106,19398.70405496
35194,137,107,14883.64487705
35195,137,108,11527.83031926
35196,137,109,11036.0178308
35197,137,110,20283.23753053
35198,137,111,18073.29283409
35199,137,112,20140.65376985
35200,137,113,20266.78166962
35201,137,114,16564.29896577
35202,137,115,21243.43974321
35203,137,116,14441.07010298
35204,137,117,21904.70070167
35205,137,118,19864.85003947
35206,137,119,22185.40599482
35207,137,120,19279.97493301
35208,137,121,22675.1559613
35209,137,122,19881.70503783
35210,137,123,15032.37127585
35211,137,124,15478.86504617
35212,137,125,15430.94862935
35213,137,126,19397.30687652
35214,137,127,13556.64604792
35215,137,128,23514.94861576
35216,137,129,15730.99629467
35217,137,130,17616.13019698
35218,137,131,19817.38612714
35219,137,132,15751.49875756
35220,137,133,20068.50989213
35221,137,134,16918.89357141
35222,137,135,14248.17792428
35223,137,136,11651.67101402
35224,137,137,0.0
35225,137,138,2244.19669263
35226,137,139,13133.50371943
35227,137,140,7668.74114969
35228,137,141,5991.49869078
35229,137,142,15631.26327794
35230,137,143,18419.74074265
35231,137,144,14520.84402748
35232,137,145,18029.48188163
35233,137,146,2406.23288572
35234,137,147,14218.28765811
35235,137,148,21745.3239161
35236,137,149,11261.42909391
35237,137,150,27358.27747173
35238,137,151,16619.1392355
35239,137,152,21184.16576622
35240,137,153,15020.17774301
35241,137,154,12551.84605608
35242,137,155,24028.97199813
35243,137,156,9201.40270009
35244,137,157,12128.00346474
35245,137,158,28857.95321728
35246,137,159,9140.56248724
35247,137,160,25647.39293633
35248,137,161,22982.70719617
35249,137,162,22493.49662919
35250,137,163,9461.05001261
35251,137,164,20522.63844927
35252,137,165,10598.1061377
35253,137,166,9549.10815895
35254,137,167,13472.34406413
35255,137,168,43127.09217589
35256,137,169,40835.88625565
35257,137,170,41806.14631892
35258,137,171,44454.75265623
35259,137,172,43216.6430027
35260,137,173,43827.32829637
35261,137,174,45113.80499205
35262,137,175,44558.70657835
35263,137,176,45546.80838764
35264,137,177,43284.86371597
35265,137,178,15439.98166967
35266,137,179,12618.6241413
35267,137,180,17295.29176194
35268,137,181,23453.91430128
35269,137,182,27734.43741387
35270,137,183,32007.26903615
35271,137,184,20075.60526171
35272,137,185,14109.19754198
35273,137,186,26413.00884268
35274,137,187,30859.80281623
35275,137,188,44233.5926887
35276,137,189,40367.21648293
35277,137,190,37267.75651631
35278,137,191,39403.40448558
35279,137,192,42140.60667283
35280,137,193,39028.96469313
35281,137,194,38182.58716467
35282,137,195,41102.72332549
35283,137,196,45202.29133498
35284,137,197,37791.78851952
35285,137,198,26481.20800454
35286,137,199,29314.23280532
35287,137,200,53179.21313357
35288,137,201,40009.79015812
35289,137,202,61716.23832726
35290,137,203,57338.22597566
35291,137,204,50024.87030069
35292,137,205,42719.41016946
35293,137,206,36830.66413171
35294,137,207,65559.4591007
35295,137,208,31387.32439025
35296,137,209,7639.89063056
35297,137,210,12767.46918408
35298,137,211,3567.7771473
35299,137,212,32729.20589551
35300,137,213,40280.29039362
35301,137,214,39164.46905984
35302,137,215,22200.33982648
35303,137,216,12940.24110065
35304,137,217,17854.11990395
35305,137,218,18709.43214194
35306,137,219,44597.44511632
35307,137,220,48347.2078858
35308,137,221,16716.95699088
35309,137,222,30678.72045292
35310,137,223,12058.91554642
35311,137,224,52513.66563315
35312,137,225,14812.56265394
35313,137,226,36025.01796227
35314,137,227,24991.21617671
35315,137,228,54352.85728298
35316,137,229,40678.35841174
35317,137,230,42475.48353227
35318,137,231,12187.92865867
35319,137,232,12536.00790383
35320,137,233,11815.40724628
35321,137,234,13778.33559385
35322,137,235,13006.08334143
35323,137,236,11410.86453801
35324,137,237,13475.36358374
35325,137,238,26403.56871696
35326,137,239,22002.7479459
35327,137,240,26539.78384437
35328,137,241,14292.47456921
35329,137,242,18605.84057242
35330,137,243,11659.21099652
35331,137,244,24971.08346932
35332,137,245,23902.6155172
35333,137,246,26050.33342636
35334,137,247,21796.18743094
35335,137,248,23095.91222836
35336,137,249,26770.80541273
35337,137,250,24927.99606773
35338,137,251,22071.51654866
35339,137,252,14338.19690398
35340,137,253,10006.9035696
35341,137,254,26416.21326451
35342,137,255,26417.5178201
35343,137,256,24034.02406222
35344,137,257,21817.09679409
35345,137,258,16668.50408491
35346,138,1,16050.74556453
35347,138,2,17348.1762262
35348,138,3,16755.520927
35349,138,4,18696.9941998
35350,138,5,17578.64687856
35351,138,6,18006.23975873
35352,138,7,14426.17683343
35353,138,8,18086.2680102
35354,138,9,17460.70958438
35355,138,10,16125.57076819
35356,138,11,14373.67779149
35357,138,12,14761.09060877
35358,138,13,15220.64430156
35359,138,14,18294.99895071
35360,138,15,18824.50048664
35361,138,16,16840.45435566
35362,138,17,22933.52424721
35363,138,18,22363.92543079
35364,138,19,15607.71200383
35365,138,20,20695.29231326
35366,138,21,24943.90031672
35367,138,22,10389.31446853
35368,138,23,11322.63975253
35369,138,24,13164.57902422
35370,138,25,18795.23390295
35371,138,26,9847.77182503
35372,138,27,24064.62473345
35373,138,28,21121.71654649
35374,138,29,9594.72443871
35375,138,30,21851.22808923
35376,138,31,14695.82941776
35377,138,32,18061.25905345
35378,138,33,26444.33455869
35379,138,34,19851.94510897
35380,138,35,16573.88969789
35381,138,36,11535.9115325
35382,138,37,12410.68665395
35383,138,38,14014.27774094
35384,138,39,10632.02628721
35385,138,40,31421.47758398
35386,138,41,24526.11580037
35387,138,42,19708.59521346
35388,138,43,36515.52546457
35389,138,44,24035.17358092
35390,138,45,18889.08760737
35391,138,46,20932.43155803
35392,138,47,41831.60556101
35393,138,48,42841.58830555
35394,138,49,17055.25587249
35395,138,50,38645.99727042
35396,138,51,15287.14744302
35397,138,52,14137.25366771
35398,138,53,9590.35123842
35399,138,54,13989.12615532
35400,138,55,7913.49000472
35401,138,56,15487.40297176
35402,138,57,6777.59249046
35403,138,58,7273.55009789
35404,138,59,14393.86204141
35405,138,60,13270.8279893
35406,138,61,17647.45495999
35407,138,62,6433.43782104
35408,138,63,11193.11539428
35409,138,64,9095.60389132
35410,138,65,11937.37287616
35411,138,66,8223.40240624
35412,138,67,4600.87114626
35413,138,68,5677.48483725
35414,138,69,23596.51847755
35415,138,70,3109.64088577
35416,138,71,33270.5255033
35417,138,72,10301.51360234
35418,138,73,34818.74009458
35419,138,74,25138.44293992
35420,138,75,12391.60191265
35421,138,76,31263.41989068
35422,138,77,35892.00637758
35423,138,78,36532.68313064
35424,138,79,14647.40989503
35425,138,80,29275.70057155
35426,138,81,27884.08523912
35427,138,82,17255.71042765
35428,138,83,11942.70337279
35429,138,84,30336.00800664
35430,138,85,19656.34126418
35431,138,86,10951.1010486
35432,138,87,3218.3506709
35433,138,88,8970.12245745
35434,138,89,13043.98338243
35435,138,90,13687.56285746
35436,138,91,16829.62121943
35437,138,92,11955.87596049
35438,138,93,21294.25684935
35439,138,94,19981.19729544
35440,138,95,15446.32962858
35441,138,96,10082.2883656
35442,138,97,12263.05400397
35443,138,98,11300.71534861
35444,138,99,20419.59028518
35445,138,100,10351.43677221
35446,138,101,17746.73379139
35447,138,102,20348.69789244
35448,138,103,12724.73905419
35449,138,104,11375.19663644
35450,138,105,12644.04945312
35451,138,106,21147.73365486
35452,138,107,16003.40772754
35453,138,108,10292.60881376
35454,138,109,11224.49382596
35455,138,110,19557.29960245
35456,138,111,18341.62626622
35457,138,112,21833.37998597
35458,138,113,19330.82282017
35459,138,114,17249.40253309
35460,138,115,20011.47651513
35461,138,116,15876.29979444
35462,138,117,23525.04724373
35463,138,118,19561.15984767
35464,138,119,20793.15478248
35465,138,120,19333.27904965
35466,138,121,24284.67805625
35467,138,122,19412.43623177
35468,138,123,16528.37503854
35469,138,124,17111.36743154
35470,138,125,16471.61187516
35471,138,126,19308.61675813
35472,138,127,14917.30545101
35473,138,128,25114.33019642
35474,138,129,16650.19560125
35475,138,130,19375.62501581
35476,138,131,18752.97584188
35477,138,132,17464.65408385
35478,138,133,18919.95237821
35479,138,134,18887.58557628
35480,138,135,16381.27536492
35481,138,136,13826.17217684
35482,138,137,2244.19669263
35483,138,138,0.0
35484,138,139,15289.21867137
35485,138,140,9814.42707232
35486,138,141,8000.03545502
35487,138,142,17597.56372737
35488,138,143,20410.88775487
35489,138,144,16563.92357791
35490,138,145,20103.61773437
35491,138,146,4487.80372628
35492,138,147,16006.1827334
35493,138,148,23126.68337544
35494,138,149,12804.15101787
35495,138,150,28579.92803431
35496,138,151,18272.84125902
35497,138,152,22613.95677409
35498,138,153,16770.23931717
35499,138,154,14336.55976758
35500,138,155,25209.31025085
35501,138,156,9607.19639794
35502,138,157,13759.95896648
35503,138,158,30036.63775775
35504,138,159,9318.0052105
35505,138,160,26851.87483372
35506,138,161,24235.24378021
35507,138,162,23797.56909163
35508,138,163,10360.97428608
35509,138,164,21990.98968428
35510,138,165,11934.69237325
35511,138,166,10269.81340237
35512,138,167,15285.15661165
35513,138,168,43744.18269851
35514,138,169,41393.46412353
35515,138,170,42414.43628891
35516,138,171,45089.38623839
35517,138,172,44003.94883381
35518,138,173,44573.68639601
35519,138,174,45814.27699119
35520,138,175,45487.61280304
35521,138,176,46580.68593333
35522,138,177,44127.79110645
35523,138,178,13480.72307499
35524,138,179,11037.34912192
35525,138,180,15262.47345908
35526,138,181,21433.06307048
35527,138,182,25729.96531119
35528,138,183,29949.95860123
35529,138,184,18049.35986143
35530,138,185,12361.62136169
35531,138,186,24394.18428039
35532,138,187,28821.35121956
35533,138,188,43578.91513522
35534,138,189,39438.98773309
35535,138,190,35943.72460641
35536,138,191,38344.31533478
35537,138,192,41413.10155205
35538,138,193,37913.58300829
35539,138,194,36965.19890586
35540,138,195,40284.62606135
35541,138,196,44662.93226396
35542,138,197,36387.23889785
35543,138,198,26909.83481343
35544,138,199,29648.95711403
35545,138,200,52490.03958204
35546,138,201,39790.93542128
35547,138,202,60826.56065999
35548,138,203,56522.12761589
35549,138,204,49414.94778675
35550,138,205,42243.08442293
35551,138,206,36802.83532457
35552,138,207,64695.6304582
35553,138,208,31524.36283308
35554,138,209,8581.03337861
35555,138,210,13540.33121282
35556,138,211,5492.41812367
35557,138,212,31842.51259463
35558,138,213,39305.50805532
35559,138,214,37688.96819297
35560,138,215,21042.58396601
35561,138,216,12626.56273965
35562,138,217,17057.01281333
35563,138,218,17716.25365828
35564,138,219,42839.66829362
35565,138,220,46517.77106929
35566,138,221,16270.35287827
35567,138,222,29462.55359825
35568,138,223,12248.85202649
35569,138,224,50618.72722728
35570,138,225,14263.02344856
35571,138,226,34678.90028399
35572,138,227,23857.32291455
35573,138,228,52427.22374956
35574,138,229,39086.53141595
35575,138,230,40799.90184073
35576,138,231,13063.71834183
35577,138,232,13388.05935974
35578,138,233,12720.29718308
35579,138,234,14566.72196841
35580,138,235,13831.23869657
35581,138,236,12355.15976223
35582,138,237,14274.15252168
35583,138,238,28615.28068441
35584,138,239,24190.92791297
35585,138,240,28780.78008177
35586,138,241,16211.23754702
35587,138,242,20735.49508736
35588,138,243,13530.74983962
35589,138,244,27207.15075797
35590,138,245,26138.30220317
35591,138,246,28287.18955431
35592,138,247,24009.32612798
35593,138,248,25327.30519356
35594,138,249,29005.81733464
35595,138,250,27135.18420784
35596,138,251,24228.61010952
35597,138,252,16352.55575112
35598,138,253,11871.55360724
35599,138,254,28657.82649071
35600,138,255,28661.71448173
35601,138,256,26224.29876688
35602,138,257,24044.45037107
35603,138,258,18772.44263684
35604,139,1,17168.57444214
35605,139,2,11452.86681476
35606,139,3,16948.84849132
35607,139,4,15736.79240659
35608,139,5,12338.66118147
35609,139,6,13577.18820552
35610,139,7,19511.62341066
35611,139,8,16541.57074447
35612,139,9,16625.26622829
35613,139,10,20934.94784596
35614,139,11,18850.43427587
35615,139,12,17967.32950779
35616,139,13,17186.43690306
35617,139,14,14817.81686015
35618,139,15,16556.32605862
35619,139,16,10040.97866969
35620,139,17,24861.20735324
35621,139,18,23865.0168068
35622,139,19,14612.12796482
35623,139,20,20308.76635252
35624,139,21,27537.13626031
35625,139,22,5866.99850253
35626,139,23,11664.60258908
35627,139,24,12272.85412805
35628,139,25,18186.37636
35629,139,26,8075.4708802
35630,139,27,26315.93954663
35631,139,28,21421.90807844
35632,139,29,9219.73191366
35633,139,30,22906.94920678
35634,139,31,13728.46809755
35635,139,32,17377.91782569
35636,139,33,29263.91751591
35637,139,34,19021.96499568
35638,139,35,15515.27752029
35639,139,36,3894.18213207
35640,139,37,2952.22028626
35641,139,38,13083.10447867
35642,139,39,11140.34885374
35643,139,40,35079.25654452
35644,139,41,27781.93056951
35645,139,42,24573.28188582
35646,139,43,40101.68374617
35647,139,44,27736.74521961
35648,139,45,23361.8413755
35649,139,46,25812.46415965
35650,139,47,45779.94946055
35651,139,48,46885.6519054
35652,139,49,22018.18034759
35653,139,50,42265.80260999
35654,139,51,19979.31167411
35655,139,52,19510.89012206
35656,139,53,13710.02232788
35657,139,54,20045.25043142
35658,139,55,12302.2872091
35659,139,56,22366.54294603
35660,139,57,9090.80182171
35661,139,58,10314.20388751
35662,139,59,20880.80001321
35663,139,60,17659.69539612
35664,139,61,23784.14789363
35665,139,62,8923.97918702
35666,139,63,15372.85347864
35667,139,64,15003.08500784
35668,139,65,16493.02842603
35669,139,66,11533.07176232
35670,139,67,16986.7820352
35671,139,68,16795.41134257
35672,139,69,31271.19717228
35673,139,70,18377.7722913
35674,139,71,39883.02739071
35675,139,72,22650.13245798
35676,139,73,41743.81636695
35677,139,74,32697.91162254
35678,139,75,23944.38565693
35679,139,76,37804.38879664
35680,139,77,44119.91781105
35681,139,78,43862.13907711
35682,139,79,25358.55060679
35683,139,80,36370.42715502
35684,139,81,34893.55398045
35685,139,82,25987.03034993
35686,139,83,22481.17665814
35687,139,84,37167.56287578
35688,139,85,27929.01168124
35689,139,86,21406.37169331
35690,139,87,17555.64424731
35691,139,88,19614.50183423
35692,139,89,24011.58052826
35693,139,90,17406.60508236
35694,139,91,18249.67527889
35695,139,92,18727.78828698
35696,139,93,15706.33951604
35697,139,94,16654.25126022
35698,139,95,18655.45447885
35699,139,96,22483.87655704
35700,139,97,26147.31772035
35701,139,98,24933.98631356
35702,139,99,18374.53618225
35703,139,100,21762.10754563
35704,139,101,18361.17625132
35705,139,102,17860.90029277
35706,139,103,26920.5968853
35707,139,104,20790.01643294
35708,139,105,18115.50616745
35709,139,106,16760.4776552
35710,139,107,18280.97259691
35711,139,108,23565.81094638
35712,139,109,19644.38463561
35713,139,110,30360.05161808
35714,139,111,24795.76660193
35715,139,112,17832.06846977
35716,139,113,30980.40555294
35717,139,114,21730.1461255
35718,139,115,32730.03560454
35719,139,116,16055.48534483
35720,139,117,19827.05079364
35721,139,118,28560.05445768
35722,139,119,34050.64869133
35723,139,120,26694.99812908
35724,139,121,20531.76486469
35725,139,122,29153.66940843
35726,139,123,15981.66589321
35727,139,124,15200.27625654
35728,139,125,19089.97129921
35729,139,126,27351.53200849
35730,139,127,16031.29729602
35731,139,128,21297.10927741
35732,139,129,19949.26274918
35733,139,130,15422.15335658
35734,139,131,30920.15333055
35735,139,132,14674.72993204
35736,139,133,31385.76337666
35737,139,134,5073.40515842
35738,139,135,1213.13212674
35739,139,136,1533.54976175
35740,139,137,13133.50371943
35741,139,138,15289.21867137
35742,139,139,0.0
35743,139,140,5474.81329824
35744,139,141,7439.6020659
35745,139,142,4151.12597419
35746,139,143,6148.69904217
35747,139,144,2524.99836015
35748,139,145,5181.7036161
35749,139,146,10802.06585491
35750,139,147,13146.69267161
35751,139,148,21599.45591606
35752,139,149,13736.69361217
35753,139,150,27427.05037853
35754,139,151,15728.42552689
35755,139,152,20798.08034806
35756,139,153,13921.25888436
35757,139,154,12418.98567889
35758,139,155,24865.90388635
35759,139,156,17748.33872321
35760,139,157,13474.51468132
35761,139,158,29036.14234671
35762,139,159,18379.61004511
35763,139,160,26070.79407534
35764,139,161,23511.1942366
35765,139,162,22754.34211583
35766,139,163,16173.82558213
35767,139,164,19993.40586131
35768,139,165,14687.69587972
35769,139,166,16896.78989996
35770,139,167,12555.25920771
35771,139,168,45718.03461285
35772,139,169,43884.14693947
35773,139,170,44514.53659115
35774,139,171,46880.31747677
35775,139,172,44794.17035063
35776,139,173,45621.91502119
35777,139,174,47121.40010453
35778,139,175,45187.11215262
35779,139,176,45445.96346251
35780,139,177,44517.56577919
35781,139,178,28473.20069396
35782,139,179,25189.08693112
35783,139,180,30387.99815743
35784,139,181,36522.65874237
35785,139,182,40776.48541619
35786,139,183,45101.23646431
35787,139,184,33156.52939083
35788,139,185,26890.77647866
35789,139,186,39474.14608366
35790,139,187,43936.08138064
35791,139,188,52998.9607411
35792,139,189,50296.7586338
35793,139,190,48614.61917679
35794,139,191,49827.78589082
35795,139,192,51254.35970587
35796,139,193,49657.36937059
35797,139,194,49171.14920768
35798,139,195,50597.97913536
35799,139,196,53459.60163482
35800,139,197,49378.78409892
35801,139,198,31310.40233687
35802,139,199,34339.84834106
35803,139,200,61896.759823
35804,139,201,47027.528704
35805,139,202,71142.15599756
35806,139,203,66518.62497772
35807,139,204,58468.18743033
35808,139,205,50777.95395115
35809,139,206,43109.32340527
35810,139,207,74834.91037199
35811,139,208,37213.10631606
35812,139,209,15204.91285921
35813,139,210,18628.76980949
35814,139,211,11565.72216681
35815,139,212,36850.38336444
35816,139,213,44429.36165706
35817,139,214,50946.31824393
35818,139,215,33446.6395141
35819,139,216,22630.91482357
35820,139,217,28337.43831004
35821,139,218,29682.22695451
35822,139,219,57110.70088829
35823,139,220,61018.97407342
35824,139,221,26255.42617088
35825,139,222,41821.94310022
35826,139,223,20377.45986632
35827,139,224,65321.68564928
35828,139,225,24898.33203832
35829,139,226,47460.23414598
35830,139,227,36059.09842825
35831,139,228,67221.47474204
35832,139,229,52778.52782694
35833,139,230,54789.54380882
35834,139,231,17801.67875577
35835,139,232,18125.95758403
35836,139,233,17444.94456804
35837,139,234,19232.57183611
35838,139,235,18549.69281055
35839,139,236,17031.25980282
35840,139,237,18980.25801311
35841,139,238,13479.46974494
35842,139,239,12679.3379586
35843,139,240,14185.30264293
35844,139,241,11843.45583435
35845,139,242,11306.132228
35846,139,243,11308.51519919
35847,139,244,13793.18154217
35848,139,245,12825.35449308
35849,139,246,14762.87250153
35850,139,247,11815.38432713
35851,139,248,12293.06162265
35852,139,249,14194.35788714
35853,139,250,11975.70529132
35854,139,251,13432.65270347
35855,139,252,10686.25750649
35856,139,253,10985.86494541
35857,139,254,14818.70254594
35858,139,255,14437.53596984
35859,139,256,10981.59657382
35860,139,257,11330.07776177
35861,139,258,10518.44745701
35862,140,1,15102.80128976
35863,140,2,11769.18412798
35864,140,3,15217.40466952
35865,140,4,15191.72182601
35866,140,5,12447.66568498
35867,140,6,13454.55970478
35868,140,7,16294.89383449
35869,140,8,15473.43667191
35870,140,9,15272.21340454
35871,140,10,17919.60403347
35872,140,11,15770.08642394
35873,140,12,15227.18633561
35874,140,13,14804.72825974
35875,140,14,14402.03252788
35876,140,15,15795.75795975
35877,140,16,10619.99081631
35878,140,17,23063.20819778
35879,140,18,22169.68383312
35880,140,19,13071.9997394
35881,140,20,19101.29171106
35882,140,21,25621.08277393
35883,140,22,2660.80038346
35884,140,23,8929.070054
35885,140,24,10259.83740465
35886,140,25,16896.47556478
35887,140,26,4792.78302512
35888,140,27,24469.75452265
35889,140,28,20027.07049202
35890,140,29,5825.23716372
35891,140,30,21321.22877545
35892,140,31,12036.6293004
35893,140,32,16041.39840437
35894,140,33,27332.21784314
35895,140,34,17891.27126923
35896,140,35,14124.57917582
35897,140,36,1917.68191342
35898,140,37,2651.63053716
35899,140,38,11258.19229554
35900,140,39,8161.11910645
35901,140,40,33022.67672094
35902,140,41,25646.13801241
35903,140,42,21759.22587553
35904,140,43,38169.72484679
35905,140,44,25447.32120071
35906,140,45,20611.63331034
35907,140,46,23051.77098902
35908,140,47,43809.06207773
35909,140,48,44896.00917326
35910,140,49,19027.60627545
35911,140,50,40357.69215172
35912,140,51,16928.10289377
35913,140,52,16203.20175766
35914,140,53,10003.48691226
35915,140,54,16571.61673365
35916,140,55,8104.80613651
35917,140,56,18806.03308118
35918,140,57,3977.26220854
35919,140,58,5797.11771918
35920,140,59,17340.51749316
35921,140,60,14485.90710628
35922,140,61,20526.71565221
35923,140,62,3491.69444855
35924,140,63,11962.01907301
35925,140,64,10962.25661923
35926,140,65,13122.20567785
35927,140,66,7484.43216528
35928,140,67,11797.63757506
35929,140,68,11790.9315144
35930,140,69,27799.41892628
35931,140,70,12905.17162948
35932,140,71,36917.65794545
35933,140,72,17702.48065798
35934,140,73,38705.7238149
35935,140,74,29296.16273835
35936,140,75,19209.86021314
35937,140,76,34826.96579248
35938,140,77,40697.43955395
35939,140,78,40722.23443797
35940,140,79,20869.99918634
35941,140,80,33190.42561022
35942,140,81,31711.04751451
35943,140,82,22045.04874702
35944,140,83,17945.58774155
35945,140,84,34085.75402918
35946,140,85,24184.0454989
35947,140,86,16840.91699154
35948,140,87,12160.46380361
35949,140,88,14908.34899346
35950,140,89,19431.57856912
35951,140,90,14428.22434509
35952,140,91,16182.38131776
35953,140,92,14929.43284993
35954,140,93,16351.77316953
35955,140,94,16360.87558306
35956,140,95,15983.58236499
35957,140,96,17532.28753533
35958,140,97,20956.32173446
35959,140,98,19780.38738502
35960,140,99,17684.374841
35961,140,100,16996.32373396
35962,140,101,16609.04091001
35963,140,102,17313.15289636
35964,140,103,21670.85380908
35965,140,104,16441.72792959
35966,140,105,14645.22089514
35967,140,106,16945.38422957
35968,140,107,15902.08024908
35969,140,108,18462.80453912
35970,140,109,15471.79383126
35971,140,110,25986.96369325
35972,140,111,21490.80122565
35973,140,112,17930.97461534
35974,140,113,26392.48736754
35975,140,114,18877.21400573
35976,140,115,27886.72145413
35977,140,116,14224.77462014
35978,140,117,19931.70091295
35979,140,118,24644.21673679
35980,140,119,29080.58346168
35981,140,120,23195.386676
35982,140,121,20701.51561331
35983,140,122,25044.7002503
35984,140,123,14436.07969804
35985,140,124,14134.25668374
35986,140,125,16665.64807851
35987,140,126,23673.93516121
35988,140,127,13829.56091277
35989,140,128,21535.97274339
35990,140,129,17361.04980368
35991,140,130,15288.75799636
35992,140,131,26196.54839701
35993,140,132,13930.80026147
35994,140,133,26591.78634523
35995,140,134,9509.77185166
35996,140,135,6579.46856381
35997,140,136,4029.97845378
35998,140,137,7668.74114969
35999,140,138,9814.42707232
36000,140,139,5474.81329824
36001,140,140,0.0
36002,140,141,2165.12551929
36003,140,142,8253.94298686
36004,140,143,10937.04078868
36005,140,144,6967.75757561
36006,140,145,10400.50207742
36007,140,146,5327.32820386
36008,140,147,12217.01668904
36009,140,148,20923.21391986
36010,140,149,11241.42781347
36011,140,150,26875.5685888
36012,140,151,15000.01277321
36013,140,152,20187.98363918
36014,140,153,13103.55424263
36015,140,154,10915.13329753
36016,140,155,23902.46809904
36017,140,156,13481.91497469
36018,140,157,11440.83798487
36019,140,158,28482.14644097
36020,140,159,13943.98677173
36021,140,160,25325.51419729
36022,140,161,22627.01547353
36023,140,162,21953.59220935
36024,140,163,12364.34125203
36025,140,164,19403.98916432
36026,140,165,11662.63224273
36027,140,166,12944.23466246
36028,140,167,11462.99592139
36029,140,168,44432.59114897
36030,140,169,42391.6623855
36031,140,170,43168.14087529
36032,140,171,45674.55838722
36033,140,172,43917.40922067
36034,140,173,44663.94807967
36035,140,174,46090.39099382
36036,140,175,44710.23031949
36037,140,176,45278.19507029
36038,140,177,43781.14114844
36039,140,178,23061.97199439
36040,140,179,19933.25852848
36041,140,180,24950.44707081
36042,140,181,31098.72659984
36043,140,182,35366.68140231
36044,140,183,39665.20127688
36045,140,184,27725.66593786
36046,140,185,21570.93436865
36047,140,186,34054.69281461
36048,140,187,38509.65341878
36049,140,188,49298.21879084
36050,140,189,46129.28483577
36051,140,190,43892.64473915
36052,140,191,45466.67617207
36053,140,192,47408.68669825
36054,140,193,45216.67396132
36055,140,194,44589.47897627
36056,140,195,46600.52315293
36057,140,196,49960.9607022
36058,140,197,44565.62557938
36059,140,198,28905.58358121
36060,140,199,31917.71420031
36061,140,200,58251.89541976
36062,140,201,43975.1591059
36063,140,202,67239.86956698
36064,140,203,62703.30554189
36065,140,204,54919.25554194
36066,140,205,47342.58118353
36067,140,206,40312.57784093
36068,140,207,71001.56352049
36069,140,208,34522.90852854
36070,140,209,11011.02370252
36071,140,210,15330.17480361
36072,140,211,6559.17462999
36073,140,212,34354.85059741
36074,140,213,42019.58552095
36075,140,214,46060.40970115
36076,140,215,28693.20927055
36077,140,216,18232.32001867
36078,140,217,23796.47492685
36079,140,218,24991.08966579
36080,140,219,51938.14892791
36081,140,220,55781.73632517
36082,140,221,21998.56345049
36083,140,222,37153.29252361
36084,140,223,16335.38556662
36085,140,224,60026.40235193
36086,140,225,20429.78804944
36087,140,226,42700.7872995
36088,140,227,31387.39802802
36089,140,228,61899.26204338
36090,140,229,47769.62881506
36091,140,230,49696.90767739
36092,140,231,14529.8736568
36093,140,232,14888.81490222
36094,140,233,14137.39056651
36095,140,234,16125.88411612
36096,140,235,15361.77085098
36097,140,236,13690.20298036
36098,140,237,15837.48753622
36099,140,238,18872.74926391
36100,140,239,16102.46397203
36101,140,240,19292.37888231
36102,140,241,11432.07449538
36103,140,242,13511.4315291
36104,140,243,9703.38088507
36105,140,244,18266.98234498
36106,140,245,17225.57555664
36107,140,246,19311.29456687
36108,140,247,15573.6693079
36109,140,248,16528.64882072
36110,140,249,19416.31984028
36111,140,250,17379.60781712
36112,140,251,16510.53806091
36113,140,252,10750.90296806
36114,140,253,8626.4790569
36115,140,254,19532.68425322
36116,140,255,19349.83282441
36117,140,256,16430.80567896
36118,140,257,15359.38007173
36119,140,258,11989.08382335
36120,141,1,15851.53302887
36121,141,2,13412.96485233
36122,141,3,16099.21467913
36123,141,4,16493.52842074
36124,141,5,14016.77380155
36125,141,6,14929.91562759
36126,141,7,16464.88412194
36127,141,8,16594.5207365
36128,141,9,16296.70304082
36129,141,10,18156.85144271
36130,141,11,16025.47981545
36131,141,12,15668.07299205
36132,141,13,15425.12138069
36133,141,14,15764.70760743
36134,141,15,17012.99848506
36135,141,16,12365.10012261
36136,141,17,23764.88199658
36137,141,18,22925.11184843
36138,141,19,14097.42528093
36139,141,20,20093.03503486
36140,141,21,26243.27892764
36141,141,22,4275.63837265
36142,141,23,9669.92101283
36143,141,24,11231.24291657
36144,141,25,17903.19519645
36145,141,26,5769.04813722
36146,141,27,25133.98936587
36147,141,28,20932.8407876
36148,141,29,6555.12842925
36149,141,30,22132.60255078
36150,141,31,13045.83485054
36151,141,32,17051.60693243
36152,141,33,27930.28030681
36153,141,34,18934.15935319
36154,141,35,15169.33589137
36155,141,36,4082.67315468
36156,141,37,4769.01008053
36157,141,38,12251.50071028
36158,141,39,8843.92614979
36159,141,40,33522.1352744
36160,141,41,26175.0722324
36161,141,42,22028.22381338
36162,141,43,38691.65893868
36163,141,44,25911.46062397
36164,141,45,20929.38653879
36165,141,46,23328.36287762
36166,141,47,44289.60521609
36167,141,48,45364.52688659
36168,141,49,19255.13228567
36169,141,50,40879.05892704
36170,141,51,17169.26242285
36171,141,52,16326.4817821
36172,141,53,10135.57110921
36173,141,54,16593.83630326
36174,141,55,6149.08935395
36175,141,56,18732.22890987
36176,141,57,3503.35485598
36177,141,58,5707.8340919
36178,141,59,17307.44987253
36179,141,60,14729.71542482
36180,141,61,20589.97423478
36181,141,62,1575.72013675
36182,141,63,12169.78540159
36183,141,64,8993.53599533
36184,141,65,13305.29665597
36185,141,66,7579.23753193
36186,141,67,10592.47941029
36187,141,68,10803.87109499
36188,141,69,25864.47803072
36189,141,70,11109.623301
36190,141,71,35089.16087826
36191,141,72,15537.39593006
36192,141,73,36853.81212252
36193,141,74,27374.25933288
36194,141,75,17053.21197941
36195,141,76,33000.65662761
36196,141,77,38746.23598928
36197,141,78,38840.09264815
36198,141,79,18739.98696409
36199,141,80,31314.56225446
36200,141,81,29838.74628572
36201,141,82,20016.35791014
36202,141,83,17249.00709313
36203,141,84,32233.40132841
36204,141,85,22193.94388961
36205,141,86,16139.62182524
36206,141,87,10622.30875158
36207,141,88,14129.61202554
36208,141,89,18679.66973533
36209,141,90,14775.52624865
36210,141,91,16900.56211001
36211,141,92,14801.9749108
36212,141,93,17964.58162987
36213,141,94,17713.04065402
36214,141,95,16436.03083213
36215,141,96,16490.09576829
36216,141,97,19635.34742205
36217,141,98,18509.88077691
36218,141,99,18883.18228982
36219,141,100,16128.81838919
36220,141,101,17445.79649439
36221,141,102,18565.86278416
36222,141,103,20276.13198104
36223,141,104,15911.0525267
36224,141,105,14720.87448454
36225,141,106,18425.05400318
36226,141,107,16492.05095767
36227,141,108,17258.65518454
36228,141,109,15086.27429103
36229,141,110,25318.13218585
36230,141,111,21513.98088332
36231,141,112,19368.62481553
36232,141,113,25567.98981762
36233,141,114,19176.13124302
36234,141,115,26854.41872179
36235,141,116,15097.36801106
36236,141,117,21339.66728815
36237,141,118,24281.5291312
36238,141,119,27934.47932821
36239,141,120,23089.83908028
36240,141,121,22117.90632542
36241,141,122,24558.23433835
36242,141,123,15413.18910721
36243,141,124,15294.24330074
36244,141,125,17215.37889079
36245,141,126,23462.29714577
36246,141,127,14561.10080539
36247,141,128,22961.85837972
36248,141,129,17818.81578691
36249,141,130,16712.70450653
36250,141,131,25270.32829709
36251,141,132,15204.41395498
36252,141,133,25607.12471667
36253,141,134,10927.71302345
36254,141,135,8461.02298886
36255,141,136,6082.42355807
36256,141,137,5991.49869078
36257,141,138,8000.03545502
36258,141,139,7439.6020659
36259,141,140,2165.12551929
36260,141,141,0.0
36261,141,142,9639.82246989
36262,141,143,12433.11176348
36263,141,144,8563.93212416
36264,141,145,12107.84656879
36265,141,146,3585.43458034
36266,141,147,13489.3381645
36267,141,148,22071.39493418
36268,141,149,11951.38378307
36269,141,150,27997.18046465
36270,141,151,16248.15704659
36271,141,152,21369.3471701
36272,141,153,14379.99295796
36273,141,154,12046.9592035
36274,141,155,24911.81638966
36275,141,156,13084.07765847
36276,141,157,12341.25841262
36277,141,158,29589.08523372
36278,141,159,13406.71231213
36279,141,160,26395.84418629
36280,141,161,23680.20395275
36281,141,162,23044.77170714
36282,141,163,12315.35200334
36283,141,164,20604.76691373
36284,141,165,12093.92032936
36285,141,166,12780.86972616
36286,141,167,12712.786018
36287,141,168,45186.36043863
36288,141,169,43072.78930402
36289,141,170,43903.2309505
36290,141,171,46454.32497278
36291,141,172,44825.96153272
36292,141,173,45540.05110583
36293,141,174,46934.47771487
36294,141,175,45757.87529256
36295,141,176,46428.72480038
36296,141,177,44740.82371685
36297,141,178,21421.73176056
36298,141,179,18541.64410028
36299,141,180,23248.73886957
36300,141,181,29415.85907625
36301,141,182,33705.0574933
36302,141,183,37947.06380543
36303,141,184,26033.74931295
36304,141,185,20084.91073436
36305,141,186,32376.62009822
36306,141,187,36812.82192703
36307,141,188,48931.84275887
36308,141,189,45500.57294592
36309,141,190,42898.56426934
36310,141,191,44717.64781637
36311,141,192,46966.37154482
36312,141,193,44416.06251574
36313,141,194,43694.45864168
36314,141,195,46072.6769192
36315,141,196,49701.94867917
36316,141,197,43501.29011396
36317,141,198,29284.30165493
36318,141,199,32264.87409918
36319,141,200,57895.73839608
36320,141,201,43963.0308485
36321,141,202,66726.7687982
36322,141,203,62245.75132914
36323,141,204,54621.45206005
36324,141,205,47124.39780244
36325,141,206,40438.97440027
36326,141,207,70522.240567
36327,141,208,34729.7312718
36328,141,209,10759.34273944
36329,141,210,15481.6380828
36330,141,211,5842.52704029
36331,141,212,32667.05171887
36332,141,213,40334.30182964
36333,141,214,44936.10864729
36334,141,215,27728.76338627
36335,141,216,17633.05657202
36336,141,217,23026.96876242
36337,141,218,24098.58886934
36338,141,219,50553.95677986
36339,141,220,54327.72178068
36340,141,221,21446.93441388
36341,141,222,36217.23914869
36342,141,223,16017.60730399
36343,141,224,58504.64627867
36344,141,225,19748.60851337
36345,141,226,41681.54318389
36346,141,227,30471.96849947
36347,141,228,60344.00943878
36348,141,229,46540.74539103
36349,141,230,48391.14632733
36350,141,231,14719.58686354
36351,141,232,15086.35752083
36352,141,233,14320.08234651
36353,141,234,16358.18660922
36354,141,235,15571.9485808
36355,141,236,13869.44326735
36356,141,237,16058.4856322
36357,141,238,20909.8163227
36358,141,239,18211.02176021
36359,141,240,21419.8847449
36360,141,241,12894.87387422
36361,141,242,15488.97039612
36362,141,243,10865.57013838
36363,141,244,20431.98223306
36364,141,245,19390.09000069
36365,141,246,21476.40140568
36366,141,247,17712.41864617
36367,141,248,18689.98781092
36368,141,249,21520.35485713
36369,141,250,19409.16363532
36370,141,251,18579.03552431
36371,141,252,12369.73451053
36372,141,253,9563.10189893
36373,141,254,21695.06065939
36374,141,255,21500.91564332
36375,141,256,18419.89661731
36376,141,257,17514.42426131
36377,141,258,13871.99864861
36378,142,1,21313.36234471
36379,142,2,15470.11522237
36380,142,3,21099.97082251
36381,142,4,19820.29917609
36382,142,5,16372.59198267
36383,142,6,17627.21583293
36384,142,7,23539.66783116
36385,142,8,20670.31363142
36386,142,9,20769.3936431
36387,142,10,25003.50594203
36388,142,11,22899.74379844
36389,142,12,22061.67154201
36390,142,13,21313.06725802
36391,142,14,18893.64402401
36392,142,15,20658.12430775
36393,142,16,14047.97548219
36394,142,17,29009.82515562
36395,142,18,28011.32826587
36396,142,19,18763.16824725
36397,142,20,24434.23536748
36398,142,21,31687.05778799
36399,142,22,9549.25327406
36400,142,23,15709.58632921
36401,142,24,16402.84982033
36402,142,25,22323.53045459
36403,142,26,11916.17251336
36404,142,27,30464.93203002
36405,142,28,25557.43862389
36406,142,29,13078.16795005
36407,142,30,27050.00406162
36408,142,31,17877.85421025
36409,142,32,21519.55915136
36410,142,33,33413.55729796
36411,142,34,23145.69873532
36412,142,35,19662.95142368
36413,142,36,7319.13390291
36414,142,37,6433.97076264
36415,142,38,17227.0071471
36416,142,39,15135.88366045
36417,142,40,39229.6576661
36418,142,41,31932.64506049
36419,142,42,28678.93616148
36420,142,43,44247.5311065
36421,142,44,31884.24613079
36422,142,45,27471.94551036
36423,142,46,29926.29845418
36424,142,47,49925.59997679
36425,142,48,51031.74313454
36426,142,49,26094.13556867
36427,142,50,46409.92285367
36428,142,51,24038.50619326
36429,142,52,23520.95006437
36430,142,53,17575.8968398
36431,142,54,24021.36969681
36432,142,55,12744.49148754
36433,142,56,26331.63486414
36434,142,57,12218.00167401
36435,142,58,13821.26115844
36436,142,59,24844.72617713
36437,142,60,21685.9795167
36438,142,61,27820.77055931
36439,142,62,11214.31219125
36440,142,63,19332.80787829
36441,142,64,15043.04512228
36442,142,65,20471.22077295
36443,142,66,15256.36021936
36444,142,67,20039.31795487
36445,142,68,20040.86541257
36446,142,69,30158.89391469
36447,142,70,20698.12196524
36448,142,71,38216.77724376
36449,142,72,23394.91147664
36450,142,73,40118.26923397
36451,142,74,31498.24477199
36452,142,75,24354.09466782
36453,142,76,36171.24589819
36454,142,77,42803.19598129
36455,142,78,42301.95593228
36456,142,79,25422.6278469
36457,142,80,34923.91127457
36458,142,81,33469.17911023
36459,142,82,25437.48406681
36460,142,83,26072.23632051
36461,142,84,35628.21403262
36462,142,85,27138.93553972
36463,142,86,24977.17634187
36464,142,87,20251.90256784
36465,142,88,23093.50209799
36466,142,89,27580.89629645
36467,142,90,21465.01569074
36468,142,91,22396.14963413
36469,142,92,22609.25434573
36470,142,93,19564.10797482
36471,142,94,20694.16487698
36472,142,95,22760.45099786
36473,142,96,25781.64276823
36474,142,97,29180.54905241
36475,142,98,28018.14572049
36476,142,99,22456.59501275
36477,142,100,25206.03889934
36478,142,101,22512.21325363
36479,142,102,21927.850774
36480,142,103,29865.2627408
36481,142,104,24472.07940626
36482,142,105,22081.85368041
36483,142,106,20710.51211437
36484,142,107,22411.18938181
36485,142,108,26711.78572599
36486,142,109,23398.52052715
36487,142,110,34055.33898541
36488,142,111,28826.16471533
36489,142,112,21786.71416763
36490,142,113,34557.04800367
36491,142,114,25824.05364523
36492,142,115,36126.72488803
36493,142,116,20205.22748373
36494,142,117,23758.15767197
36495,142,118,32440.44145898
36496,142,119,37334.3269591
36497,142,120,30688.57052966
36498,142,121,24440.52373051
36499,142,122,32964.69296603
36500,142,123,20131.93540176
36501,142,124,19334.61218398
36502,142,125,23219.05139582
36503,142,126,31301.54010593
36504,142,127,20166.46410827
36505,142,128,25181.23032547
36506,142,129,24066.96838857
36507,142,130,19449.83153283
36508,142,131,34406.91372495
36509,142,132,18787.67959811
36510,142,133,34820.8576302
36511,142,134,1290.02388917
36512,142,135,3243.74999771
36513,142,136,5333.19174564
36514,142,137,15631.26327794
36515,142,138,17597.56372737
36516,142,139,4151.12597419
36517,142,140,8253.94298686
36518,142,141,9639.82246989
36519,142,142,0.0
36520,142,143,2833.55983181
36521,142,144,1627.59009277
36522,142,145,3148.50845921
36523,142,146,13225.07676053
36524,142,147,17282.93769926
36525,142,148,25660.79499639
36526,142,149,17834.89076968
36527,142,150,31439.98039683
36528,142,151,19832.46474565
36529,142,152,24854.31226973
36530,142,153,18045.50364141
36531,142,154,16569.45254177
36532,142,155,28951.74296465
36533,142,156,21452.41626909
36534,142,157,17609.79687865
36535,142,158,33042.904634
36536,142,159,22008.13403161
36537,142,160,30121.81416895
36538,142,161,27592.00290109
36539,142,162,26827.36449704
36540,142,163,20033.96536011
36541,142,164,24051.55529933
36542,142,165,18719.29912087
36543,142,166,20716.20963711
36544,142,167,16701.2944169
36545,142,168,49805.79776126
36546,142,169,47997.2703814
36547,142,170,48611.05098548
36548,142,171,50956.19177838
36549,142,172,48820.51883118
36550,142,173,49661.1038809
36551,142,174,51170.66622014
36552,142,175,49131.96061184
36553,142,176,49314.42688748
36554,142,177,48518.27774829
36555,142,178,31055.45692323
36556,142,179,28127.70415731
36557,142,180,32859.98422583
36558,142,181,39030.62289322
36559,142,182,43326.44749422
36560,142,183,47536.01200984
36561,142,184,35646.91998089
36562,142,185,29710.36280753
36563,142,186,41991.7471655
36564,142,187,46415.83715157
36565,142,188,56974.80580046
36566,142,189,54108.99681846
36567,142,190,52112.86094111
36568,142,191,53549.01785915
36569,142,192,55186.19963264
36570,142,193,53336.12502026
36571,142,194,52765.95703726
36572,142,195,54477.67282056
36573,142,196,57486.04828174
36574,142,197,52806.00103546
36575,142,198,35455.65212199
36576,142,199,38485.80942698
36577,142,200,65892.22494162
36578,142,201,51128.54745157
36579,142,202,75065.15106985
36580,142,203,70467.82027714
36581,142,204,62485.7550661
36582,142,205,54816.48990742
36583,142,206,47236.14021677
36584,142,207,78781.41739734
36585,142,208,41345.32662721
36586,142,209,18920.55534344
36587,142,210,22636.11081431
36588,142,211,14795.10784408
36589,142,212,34853.8551394
36590,142,213,42295.1416188
36591,142,214,54310.90250405
36592,142,215,36913.90685027
36593,142,216,26295.18141331
36594,142,217,31938.33783067
36595,142,218,33190.27852392
36596,142,219,60147.35227577
36597,142,220,63951.44115968
36598,142,221,29997.21264741
36599,142,222,45355.27292873
36600,142,223,24185.88918382
36601,142,224,68143.11965251
36602,142,225,28532.75926951
36603,142,226,50929.77276244
36604,142,227,39586.51017397
36605,142,228,69983.74358259
36606,142,229,56021.41977694
36607,142,230,57934.85113446
36608,142,231,21809.72663511
36609,142,232,22142.82672935
36610,142,233,21443.39981834
36611,142,234,23279.21062945
36612,142,235,22578.32950358
36613,142,236,21019.83611524
36614,142,237,23019.35336282
36615,142,238,12988.30285029
36616,142,239,15340.7575265
36617,142,240,14597.90345571
36618,142,241,15951.02682804
36619,142,242,14767.12764071
36620,142,243,15453.80101728
36621,142,244,15329.31067037
36622,142,245,14519.76392763
36623,142,246,16140.85573327
36624,142,247,14257.80184036
36625,142,248,14222.50732823
36626,142,249,14304.7968687
36627,142,250,11523.73115741
36628,142,251,16299.79552997
36629,142,252,14757.39956735
36630,142,253,15071.7961326
36631,142,254,15947.63444849
36632,142,255,15246.54472487
36633,142,256,10281.86263671
36634,142,257,13553.7329564
36635,142,258,14292.48893305
36636,143,1,23058.36875777
36637,143,2,16641.36060457
36638,143,3,22740.41571503
36639,143,4,21089.93225644
36640,143,5,17562.96051623
36641,143,6,18835.1867275
36642,143,7,25619.72469079
36643,143,8,22097.4903366
36644,143,9,22291.50162629
36645,143,10,27005.14698709
36646,143,11,24943.15945818
36647,143,12,24008.55343331
36648,143,13,23158.89567374
36649,143,14,20151.54015613
36650,143,15,21977.29411842
36651,143,16,15229.15303038
36652,143,17,30540.9997965
36653,143,18,29517.25218395
36654,143,19,20402.96273624
36655,143,20,25820.00938473
36656,143,21,33232.94289101
36657,143,22,11940.87426981
36658,143,23,17775.63759483
36659,143,24,18257.0632949
36660,143,25,23785.12835697
36661,143,26,14213.85181644
36662,143,27,31997.19339604
36663,143,28,26990.64031904
36664,143,29,15363.21763782
36665,143,30,28529.11179013
36666,143,31,19591.68902254
36667,143,32,23016.82008858
36668,143,33,34949.03512123
36669,143,34,24531.37625149
36670,143,35,21228.12387319
36671,143,36,9795.92632113
36672,143,37,8864.64945202
36673,143,38,19000.9881972
36674,143,39,17276.6494873
36675,143,40,40770.25455502
36676,143,41,33559.38415906
36677,143,42,30580.31627487
36678,143,43,45708.46428534
36679,143,44,33569.01427735
36680,143,45,29361.47996758
36681,143,46,31798.97093954
36682,143,47,51376.35673744
36683,143,48,52485.98741818
36684,143,49,28077.71927918
36685,143,50,47850.02404873
36686,143,51,26061.04414299
36687,143,52,25629.86166511
36688,143,53,19857.48136467
36689,143,54,26178.65235975
36690,143,55,15479.84958296
36691,143,56,28502.18521627
36692,143,57,14858.84891367
36693,143,58,16328.88019974
36694,143,59,27017.60958725
36695,143,60,23771.37829946
36696,143,61,29881.19439106
36697,143,62,14008.8313874
36698,143,63,21514.26776985
36699,143,64,17673.67433175
36700,143,65,22628.52671642
36701,143,66,17647.04199864
36702,143,67,22732.92491039
36703,143,68,22675.08291455
36704,143,69,32257.19379439
36705,143,70,23514.81411628
36706,143,71,39983.39375264
36707,143,72,26119.80602703
36708,143,73,41900.56097815
36709,143,74,33547.13449807
36710,143,75,27007.53854569
36711,143,76,37966.3733584
36712,143,77,44745.0711309
36713,143,78,44113.39165063
36714,143,79,27983.8714966
36715,143,80,36828.65582206
36716,143,81,35393.13720202
36717,143,82,27800.37835843
36718,143,83,28560.48614141
36719,143,84,37478.88181605
36720,143,85,29397.31499265
36721,143,86,27475.86401555
36722,143,87,23022.56836965
36723,143,88,25637.50517158
36724,143,89,30082.84005101
36725,143,90,23493.54388212
36726,143,91,24121.10349483
36727,143,92,24876.48655673
36728,143,93,20385.9394562
36729,143,94,21840.78071446
36730,143,95,24676.15680934
36731,143,96,28406.73538461
36732,143,97,31893.2969612
36733,143,98,30715.82047437
36734,143,99,23697.82663306
36735,143,100,27769.37288945
36736,143,101,24129.36366431
36737,143,102,23130.79100922
36738,143,103,32600.45059356
36739,143,104,26902.39670468
36740,143,105,24253.33278843
36741,143,106,21671.6493803
36742,143,107,24237.78724173
36743,143,108,29389.7522591
36744,143,109,25776.73103543
36745,143,110,36481.72800773
36746,143,111,30896.63241099
36747,143,112,22743.90703923
36748,143,113,37059.36461275
36749,143,114,27764.02682534
36750,143,115,38720.64540977
36751,143,116,21898.81191777
36752,143,117,24651.86246973
36753,143,118,34708.37067652
36754,143,119,39974.8194226
36755,143,120,32816.89964282
36756,143,121,25288.15853685
36757,143,122,35299.34406673
36758,143,123,21735.00022415
36759,143,124,20801.92366478
36760,143,125,25048.10992113
36761,143,126,33489.51269586
36762,143,127,21977.88323516
36763,143,128,25979.96668024
36764,143,129,25938.39090544
36765,143,130,20582.43486483
36766,143,131,36957.50240888
36767,143,132,20164.56629694
36768,143,133,37396.63214126
36769,143,134,1563.5959111
36770,143,135,4972.58178539
36771,143,136,7584.37148423
36772,143,137,18419.74074265
36773,143,138,20410.88775487
36774,143,139,6148.69904217
36775,143,140,10937.04078868
36776,143,141,12433.11176348
36777,143,142,2833.55983181
36778,143,143,0.0
36779,143,144,3981.48865435
36780,143,145,1719.45280448
36781,143,146,16014.30229713
36782,143,147,18780.48249095
36783,143,148,26819.87438582
36784,143,149,19784.50540403
36785,143,150,32446.13027556
36786,143,151,21166.96751354
36787,143,152,26005.37511945
36788,143,153,19475.68076722
36789,143,154,18272.15679154
36790,143,155,30163.37841224
36791,143,156,23865.14079561
36792,143,157,19433.08058881
36793,143,158,34027.44050475
36794,143,159,24470.01092067
36795,143,160,31227.7004678
36796,143,161,28795.10537196
36797,143,162,28011.73958188
36798,143,163,22321.55308271
36799,143,164,25213.5733669
36800,143,165,20800.75431873
36801,143,166,23040.35971661
36802,143,167,18274.40174175
36803,143,168,50963.1908973
36804,143,169,49253.51434657
36805,143,170,49801.1440085
36806,143,171,52072.8863267
36807,143,172,49803.65593545
36808,143,173,50675.39891929
36809,143,174,52209.17020179
36810,143,175,49933.76695239
36811,143,176,49973.52018343
36812,143,177,49440.77121041
36813,143,178,33854.84183668
36814,143,179,30862.53259384
36815,143,180,35672.47622654
36816,143,181,41842.11590011
36817,143,182,46134.94384078
36818,143,183,50356.17728295
36819,143,184,38458.87375951
36820,143,185,32471.64765273
36821,143,186,44803.22292293
36822,143,187,49232.03107615
36823,143,188,59121.34463688
36824,143,189,56444.07700948
36825,143,190,54664.37360819
36826,143,191,55960.34915431
36827,143,192,57392.77283949
36828,143,193,55778.58228345
36829,143,194,55263.28230217
36830,143,195,56745.28954655
36831,143,196,59550.02419764
36832,143,197,55392.68077127
36833,143,198,37157.08299921
36834,143,199,40175.37616729
36835,143,200,68007.35091566
36836,143,201,53022.42721222
36837,143,202,77281.34495457
36838,143,203,72650.30061586
36839,143,204,64564.49255089
36840,143,205,56858.5150538
36841,143,206,49037.27480546
36842,143,207,80966.91139234
36843,143,208,43125.78744006
36844,143,209,21322.48445758
36845,143,210,24750.10387907
36846,143,211,17418.16509589
36847,143,212,36433.73409359
36848,143,213,43748.13814966
36849,143,214,56925.85991634
36850,143,215,39475.55169623
36851,143,216,28738.64819183
36852,143,217,34425.01097596
36853,143,218,35729.28471392
36854,143,219,62874.00437358
36855,143,220,66703.7954327
36856,143,221,32388.00157784
36857,143,222,47886.20543814
36858,143,223,26520.82434659
36859,143,224,70918.34407544
36860,143,225,30996.85092992
36861,143,226,53495.57575073
36862,143,227,42118.57581366
36863,143,228,72769.33200005
36864,143,229,58684.11938162
36865,143,230,60630.26130345
36866,143,231,23923.57214293
36867,143,232,24242.71415845
36868,143,233,23571.78433986
36869,143,234,25326.9995275
36870,143,235,24658.63089601
36871,143,236,23162.59551639
36872,143,237,25081.120581
36873,143,238,10772.53538764
36874,143,239,15027.04148563
36875,143,240,12798.03614171
36876,143,241,17342.98254285
36877,143,242,15203.67062393
36878,143,243,17229.80205916
36879,143,244,14191.03691475
36880,143,245,13522.1365109
36881,143,246,14869.03996398
36882,143,247,13815.86778771
36883,143,248,13402.38462855
36884,143,249,12349.68588768
36885,143,250,9387.17843142
36886,143,251,16124.01582187
36887,143,252,16063.46816819
36888,143,253,17061.767111
36889,143,254,14524.25890465
36890,143,255,13652.77182074
36891,143,256,8082.68395138
36892,143,257,12980.24774558
36893,143,258,15107.80174984
36894,144,1,19686.0132232
36895,144,2,13899.57531402
36896,144,3,19473.27639005
36897,144,4,18225.90501846
36898,144,5,14796.37554066
36899,144,6,16045.4389904
36900,144,7,21943.10971824
36901,144,8,19056.7148814
36902,144,9,19148.18010026
36903,144,10,23395.33134254
36904,144,11,21296.79464116
36905,144,12,20445.93416311
36906,144,13,19689.14095517
36907,144,14,17302.1303413
36908,144,15,19056.30838671
36909,144,16,12480.00395516
36910,144,17,27385.9031996
36911,144,18,26388.92655849
36912,144,19,17136.91454591
36913,144,20,22822.37279451
36914,144,21,30062.11084188
36915,144,22,8029.37112882
36916,144,23,14105.65266895
36917,144,24,14777.91356228
36918,144,25,20706.00001705
36919,144,26,10363.58410723
36920,144,27,28840.73746661
36921,144,28,23940.81999773
36922,144,29,11523.26554135
36923,144,30,25429.49176204
36924,144,31,16250.3170339
36925,144,32,19899.70904418
36926,144,33,31788.85415773
36927,144,34,21534.55723972
36928,144,35,18039.61830633
36929,144,36,5839.49560643
36930,144,37,4923.34599094
36931,144,38,15599.71964902
36932,144,39,13545.1594638
36933,144,40,37604.25209493
36934,144,41,30305.39541677
36935,144,42,27060.6667312
36936,144,43,42625.49066262
36937,144,44,30256.68610237
36938,144,45,25852.4230431
36939,144,46,28305.90192077
36940,144,47,48303.6966918
36941,144,48,49409.56619647
36942,144,49,24483.96867774
36943,144,50,44788.93452678
36944,144,51,22432.89389328
36945,144,52,21929.7691549
36946,144,53,16025.14262126
36947,144,54,22440.66475621
36948,144,55,12355.44273103
36949,144,56,24755.03028807
36950,144,57,10877.66336362
36951,144,58,12372.13611583
36952,144,59,23268.04779136
36953,144,60,20089.47515052
36954,144,61,26222.43322975
36955,144,62,10134.03640637
36956,144,63,17755.05694364
36957,144,64,14836.38471536
36958,144,65,18888.57047074
36959,144,66,13745.41482358
36960,144,67,18757.36707405
36961,144,68,18693.7634834
36962,144,69,30480.39896887
36963,144,70,19673.45202996
36964,144,71,38775.91084468
36965,144,72,22964.16349841
36966,144,73,40662.8988722
36967,144,74,31857.74709442
36968,144,75,24055.93178039
36969,144,76,36714.37571843
36970,144,77,43225.35464973
36971,144,78,42822.20407886
36972,144,79,25262.79716514
36973,144,80,35389.26392775
36974,144,81,33923.33020987
36975,144,82,25520.64148693
36976,144,83,24617.61023487
36977,144,84,36132.35678366
36978,144,85,27323.38953836
36979,144,86,23528.37265485
36980,144,87,19093.24660096
36981,144,88,21673.35501296
36982,144,89,26134.78581231
36983,144,90,19859.15716159
36984,144,91,20768.64169511
36985,144,92,21057.43319248
36986,144,93,18056.2079263
36987,144,94,19117.45142582
36988,144,95,21141.95714211
36989,144,96,24426.31875786
36990,144,97,27921.49902946
36991,144,98,26739.75952528
36992,144,99,20863.2956412
36993,144,100,23800.18329358
36994,144,101,20885.95528299
36995,144,102,20340.64051637
36996,144,103,28638.36984249
36997,144,104,22985.89262046
36998,144,105,20503.45470964
36999,144,106,19168.63076211
37000,144,107,20786.50929081
37001,144,108,25410.12497251
37002,144,109,21887.93683862
37003,144,110,32570.06207334
37004,144,111,27229.86605817
37005,144,112,20243.62249928
37006,144,113,33112.59819335
37007,144,114,24208.80607246
37008,144,115,34745.62796878
37009,144,116,18577.72664152
37010,144,117,22225.07694886
37011,144,118,30892.68332441
37012,144,119,35993.70269231
37013,144,120,29103.97823888
37014,144,121,22916.40393382
37015,144,122,31440.046194
37016,144,123,18506.66182466
37017,144,124,17718.31399199
37018,144,125,21594.65245278
37019,144,126,29730.90284474
37020,144,127,18540.67606969
37021,144,128,23666.98647209
37022,144,129,22445.31270375
37023,144,130,17877.46893051
37024,144,131,32993.46677906
37025,144,132,17180.86985044
37026,144,133,33425.60966381
37027,144,134,2664.90402278
37028,144,135,1716.95535163
37029,144,136,3741.19013938
37030,144,137,14520.84402748
37031,144,138,16563.92357791
37032,144,139,2524.99836015
37033,144,140,6967.75757561
37034,144,141,8563.93212416
37035,144,142,1627.59009277
37036,144,143,3981.48865435
37037,144,144,0.0
37038,144,145,3575.65822288
37039,144,146,12122.35223855
37040,144,147,15665.60188898
37041,144,148,24076.57088946
37042,144,149,16217.55336647
37043,144,150,29876.51227303
37044,144,151,18229.58222573
37045,144,152,23272.04473144
37046,144,153,16433.70708142
37047,144,154,14942.1429814
37048,144,155,27357.65761232
37049,144,156,19956.33718636
37050,144,157,15983.8924806
37051,144,158,31482.20089826
37052,144,159,20537.20768898
37053,144,160,28542.49405515
37054,144,161,25999.91910463
37055,144,162,25238.46254893
37056,144,163,18487.12924253
37057,144,164,22468.35510876
37058,144,165,17120.31661649
37059,144,166,19182.64986952
37060,144,167,15078.90866705
37061,144,168,48211.9349174
37062,144,169,46391.87141167
37063,144,170,47013.24636383
37064,144,171,49367.61075059
37065,144,172,47253.12809105
37066,144,173,48088.30921959
37067,144,174,49593.6315143
37068,144,175,47598.52234358
37069,144,176,47812.19326754
37070,144,177,46961.64144444
37071,144,178,29959.95623802
37072,144,179,26900.69149191
37073,144,180,31806.90681373
37074,144,181,37971.02289161
37075,144,182,42254.84032529
37076,144,183,46509.67668098
37077,144,184,34590.4252643
37078,144,185,28527.77823066
37079,144,186,40931.05496438
37080,144,187,45372.1691426
37081,144,188,55398.41588983
37082,144,189,52587.89886836
37083,144,190,50701.56969712
37084,144,191,52059.41897952
37085,144,192,53624.41249762
37086,144,193,51861.34461539
37087,144,194,51320.60146035
37088,144,195,52933.48815688
37089,144,196,55893.08166784
37090,144,197,51420.17604139
37091,144,198,33828.3069342
37092,144,199,36858.3874074
37093,144,200,64309.70620758
37094,144,201,49512.26421405
37095,144,202,73507.39983769
37096,144,203,68900.97614846
37097,144,204,60895.84745934
37098,144,205,53219.53836509
37099,144,206,45612.72061425
37100,144,207,77215.7772673
37101,144,208,39720.53701707
37102,144,209,17417.89365064
37103,144,210,21045.50096787
37104,144,211,13436.96800184
37105,144,212,35544.49635746
37106,144,213,43050.07818313
37107,144,214,52947.87209749
37108,144,215,35508.52254291
37109,144,216,24816.26242601
37110,144,217,30484.26178282
37111,144,218,31768.78727749
37112,144,219,58904.73992208
37113,144,220,62748.05423394
37114,144,221,28494.55263637
37115,144,222,43929.85709028
37116,144,223,22658.2712734
37117,144,224,66981.74286596
37118,144,225,27065.33557837
37119,144,226,49528.40574105
37120,144,227,38161.26543287
37121,144,228,68844.72261571
37122,144,229,54702.6747904
37123,144,230,56652.00817749
37124,144,231,20218.65512074
37125,144,232,20549.23182911
37126,144,233,19855.06829857
37127,144,234,21677.11492286
37128,144,235,20981.3663372
37129,144,236,19434.30274624
37130,144,237,21419.41306518
37131,144,238,13079.87598203
37132,144,239,14253.29144209
37133,144,240,14348.03260132
37134,144,241,14345.95293746
37135,144,242,13392.79499452
37136,144,243,13826.34887526
37137,144,244,14655.85728415
37138,144,245,13780.07705372
37139,144,246,15533.51147151
37140,144,247,13241.83282428
37141,144,248,13393.10895142
37142,144,249,14170.62213281
37143,144,250,11579.80209048
37144,144,251,15143.29284919
37145,144,252,13166.21982132
37146,144,253,13456.92538273
37147,144,254,15433.43115884
37148,144,255,14849.03421185
37149,144,256,10418.70892696
37150,144,257,12610.76217161
37151,144,258,12807.26200017
37152,145,1,21663.64548057
37153,145,2,15068.74572739
37154,145,3,21302.12754186
37155,145,4,19529.00318667
37156,145,5,15991.66884023
37157,145,6,17263.98053645
37158,145,7,24392.73335395
37159,145,8,20582.4923115
37160,145,9,20809.03852401
37161,145,10,25727.93779342
37162,145,11,23696.14223097
37163,145,12,22709.9521572
37164,145,13,21811.11146319
37165,145,14,18590.03443603
37166,145,15,20428.45204567
37167,145,16,13666.41707761
37168,145,17,29043.8598004
37169,145,18,28012.87298953
37170,145,19,18972.78903393
37171,145,20,24282.66935418
37172,145,21,31737.23226731
37173,145,22,11047.53063812
37174,145,23,16575.57143147
37175,145,24,16935.38952392
37176,145,25,22277.14935629
37177,145,26,13208.5108646
37178,145,27,30498.30401266
37179,145,28,25466.19660836
37180,145,29,14335.56258423
37181,145,30,27017.18221151
37182,145,31,18196.61597198
37183,145,32,21523.29491547
37184,145,33,33447.53528198
37185,145,34,22996.71807358
37186,145,35,19765.23589013
37187,145,36,9029.78591384
37188,145,37,8081.68927243
37189,145,38,17636.17366137
37190,145,39,16128.14591578
37191,145,40,39264.83951865
37192,145,41,32093.28788249
37193,145,42,29241.20380671
37194,145,43,44172.90489783
37195,145,44,32125.98004607
37196,145,45,28018.82065051
37197,145,46,30443.23749507
37198,145,47,49834.52322457
37199,145,48,50944.73124188
37200,145,49,26787.68512617
37201,145,50,46306.66183913
37202,145,51,24798.40405387
37203,145,52,24420.86528352
37204,145,53,18793.82623182
37205,145,54,24999.4747321
37206,145,55,15792.87495146
37207,145,56,27325.56656814
37208,145,57,14203.81085997
37209,145,58,15495.68115735
37210,145,59,25846.50722206
37211,145,60,22553.80561626
37212,145,61,28631.30537638
37213,145,62,13670.19418178
37214,145,63,20368.80747818
37215,145,64,18158.51256315
37216,145,65,21461.77730092
37217,145,66,16688.64616976
37218,145,67,22110.45753994
37219,145,68,21959.65942659
37220,145,69,33253.75011464
37221,145,70,23212.80003472
37222,145,71,41186.00981177
37223,145,72,26435.29970153
37224,145,73,43095.46855798
37225,145,74,34578.09030403
37226,145,75,27449.48829478
37227,145,76,39152.74927105
37228,145,77,45848.56916011
37229,145,78,45293.06332516
37230,145,79,28554.65944106
37231,145,80,37952.05981738
37232,145,81,36504.40827922
37233,145,82,28583.64220632
37234,145,83,27648.40908818
37235,145,84,38634.06492517
37236,145,85,30271.72318107
37237,145,86,26577.7614633
37238,145,87,22560.78392579
37239,145,88,24795.33727297
37240,145,89,29181.4402354
37241,145,90,22242.66253019
37242,145,91,22714.2160078
37243,145,92,23779.79870847
37244,145,93,18725.34174399
37245,145,94,20244.88326276
37246,145,95,23358.85114769
37247,145,96,27659.46485404
37248,145,97,31279.66534722
37249,145,98,30076.97300875
37250,145,99,22122.54842471
37251,145,100,26943.6278161
37252,145,101,22677.64105952
37253,145,102,21546.4605779
37254,145,103,32030.33885959
37255,145,104,25937.3415834
37256,145,105,23089.9865586
37257,145,106,20034.35127091
37258,145,107,22877.15373333
37259,145,108,28720.19697875
37260,145,109,24767.62338635
37261,145,110,35492.20383021
37262,145,111,29650.6457847
37263,145,112,21103.89802072
37264,145,113,36145.09791431
37265,145,114,26451.07056765
37266,145,115,37911.68268111
37267,145,116,20485.54090029
37268,145,117,22997.16181768
37269,145,118,33588.47088827
37270,145,119,39228.43723043
37271,145,120,31603.23227432
37272,145,121,23624.83407028
37273,145,122,34231.04322866
37274,145,123,20285.06297216
37275,145,124,19304.73703673
37276,145,125,23686.25528154
37277,145,126,32314.20502335
37278,145,127,20617.67731295
37279,145,128,24308.21452403
37280,145,129,24594.80544898
37281,145,130,18986.14279919
37282,145,131,36097.56995593
37283,145,132,18639.20936091
37284,145,133,36566.51419399
37285,145,134,2321.10304076
37286,145,135,3969.30143966
37287,145,136,6702.26926163
37288,145,137,18029.48188163
37289,145,138,20103.61773437
37290,145,139,5181.7036161
37291,145,140,10400.50207742
37292,145,141,12107.84656879
37293,145,142,3148.50845921
37294,145,143,1719.45280448
37295,145,144,3575.65822288
37296,145,145,0.0
37297,145,146,15641.86214385
37298,145,147,17302.01533247
37299,145,148,25217.84765111
37300,145,149,18504.77038123
37301,145,150,30804.41772634
37302,145,151,19625.07210142
37303,145,152,24402.63366764
37304,145,153,17970.52433073
37305,145,154,16878.75586498
37306,145,155,28569.99873429
37307,145,156,22893.88022709
37308,145,157,18089.67288512
37309,145,158,32380.40399298
37310,145,159,23543.68824115
37311,145,160,29607.92859912
37312,145,161,27201.27683098
37313,145,162,26414.25579279
37314,145,163,21250.42588273
37315,145,164,23614.80984437
37316,145,165,19593.05476623
37317,145,166,21995.42158178
37318,145,167,16826.96659
37319,145,168,49343.14722372
37320,145,169,47657.70839702
37321,145,170,48189.01829565
37322,145,171,50443.58872202
37323,145,172,48149.09078081
37324,145,173,49026.21548326
37325,145,174,50564.07779731
37326,145,175,48251.20041297
37327,145,176,48274.63093592
37328,145,177,47776.02705164
37329,145,178,33455.55530445
37330,145,179,30295.07292902
37331,145,180,35324.62676342
37332,145,181,41482.43586241
37333,145,182,45757.98154557
37334,145,183,50034.84704209
37335,145,184,38104.97884448
37336,145,185,31961.48898856
37337,145,186,44440.72566636
37338,145,187,48889.27716939
37339,145,188,57893.26033605
37340,145,189,55354.50217987
37341,145,190,53787.34019968
37342,145,191,54937.13516139
37343,145,192,56205.82513222
37344,145,193,54784.74175442
37345,145,194,54325.2330994
37346,145,195,55602.70648607
37347,145,196,58270.85468159
37348,145,197,54558.35208361
37349,145,198,35716.37507756
37350,145,199,38726.6661003
37351,145,200,66755.25347835
37352,145,201,51655.36205938
37353,145,202,76092.4966408
37354,145,203,71439.92834824
37355,145,204,63291.68689495
37356,145,205,55568.03202694
37357,145,206,47629.11759968
37358,145,207,79755.89961147
37359,145,208,41712.93205575
37360,145,209,20352.31130679
37361,145,210,23547.15634766
37362,145,211,16716.08383644
37363,145,212,37727.59987109
37364,145,213,45101.50426665
37365,145,214,56127.98827508
37366,145,215,38625.18293738
37367,145,216,27781.08902894
37368,145,217,33498.57926626
37369,145,218,34857.83077735
37370,145,219,62257.26381956
37371,145,220,66141.80341388
37372,145,221,31373.1411348
37373,145,222,46990.71505197
37374,145,223,25472.49032716
37375,145,224,70413.71545768
37376,145,225,30054.18246546
37377,145,226,52636.5055654
37378,145,227,41230.30447022
37379,145,228,72294.84800956
37380,145,229,57955.37539589
37381,145,230,59955.19010189
37382,145,231,22723.38042146
37383,145,232,23032.54073715
37384,145,233,22382.24860258
37385,145,234,24081.37704164
37386,145,235,23434.84450166
37387,145,236,21984.03042879
37388,145,237,23844.65194997
37389,145,238,9841.4200148
37390,145,239,13323.43202064
37391,145,240,11555.7700712
37392,145,241,15834.23315008
37393,145,242,13502.44316741
37394,145,243,15876.08415996
37395,145,244,12651.58048102
37396,145,245,11937.80229808
37397,145,246,13378.44493111
37398,145,247,12123.45397638
37399,145,248,11773.07264041
37400,145,249,11208.48520849
37401,145,250,8382.47155444
37402,145,251,14411.47545573
37403,145,252,14533.43560957
37404,145,253,15821.22142599
37405,145,254,13093.38448765
37406,145,255,12298.59054232
37407,145,256,7133.95606649
37408,145,257,11303.4970397
37409,145,258,13459.88919472
37410,146,1,14897.88963661
37411,146,2,14286.5414761
37412,146,3,15366.26028473
37413,146,4,16526.89545757
37414,146,5,14699.75627559
37415,146,6,15375.32832135
37416,146,7,14564.92762473
37417,146,8,16276.74413976
37418,146,9,15811.55396183
37419,146,10,16307.59589229
37420,146,11,14268.87351297
37421,146,12,14214.01417027
37422,146,13,14272.99482039
37423,146,14,15946.28248586
37424,146,15,16863.22473515
37425,146,16,13518.88535493
37426,146,17,22525.67274312
37427,146,18,21790.68470881
37428,146,19,13710.35968477
37429,146,20,19432.43468827
37430,146,21,24836.52872247
37431,146,22,6183.23761194
37432,146,23,9118.3457459
37433,146,24,10930.91874313
37434,146,25,17330.50449195
37435,146,26,6307.51994281
37436,146,27,23811.30817675
37437,146,28,20098.70375167
37438,146,29,6498.04973152
37439,146,30,21108.60414688
37440,146,31,12687.23919683
37441,146,32,16513.20320975
37442,146,33,26463.53712874
37443,146,34,18397.15916674
37444,146,35,14767.00239499
37445,146,36,7079.43403246
37446,146,37,7936.33740141
37447,146,38,11914.7561492
37448,146,39,8295.53788556
37449,146,40,31847.62000701
37450,146,41,24620.86861001
37451,146,42,20142.41488958
37452,146,43,37016.84667278
37453,146,44,24260.05870016
37454,146,45,19136.7299118
37455,146,46,21432.22688542
37456,146,47,42524.07842479
37457,146,48,43576.50612328
37458,146,49,17364.15356102
37459,146,50,39191.40719968
37460,146,51,15353.80365612
37461,146,52,14361.93975796
37462,146,53,8530.40662689
37463,146,54,14474.68213582
37464,146,55,6275.48943924
37465,146,56,16425.78470487
37466,146,57,2917.4154497
37467,146,58,4547.52556615
37468,146,59,15090.54209845
37469,146,60,13005.54725059
37470,146,61,18435.11933076
37471,146,62,2013.86486281
37472,146,63,10523.80267268
37473,146,64,8656.8862489
37474,146,65,11554.94603424
37475,146,66,6255.6032415
37476,146,67,7193.78619924
37477,146,68,7604.1752842
37478,146,69,25079.66795086
37479,146,70,7585.61914107
37480,146,71,34587.42088535
37481,146,72,13265.52139431
37482,146,73,36265.59385106
37483,146,74,26621.03838374
37484,146,75,15063.26492526
37485,146,76,32521.01495844
37486,146,77,37798.60632359
37487,146,78,38140.04643545
37488,146,79,17033.80861957
37489,146,80,30686.48012885
37490,146,81,29235.73934679
37491,146,82,18920.18673581
37492,146,83,14215.12153685
37493,146,84,31676.09123395
37494,146,85,21236.93039907
37495,146,86,13118.2219047
37496,146,87,7044.1526559
37497,146,88,11063.9269265
37498,146,89,15571.4221268
37499,146,90,13210.19433479
37500,146,91,15855.87059234
37501,146,92,12529.67213475
37502,146,93,18609.41619283
37503,146,94,17807.18101777
37504,146,95,14971.83055085
37505,146,96,13145.36996779
37506,146,97,16105.42874834
37507,146,98,15006.02577786
37508,146,99,18640.74224581
37509,146,100,12939.881162
37510,146,101,16585.85180398
37511,146,102,18436.98795638
37512,146,103,16718.3797727
37513,146,104,13085.85933298
37514,146,105,12743.66824084
37515,146,106,18763.83587194
37516,146,107,15248.23576851
37517,146,108,13796.15817333
37518,146,109,12459.66995604
37519,146,110,22236.1789676
37520,146,111,19287.58616898
37521,146,112,19593.7835906
37522,146,113,22343.4034177
37523,146,114,17393.62707283
37524,146,115,23466.32028753
37525,146,116,14389.91163352
37526,146,117,21457.79388947
37527,146,118,21532.224851
37528,146,119,24473.91584184
37529,146,120,20668.90209769
37530,146,121,22238.20759674
37531,146,122,21668.16768692
37532,146,123,14877.67468403
37533,146,124,15100.40327022
37534,146,125,15881.03085838
37535,146,126,20902.35767012
37536,146,127,13634.56429754
37537,146,128,23086.60818232
37538,146,129,16318.25868803
37539,146,130,16985.58919049
37540,146,131,21964.28093777
37541,146,132,15232.05326972
37542,146,133,22256.06361859
37543,146,134,14512.66177238
37544,146,135,11894.59525112
37545,146,136,9345.373392
37546,146,137,2406.23288572
37547,146,138,4487.80372628
37548,146,139,10802.06585491
37549,146,140,5327.32820386
37550,146,141,3585.43458034
37551,146,142,13225.07676053
37552,146,143,16014.30229713
37553,146,144,12122.35223855
37554,146,145,15641.86214385
37555,146,146,0.0
37556,146,147,13595.22920898
37557,146,148,21656.75289675
37558,146,149,11141.54787502
37559,146,150,27438.03400827
37560,146,151,16185.2299569
37561,146,152,21032.80215586
37562,146,153,14449.56361059
37563,146,154,11975.42319337
37564,146,155,24187.96374959
37565,146,156,10508.45381464
37566,146,157,11833.63757803
37567,146,158,28983.51201912
37568,146,159,10640.30507335
37569,146,160,25761.87764803
37570,146,161,23057.23051651
37571,146,162,22503.81390575
37572,146,163,10268.43416295
37573,146,164,20322.69331548
37574,146,165,10810.06332197
37575,146,166,10542.32607143
37576,146,167,12819.2418548
37577,146,168,43846.65838455
37578,146,169,41624.61369849
37579,146,170,42538.73283029
37580,146,171,45152.1264911
37581,146,172,43750.28582655
37582,146,173,44404.874212
37583,146,174,45738.41347494
37584,146,175,44926.60445235
37585,146,176,45787.10639197
37586,146,177,43755.49959772
37587,146,178,17842.70747717
37588,146,179,14987.34324612
37589,146,180,19685.90704589
37590,146,181,25848.76703305
37591,146,182,30133.0625574
37592,146,183,34393.4172693
37593,146,184,22468.58494485
37594,146,185,16505.99901822
37595,146,186,28808.71582032
37596,146,187,33251.35658121
37597,146,188,46070.5398232
37598,146,189,42390.20228375
37599,146,190,39508.67851861
37600,146,191,41505.11704697
37601,146,192,44031.01863846
37602,146,193,41162.56077689
37603,146,194,40370.95676208
37604,146,195,43054.9541023
37605,146,196,46954.61756152
37606,146,197,40068.02547237
37607,146,198,27464.93835163
37608,146,199,30372.52383094
37609,146,200,55029.83823924
37610,146,201,41522.08445322
37611,146,202,63695.90083112
37612,146,203,59272.36786731
37613,146,204,51822.34477275
37614,146,205,44428.77523541
37615,146,206,38190.10861401
37616,146,207,67519.99047971
37617,146,208,32620.2495831
37618,146,209,8512.55774804
37619,146,210,13587.87847052
37620,146,211,3542.76018145
37621,146,212,32594.13872105
37622,146,213,40216.86649642
37623,146,214,41468.83683203
37624,146,215,24385.61680171
37625,146,216,14697.98452396
37626,146,217,19865.006928
37627,146,218,20824.38050367
37628,146,219,46986.0587395
37629,146,220,50747.2742301
37630,146,221,18515.21469908
37631,146,222,32875.34826036
37632,146,223,13452.60203509
37633,146,224,54919.28773492
37634,146,225,16699.39887084
37635,146,226,38277.03505221
37636,146,227,27157.30151266
37637,146,228,56759.08474163
37638,146,229,43023.76932826
37639,146,230,44845.21212164
37640,146,231,12913.23809007
37641,146,232,13276.97096214
37642,146,233,12520.24384491
37643,146,234,14555.11176686
37644,146,235,13763.09438474
37645,146,236,12085.0332184
37646,146,237,14248.54298819
37647,146,238,24160.38941636
37648,146,239,20336.69943295
37649,146,240,24424.9615864
37650,146,241,13409.72315472
37651,146,242,17153.49158359
37652,146,243,10938.79692712
37653,146,244,23054.66268776
37654,146,245,21991.64036628
37655,146,246,24125.14553957
37656,146,247,20025.56231985
37657,146,248,21218.90303608
37658,146,249,24611.32277445
37659,146,250,22674.57909387
37660,146,251,20513.18749091
37661,146,252,13240.18534551
37662,146,253,9360.24843402
37663,146,254,24440.21969338
37664,146,255,24373.07304446
37665,146,256,21747.83685531
37666,146,257,19970.01388509
37667,146,258,15307.84827679
37668,147,1,4674.4219857
37669,147,2,2976.0903668
37670,147,3,4076.98725121
37671,147,4,3004.75135408
37672,147,5,2403.16743562
37673,147,6,2117.77270505
37674,147,7,8628.46215352
37675,147,8,3406.46767385
37676,147,9,3511.04007544
37677,147,10,9373.67306162
37678,147,11,7826.93689531
37679,147,12,6460.77545643
37680,147,13,5199.74265793
37681,147,14,2351.15894651
37682,147,15,3586.31869056
37683,147,16,3976.97285376
37684,147,17,11763.9312557
37685,147,18,10747.85846928
37686,147,19,1922.94167688
37687,147,20,7173.63661534
37688,147,21,14454.22278006
37689,147,22,9559.30797941
37690,147,23,4684.23180337
37691,147,24,2849.0685567
37692,147,25,5040.59447373
37693,147,26,7733.24798647
37694,147,27,13220.67786047
37695,147,28,8275.31447129
37696,147,29,7160.23948526
37697,147,30,9773.54606962
37698,147,31,1842.01286495
37699,147,32,4244.14399732
37700,147,33,16173.18770683
37701,147,34,5894.01587433
37702,147,35,2478.9773485
37703,147,36,11347.48086771
37704,147,37,11777.14023877
37705,147,38,2160.56372767
37706,147,39,5413.13822007
37707,147,40,21995.3941205
37708,147,41,14791.43236881
37709,147,42,12322.05973381
37710,147,43,26974.0538918
37711,147,44,14839.31969667
37712,147,45,11109.21433597
37713,147,46,13421.63323835
37714,147,47,32650.69708498
37715,147,48,33758.07245121
37716,147,49,10266.20497427
37717,147,50,29131.64487387
37718,147,51,8649.50886962
37719,147,52,8832.78533695
37720,147,53,6948.6589523
37721,147,54,9630.41591817
37722,147,55,19362.39307035
37723,147,56,11708.23130425
37724,147,57,10829.37200614
37725,147,58,9107.55441597
37726,147,59,10443.92519413
37727,147,60,7198.33658549
37728,147,61,12309.59238883
37729,147,62,13504.08963681
37730,147,63,6592.09235884
37731,147,64,22054.5271243
37732,147,65,7002.27934923
37733,147,66,7789.78728189
37734,147,67,13828.79572838
37735,147,68,12708.38846989
37736,147,69,38674.40381418
37737,147,70,17893.46481485
37738,147,71,48156.82970219
37739,147,72,26260.38617877
37740,147,73,49850.46514482
37741,147,74,40215.14986129
37742,147,75,28269.5577109
37743,147,76,46083.80726541
37744,147,77,51375.83090017
37745,147,78,51734.62609853
37746,147,79,30405.21209415
37747,147,80,44272.9342985
37748,147,81,42817.84868677
37749,147,82,32501.3409425
37750,147,83,14625.49788309
37751,147,84,45253.26792703
37752,147,85,34828.98848756
37753,147,86,13905.19398237
37754,147,87,15826.08555306
37755,147,88,13157.02133467
37756,147,89,16022.78581233
37757,147,90,6575.36373948
37758,147,91,5603.53510209
37759,147,92,9525.11519062
37760,147,93,5334.83618065
37761,147,94,4246.58251066
37762,147,95,6862.66071867
37763,147,96,16376.93310444
37764,147,97,20733.32417967
37765,147,98,19471.31163198
37766,147,99,5476.51600844
37767,147,100,14972.64498505
37768,147,101,5398.16108847
37769,147,102,5097.70577934
37770,147,103,21810.35276199
37771,147,104,12672.56691173
37772,147,105,8234.4524982
37773,147,106,5188.37833392
37774,147,107,6062.72633466
37775,147,108,18044.65680621
37776,147,109,11270.50185889
37777,147,110,20878.81353218
37778,147,111,13307.15878121
37779,147,112,5999.78461457
37780,147,113,22145.1140088
37781,147,114,9782.10476165
37782,147,115,24729.74137893
37783,147,116,3437.08890045
37784,147,117,7900.57533343
37785,147,118,18007.72327003
37786,147,119,26520.23489819
37787,147,120,15405.84647513
37788,147,121,8682.61631029
37789,147,122,19031.79049756
37790,147,123,3032.78331293
37791,147,124,2054.50840621
37792,147,125,6814.93754066
37793,147,126,16368.29859122
37794,147,127,4044.09491446
37795,147,128,9531.63669238
37796,147,129,7803.7126844
37797,147,130,3404.02956606
37798,147,131,22590.62383514
37799,147,132,1717.98852789
37800,147,133,23294.96439279
37801,147,134,18062.33586172
37802,147,135,14081.62506482
37803,147,136,12250.33748887
37804,147,137,14218.28765811
37805,147,138,16006.1827334
37806,147,139,13146.69267161
37807,147,140,12217.01668904
37808,147,141,13489.3381645
37809,147,142,17282.93769926
37810,147,143,18780.48249095
37811,147,144,15665.60188898
37812,147,145,17302.01533247
37813,147,146,13595.22920898
37814,147,147,0.0
37815,147,148,8732.66497426
37816,147,149,3789.89175453
37817,147,150,14684.03103353
37818,147,151,2783.07838569
37819,147,152,7980.89119677
37820,147,153,891.08089888
37821,147,154,1670.26927589
37822,147,155,11843.35982338
37823,147,156,10339.32504816
37824,147,157,2639.35292632
37825,147,158,16296.14288542
37826,147,159,11309.82292498
37827,147,160,13179.81134493
37828,147,161,10520.50067963
37829,147,162,9807.78887152
37830,147,163,8065.6916426
37831,147,164,7191.20787572
37832,147,165,5330.56019333
37833,147,166,8859.81338935
37834,147,167,783.58379739
37835,147,168,32638.73472888
37836,147,169,30756.04235702
37837,147,170,31416.97323582
37838,147,171,33828.02938969
37839,147,172,31883.37270397
37840,147,173,32670.81058062
37841,147,174,34138.60141708
37842,147,175,32539.38589258
37843,147,176,33063.90436508
37844,147,177,31687.77409167
37845,147,178,24751.30724009
37846,147,179,20387.53296836
37847,147,180,26877.6335496
37848,147,181,32255.75326635
37849,147,182,36033.25345528
37850,147,183,40569.54763979
37851,147,184,29265.43022614
37852,147,185,22361.65636089
37853,147,186,34947.87737919
37854,147,187,39288.6294869
37855,147,188,41208.2028751
37856,147,189,39433.04050223
37857,147,190,39356.30983871
37858,147,191,39443.05659054
37859,147,192,39730.15078552
37860,147,193,39490.63568149
37861,147,194,39431.37604141
37862,147,195,39369.25613439
37863,147,196,41368.79543354
37864,147,197,40434.8995371
37865,147,198,18429.18084125
37866,147,199,21430.89407026
37867,147,200,49931.53272358
37868,147,201,34485.79027593
37869,147,202,59509.15667997
37870,147,203,54776.21142076
37871,147,204,46397.59749986
37872,147,205,38632.57696093
37873,147,206,30377.28907863
37874,147,207,63064.9248883
37875,147,208,24459.56045911
37876,147,209,8827.24819333
37877,147,210,8161.17356984
37878,147,211,10650.76431957
37879,147,212,46004.11476822
37880,147,213,53658.86919618
37881,147,214,42248.36332761
37882,147,215,25021.88362004
37883,147,216,14262.4997795
37884,147,217,19599.95636415
37885,147,218,21347.80758535
37886,147,219,49681.8826792
37887,147,220,53926.20757705
37888,147,221,16852.43724267
37889,147,222,32612.59050438
37890,147,223,11399.17267626
37891,147,224,58582.26614461
37892,147,225,16364.25605822
37893,147,226,38372.12911009
37894,147,227,27149.61932322
37895,147,228,60677.62132821
37896,147,229,44577.18298815
37897,147,230,46959.55573145
37898,147,231,7529.03373124
37899,147,232,7663.03486775
37900,147,233,7389.01633826
37901,147,234,8174.2525933
37902,147,235,7845.69445382
37903,147,236,7224.15878269
37904,147,237,8060.88077734
37905,147,238,20413.90903897
37906,147,239,11213.35537583
37907,147,240,18836.1919598
37908,147,241,1577.75441019
37909,147,242,7239.84278757
37910,147,243,2671.59760016
37911,147,244,15564.25587592
37912,147,245,14633.21630214
37913,147,246,16553.81165939
37914,147,247,11810.39948872
37915,147,248,13690.9542225
37916,147,249,19564.53994794
37917,147,250,19357.94849611
37918,147,251,10570.41887368
37919,147,252,2930.29874921
37920,147,253,4246.12029957
37921,147,254,17316.38515005
37922,147,255,17976.03451159
37923,147,256,19194.66905415
37924,147,257,12437.45014705
37925,147,258,5444.88788688
37926,148,1,7098.17285545
37927,148,2,10205.29594959
37928,148,3,6381.2246325
37929,148,4,5879.75788514
37930,148,5,9293.45774402
37931,148,6,8033.78806347
37932,148,7,10292.66825214
37933,148,8,5476.87422592
37934,148,9,5848.11104302
37935,148,10,9428.52485995
37936,148,11,9835.50596573
37937,148,12,8822.96398617
37938,148,13,8006.18175812
37939,148,14,6784.8574454
37940,148,15,5148.73528375
37941,148,16,11628.24004562
37942,148,17,5471.04361655
37943,148,18,4573.278403
37944,148,19,8003.22731435
37945,148,20,2554.95153221
37946,148,21,7702.92336545
37947,148,22,18273.45198541
37948,148,23,12579.26523098
37949,148,24,10866.06549703
37950,148,25,4353.22190555
37951,148,26,16309.52833946
37952,148,27,6582.41283502
37953,148,28,2856.95971302
37954,148,29,15559.56513636
37955,148,30,3779.78360282
37956,148,31,9052.65738583
37957,148,32,5147.08243357
37958,148,33,9145.5419048
37959,148,34,3285.3230655
37960,148,35,6929.86850369
37961,148,36,20075.51400775
37962,148,37,20475.80704491
37963,148,38,9846.79285482
37964,148,39,13418.10040695
37965,148,40,14637.29725933
37966,148,41,8563.50650463
37967,148,42,9357.29490214
37968,148,43,19199.28964843
37969,148,44,9043.32789659
37970,148,45,8666.85420767
37971,148,46,9693.8817421
37972,148,47,24788.50953454
37973,148,48,25897.47816243
37974,148,49,9422.88531587
37975,148,50,21268.44028433
37976,148,51,9588.92727899
37977,148,52,10663.28699669
37978,148,53,13554.97470326
37979,148,54,11351.40888574
37980,148,55,27725.02587606
37981,148,56,12051.37095862
37982,148,57,19122.11870954
37983,148,58,17120.75218348
37984,148,59,11700.51866905
37985,148,60,10443.08482746
37986,148,61,11045.59726634
37987,148,62,21902.9345869
37988,148,63,11993.76921245
37989,148,64,30295.01366652
37990,148,65,11469.26847204
37991,148,66,15435.12642051
37992,148,67,19771.07131234
37993,148,68,18467.68155862
37994,148,69,46536.84969365
37995,148,70,24266.70944012
37996,148,71,56143.10281463
37997,148,72,33357.76108303
37998,148,73,57769.48320152
37999,148,74,48084.01561121
38000,148,75,35497.47460364
38001,148,76,54093.75957395
38002,148,77,59005.0008704
38003,148,78,59561.67928865
38004,148,79,37773.76952622
38005,148,80,52195.07540414
38006,148,81,50765.71275267
38007,148,82,40247.46552266
38008,148,83,17133.97676518
38009,148,84,53216.78996638
38010,148,85,42625.83964219
38011,148,86,16947.49892748
38012,148,87,22010.34525514
38013,148,88,17271.96951894
38014,148,89,18021.4470301
38015,148,90,9834.08602919
38016,148,91,6472.15209184
38017,148,92,12737.95108075
38018,148,93,6917.00989534
38019,148,94,4981.64439114
38020,148,95,8360.44883999
38021,148,96,19868.22273458
38022,148,97,23879.42344342
38023,148,98,22798.0300575
38024,148,99,3263.83189015
38025,148,100,18294.02396199
38026,148,101,5443.16822831
38027,148,102,3739.21328048
38028,148,103,25006.10911392
38029,148,104,15575.92685188
38030,148,105,11456.9470362
38031,148,106,5359.90015549
38032,148,107,7473.4434568
38033,148,108,21600.5585905
38034,148,109,14479.94716761
38035,148,110,20286.72416227
38036,148,111,11639.16798576
38037,148,112,4392.40327967
38038,148,113,22069.25012331
38039,148,114,8794.62041045
38040,148,115,25137.3643959
38041,148,116,7307.63032426
38042,148,117,3250.53199748
38043,148,118,16579.91970598
38044,148,119,27154.03323105
38045,148,120,13447.8734083
38046,148,121,3303.25521022
38047,148,122,17982.63019957
38048,148,123,6779.21817509
38049,148,124,6793.04428443
38050,148,125,7336.15645634
38051,148,126,14667.29200065
38052,148,127,8211.82821831
38053,148,128,3572.98636766
38054,148,129,7751.62431447
38055,148,130,6238.5730767
38056,148,131,22967.75435792
38057,148,132,7047.90047282
38058,148,133,23805.42029698
38059,148,134,26306.11844957
38060,148,135,22418.6022469
38061,148,136,20849.54137577
38062,148,137,21745.3239161
38063,148,138,23126.68337544
38064,148,139,21599.45591606
38065,148,140,20923.21391986
38066,148,141,22071.39493418
38067,148,142,25660.79499639
38068,148,143,26819.87438582
38069,148,144,24076.57088946
38070,148,145,25217.84765111
38071,148,146,21656.75289675
38072,148,147,8732.66497426
38073,148,148,0.0
38074,148,149,10532.86993004
38075,148,150,5953.64446328
38076,148,151,5967.38168153
38077,148,152,815.44492572
38078,148,153,7862.65982937
38079,148,154,10034.49040164
38080,148,155,3369.09740918
38081,148,156,14781.60644733
38082,148,157,9844.86620508
38083,148,158,7564.03657618
38084,148,159,15614.63825272
38085,148,160,4476.9251468
38086,148,161,2009.89141764
38087,148,162,1209.50937159
38088,148,163,13091.01577934
38089,148,164,1610.11244338
38090,148,165,11194.38721061
38091,148,166,13506.74313129
38092,148,167,9467.81116083
38093,148,168,24159.45828982
38094,148,169,22440.35739168
38095,148,170,22984.62882164
38096,148,171,25297.09009405
38097,148,172,23212.79689944
38098,148,173,24027.47458887
38099,148,174,25522.27869071
38100,148,175,23806.72091969
38101,148,176,24366.59930561
38102,148,177,22981.00899218
38103,148,178,28491.39057073
38104,148,179,24019.48100456
38105,148,180,30522.32351144
38106,148,181,34927.62103838
38107,148,182,38107.61825566
38108,148,183,42539.14682732
38109,148,184,32437.15807468
38110,148,185,25878.65509837
38111,148,186,37247.34468443
38112,148,187,41242.24379067
38113,148,188,36057.18588575
38114,148,189,35594.68063515
38115,148,190,37347.11790161
38116,148,191,36186.61886127
38117,148,192,35006.28636229
38118,148,193,36485.35510833
38119,148,194,36906.17684233
38120,148,195,35061.39471427
38121,148,196,35757.14521983
38122,148,197,38695.37214704
38123,148,198,12185.66412783
38124,148,199,14838.24968032
38125,148,200,44334.18986013
38126,148,201,28263.71762797
38127,148,202,54222.98793367
38128,148,203,49412.38317443
38129,148,204,40707.80232001
38130,148,205,33005.0224627
38131,148,206,23869.32678061
38132,148,207,57556.3485405
38133,148,208,18152.36534141
38134,148,209,14691.39399881
38135,148,210,10714.5803531
38136,148,211,18323.49192493
38137,148,212,54250.88871893
38138,148,213,61870.14853188
38139,148,214,40670.3365533
38140,148,215,24978.19089896
38141,148,216,16394.19039395
38142,148,217,20057.1576984
38143,148,218,21912.24319604
38144,148,219,48984.77329263
38145,148,220,53384.2998203
38146,148,221,17160.88615694
38147,148,222,31048.80631291
38148,148,223,13954.86006418
38149,148,224,58209.40835679
38150,148,225,17740.34099056
38151,148,226,36587.49560425
38152,148,227,26369.85412136
38153,148,228,60413.63650978
38154,148,229,43374.4265012
38155,148,230,46004.21014142
38156,148,231,10765.02768763
38157,148,232,10566.61807919
38158,148,233,10979.94767496
38159,148,234,9881.07741737
38160,148,235,10299.83227631
38161,148,236,11207.87160328
38162,148,237,10056.62137726
38163,148,238,25982.661555
38164,148,239,15266.58844755
38165,148,240,23598.9132542
38166,148,241,9801.45592111
38167,148,242,12452.32973238
38168,148,243,11234.77110623
38169,148,244,19671.48984966
38170,148,245,19061.84252094
38171,148,246,20378.83030594
38172,148,247,16411.08442079
38173,148,248,18241.52737923
38174,148,249,24539.22094699
38175,148,250,25282.28731064
38176,148,251,14089.40576892
38177,148,252,10913.3787207
38178,148,253,12528.4098525
38179,148,254,21320.54697383
38180,148,255,22365.57965547
38181,148,256,25491.55153824
38182,148,257,17345.83325349
38183,148,258,11842.56996061
38184,149,1,3900.37837226
38185,149,2,6376.76944794
38186,149,3,4232.43316599
38187,149,4,5976.5155651
38188,149,5,6066.67516243
38189,149,6,5894.0836418
38190,149,7,5945.08463954
38191,149,8,5288.43381065
38192,149,9,4715.48667182
38193,149,10,7224.44041758
38194,149,11,5212.14619406
38195,149,12,4230.68618205
38196,149,13,3575.8081693
38197,149,14,5744.27529921
38198,149,15,6024.2050652
38199,149,16,6849.62407667
38200,149,17,11840.70994751
38201,149,18,10978.7379461
38202,149,19,2821.77728244
38203,149,20,8297.22027342
38204,149,21,14380.12617982
38205,149,22,8796.98668121
38206,149,23,2313.43075152
38207,149,24,1693.50652741
38208,149,25,6192.13729541
38209,149,26,6452.40327738
38210,149,27,13235.13595607
38211,149,28,9028.25983866
38212,149,29,5446.67411951
38213,149,30,10182.23185628
38214,149,31,2048.43878713
38215,149,32,5386.21114885
38216,149,33,16090.8445141
38217,149,34,7260.54797642
38218,149,35,3770.94822807
38219,149,36,10967.96851546
38220,149,37,11649.8887069
38221,149,38,1669.18558859
38222,149,39,3113.30043729
38223,149,40,21797.28214054
38224,149,41,14419.39831962
38225,149,42,10844.2680413
38226,149,43,26934.70225706
38227,149,44,14254.72085324
38228,149,45,9639.8302281
38229,149,46,12096.77989131
38230,149,47,32582.67057927
38231,149,48,33673.12904602
38232,149,49,8293.21388254
38233,149,50,29122.00432804
38234,149,51,6295.67986386
38235,149,52,6025.87816464
38236,149,53,3316.89612188
38237,149,54,6707.68509134
38238,149,55,17288.67871013
38239,149,56,8993.33721458
38240,149,57,8736.30460304
38241,149,58,6634.2732855
38242,149,59,7566.68380333
38243,149,60,4169.26446279
38244,149,61,10132.82818741
38245,149,62,11548.74755136
38246,149,63,2847.10287384
38247,149,64,19794.85015957
38248,149,65,3480.6580032
38249,149,66,4902.83623599
38250,149,67,10168.78708219
38251,149,68,8997.87895415
38252,149,69,36026.84759977
38253,149,70,14394.33650322
38254,149,71,45617.84315249
38255,149,72,23104.65086862
38256,149,73,47254.39016943
38257,149,74,37573.71558401
38258,149,75,25187.89430728
38259,149,76,43565.56423721
38260,149,77,48566.39499045
38261,149,78,49065.99874649
38262,149,79,27407.72933759
38263,149,80,41677.45432639
38264,149,81,40243.75064868
38265,149,82,29757.51892948
38266,149,83,11059.73973698
38267,149,84,42693.54548566
38268,149,85,32126.42578919
38269,149,86,10262.87495415
38270,149,87,12249.97773494
38271,149,88,9392.2850409
38272,149,89,12516.05562213
38273,149,90,3760.80188377
38274,149,91,4958.90870159
38275,149,92,6085.7762438
38276,149,93,8993.53832734
38277,149,94,7237.064844
38278,149,95,4926.64821442
38279,149,96,12632.01815599
38280,149,97,16984.99216128
38281,149,98,15716.13308392
38282,149,99,7640.00536236
38283,149,100,11265.08965251
38284,149,101,5515.90262392
38285,149,102,7545.24241325
38286,149,103,18052.4505164
38287,149,104,9099.64363356
38288,149,105,4970.82986321
38289,149,106,8516.9000626
38290,149,107,4681.93834439
38291,149,108,14281.25761211
38292,149,109,7699.0971424
38293,149,110,17858.52884355
38294,149,111,11154.01349268
38295,149,112,9094.96096226
38296,149,113,18948.49066583
38297,149,114,7993.47104735
38298,149,115,21365.4064178
38299,149,116,3248.84631173
38300,149,117,10724.78075878
38301,149,118,15371.76217095
38302,149,119,23082.41825014
38303,149,120,13142.38500877
38304,149,121,11481.58661105
38305,149,122,16220.53200089
38306,149,123,3774.46975025
38307,149,124,4341.96059118
38308,149,125,5467.26590587
38309,149,126,13932.48709456
38310,149,127,2610.7204562
38311,149,128,12310.20813309
38312,149,129,6252.85140612
38313,149,130,6813.15430279
38314,149,131,19272.83319371
38315,149,132,4840.28585481
38316,149,133,19932.85408738
38317,149,134,18809.70835675
38318,149,135,14843.12782508
38319,149,136,12519.21247772
38320,149,137,11261.42909391
38321,149,138,12804.15101787
38322,149,139,13736.69361217
38323,149,140,11241.42781347
38324,149,141,11951.38378307
38325,149,142,17834.89076968
38326,149,143,19784.50540403
38327,149,144,16217.55336647
38328,149,145,18504.77038123
38329,149,146,11141.54787502
38330,149,147,3789.89175453
38331,149,148,10532.86993004
38332,149,149,0.0
38333,149,150,16299.90527404
38334,149,151,5516.28339603
38335,149,152,9939.42439329
38336,149,153,4301.7643266
38337,149,154,2488.08667886
38338,149,155,13081.01927399
38339,149,156,6588.87349751
38340,149,157,1151.00377078
38341,149,158,17853.54889383
38342,149,159,7554.25579274
38343,149,160,14633.31824843
38344,149,161,11922.5629719
38345,149,162,11362.26626705
38346,149,163,4309.24987486
38347,149,164,9264.10967381
38348,149,165,1591.10156177
38349,149,166,5127.36694244
38350,149,167,3352.54279051
38351,149,168,33249.94957486
38352,149,169,31170.50668349
38353,149,170,31973.51675798
38354,149,171,34510.58176819
38355,149,172,32883.99074556
38356,149,173,33591.1071771
38357,149,174,34983.09823991
38358,149,175,33895.16096656
38359,149,176,34679.85776534
38360,149,177,32818.71759252
38361,149,178,20962.68206272
38362,149,179,16609.32990159
38363,149,180,23089.10561363
38364,149,181,28500.80405515
38365,149,182,32318.28659191
38366,149,183,36853.47081509
38367,149,184,25488.1475542
38368,149,185,18583.10028297
38369,149,186,31215.26627462
38370,149,187,35577.00140389
38371,149,188,39396.15321769
38372,149,189,37100.2476278
38373,149,190,36420.90383816
38374,149,191,36900.76162847
38375,149,192,37747.44980785
38376,149,193,36862.6621366
38377,149,194,36649.50770596
38378,149,195,37219.11543053
38379,149,196,39771.62538509
38380,149,197,37414.61119079
38381,149,198,17765.80116561
38382,149,199,20794.0652606
38383,149,200,48250.53555664
38384,149,201,33294.76237188
38385,149,202,57622.84921215
38386,149,203,52951.80850824
38387,149,204,44790.02299712
38388,149,205,37075.5430276
38389,149,206,29420.54604263
38390,149,207,61265.97666504
38391,149,208,23548.91859571
38392,149,209,5070.05541937
38393,149,210,5194.74003171
38394,149,211,7794.96708842
38395,149,212,43729.50440433
38396,149,213,51341.93688965
38397,149,214,39170.86555326
38398,149,215,21756.29153546
38399,149,216,10791.05392743
38400,149,217,16337.92841899
38401,149,218,18013.741557
38402,149,219,46353.21216319
38403,149,220,50549.70128151
38404,149,221,13734.35991551
38405,149,222,29624.17439518
38406,149,223,7983.48931065
38407,149,224,55158.95027609
38408,149,225,12985.89444318
38409,149,226,35382.19072326
38410,149,227,24031.05274437
38411,149,228,57228.70468001
38412,149,229,41389.3944967
38413,149,230,43700.42956897
38414,149,231,4412.27678971
38415,149,232,4664.70872798
38416,149,233,4147.23287958
38417,149,234,5597.73773649
38418,149,235,5008.54350297
38419,149,236,3850.74074135
38420,149,237,5379.81753931
38421,149,238,23096.17052946
38422,149,239,14691.16362793
38423,149,240,21861.97555775
38424,149,241,4837.11872217
38425,149,242,10693.02368392
38426,149,243,2853.45732062
38427,149,244,18871.8714422
38428,149,245,17886.93349017
38429,149,246,19902.0096325
38430,149,247,15132.24956731
38431,149,248,16945.88185235
38432,149,249,22499.32343306
38433,149,250,21909.56378199
38434,149,251,14171.2799525
38435,149,252,5838.79615082
38436,149,253,2769.08630506
38437,149,254,20601.24540544
38438,149,255,21139.47087832
38439,149,256,21563.70447264
38440,149,257,15642.35049023
38441,149,258,8721.43409363
38442,150,1,12603.50826892
38443,150,2,15977.89812051
38444,150,3,12071.77703348
38445,150,4,11791.88402042
38446,150,5,15088.45282082
38447,150,6,13858.23290514
38448,150,7,14775.50937408
38449,150,8,11413.53802577
38450,150,9,11713.21712241
38451,150,10,13437.23426832
38452,150,11,14543.12541502
38453,150,12,13871.74063191
38454,150,13,13370.00569462
38455,150,14,12670.52005578
38456,150,15,11098.14348899
38457,150,16,17396.51265744
38458,150,17,6755.78767297
38459,150,18,6764.97186935
38460,150,19,13903.21852844
38461,150,20,8005.88610859
38462,150,21,6897.63462271
38463,150,22,24226.81431898
38464,150,23,18435.37135866
38465,150,24,16771.56355225
38466,150,25,10133.69557299
38467,150,26,22243.96314516
38468,150,27,6605.43348583
38469,150,28,7458.24026139
38470,150,29,21465.04264537
38471,150,30,6924.75025843
38472,150,31,14955.34955558
38473,150,32,10973.02934414
38474,150,33,7268.26807569
38475,150,34,9080.65498012
38476,150,35,12829.75883029
38477,150,36,26020.79396312
38478,150,37,26405.10663286
38479,150,38,15750.52401802
38480,150,39,19276.37684973
38481,150,40,11049.69567421
38482,150,41,8054.73335806
38483,150,42,11625.6865047
38484,150,43,14691.40627045
38485,150,44,8855.74377312
38486,150,45,11543.29398717
38487,150,46,11260.5016023
38488,150,47,19986.59578455
38489,150,48,21073.17387359
38490,150,49,12985.85286637
38491,150,50,16563.40953201
38492,150,51,13943.61101836
38493,150,52,15134.86207899
38494,150,53,19131.65304841
38495,150,54,15647.8408979
38496,150,55,33574.04654948
38497,150,56,15585.54203836
38498,150,57,24984.09399714
38499,150,58,22930.75844963
38500,150,59,15734.2101946
38501,150,60,15443.48846673
38502,150,61,13923.81310113
38503,150,62,27780.58709156
38504,150,63,17389.90984897
38505,150,64,36093.69914455
38506,150,65,16677.9042944
38507,150,66,21185.98423042
38508,150,67,24887.94877617
38509,150,68,23571.10806913
38510,150,69,52128.95507959
38511,150,70,29417.16262101
38512,150,71,61773.41399542
38513,150,72,38675.23426602
38514,150,73,63364.26673668
38515,150,74,53675.03926883
38516,150,75,40854.26030958
38517,150,76,59738.91129445
38518,150,77,64452.95718545
38519,150,78,65107.79400023
38520,150,79,43177.50590342
38521,150,80,57801.8617871
38522,150,81,56387.67771773
38523,150,82,45807.49295138
38524,150,83,21011.97110331
38525,150,84,58841.3282109
38526,150,85,48199.84156953
38527,150,86,21083.08479812
38528,150,87,27144.68664031
38529,150,88,21829.49130322
38530,150,89,21572.57992869
38531,150,90,14943.18224967
38532,150,91,11756.32776257
38533,150,92,17391.36043054
38534,150,93,12109.95521063
38535,150,94,10779.9433911
38536,150,95,13246.09837176
38537,150,96,23984.42291203
38538,150,97,27603.88648311
38539,150,98,26666.96390371
38540,150,99,9208.90179772
38541,150,100,22443.16445099
38542,150,101,10896.61093406
38543,150,102,9639.52992056
38544,150,103,28701.67756821
38545,150,104,19781.38941128
38546,150,105,16291.1724527
38547,150,106,10775.04149103
38548,150,107,12587.53861842
38549,150,108,25643.33073149
38550,150,109,18925.95693609
38551,150,110,22156.70173731
38552,150,111,14121.68731862
38553,150,112,9702.22612009
38554,150,113,24112.7712288
38555,150,114,12479.16510859
38556,150,115,27269.27198184
38557,150,116,13051.3788636
38558,150,117,7834.98742661
38559,150,118,18322.15047112
38560,150,119,29312.15758859
38561,150,120,15345.38088959
38562,150,121,7280.41177657
38563,150,122,19797.61594602
38564,150,123,12620.22601595
38565,150,124,12742.38250204
38566,150,125,12191.05929375
38567,150,126,16516.74039393
38568,150,127,13829.43943972
38569,150,128,6741.08846322
38570,150,129,12234.71550566
38571,150,130,12004.988607
38572,150,131,25222.35696307
38573,150,132,12991.54147543
38574,150,133,26083.51264155
38575,150,134,32024.30397766
38576,150,135,28197.05950472
38577,150,136,26736.63724085
38578,150,137,27358.27747173
38579,150,138,28579.92803431
38580,150,139,27427.05037853
38581,150,140,26875.5685888
38582,150,141,27997.18046465
38583,150,142,31439.98039683
38584,150,143,32446.13027556
38585,150,144,29876.51227303
38586,150,145,30804.41772634
38587,150,146,27438.03400827
38588,150,147,14684.03103353
38589,150,148,5953.64446328
38590,150,149,16299.90527404
38591,150,150,0.0
38592,150,151,11911.63088447
38593,150,152,6707.88237459
38594,150,153,13810.38197143
38595,150,154,15977.35395249
38596,150,155,3400.54973056
38597,150,156,19653.56211241
38598,150,157,15706.38228296
38599,150,158,1615.5782346
38600,150,159,20369.63531804
38601,150,160,1738.0574165
38602,150,161,4383.55516928
38603,150,162,4957.32817253
38604,150,163,18291.59058337
38605,150,164,7506.55138063
38606,150,165,16761.81241523
38607,150,166,18557.29664372
38608,150,167,15421.38876887
38609,150,168,18596.13765492
38610,150,169,17117.21956362
38611,150,170,17496.5800877
38612,150,171,19655.98833682
38613,150,172,17382.15372158
38614,150,173,18235.58573855
38615,150,174,19763.57477486
38616,150,175,17858.190765
38617,150,176,18431.70714317
38618,150,177,17091.31414175
38619,150,178,32326.03628926
38620,150,179,27976.45700304
38621,150,180,34242.702007
38622,150,181,37989.30386282
38623,150,182,40738.82088265
38624,150,183,45007.82427918
38625,150,184,35847.79685617
38626,150,185,29698.0963407
38627,150,186,40032.98363377
38628,150,187,43728.47386991
38629,150,188,33609.47936029
38630,150,189,34241.3064289
38631,150,190,37323.53951374
38632,150,191,35269.82328827
38633,150,192,32948.98198873
38634,150,193,35751.22346373
38635,150,194,36518.95666468
38636,150,195,33346.30952299
38637,150,196,32918.59209269
38638,150,197,38825.36744385
38639,150,198,10490.14644932
38640,150,199,12230.90719194
38641,150,200,41337.80666704
38642,150,201,25090.63368022
38643,150,202,51353.58602931
38644,150,203,46537.3231787
38645,150,204,37694.74822537
38646,150,205,30227.00841361
38647,150,206,20597.07095007
38648,150,207,54473.49107706
38649,150,208,15490.55053381
38650,150,209,20016.5645404
38651,150,210,15442.20419547
38652,150,211,24029.94928326
38653,150,212,60007.38929254
38654,150,213,67601.98387757
38655,150,214,40861.32574362
38656,150,215,26839.1216982
38657,150,216,20168.88885588
38658,150,217,22589.73652644
38659,150,218,24356.01570416
38660,150,219,49608.15072288
38661,150,220,54041.29201941
38662,150,221,19901.34381054
38663,150,222,31572.97064618
38664,150,223,18197.53770443
38665,150,224,58914.48223342
38666,150,225,21001.21409744
38667,150,226,36748.68987562
38668,150,227,27668.93638282
38669,150,228,61165.43108126
38670,150,229,43762.78273203
38671,150,230,46507.26573359
38672,150,231,15710.26038608
38673,150,232,15438.3779141
38674,150,233,16001.57221189
38675,150,234,14468.78487181
38676,150,235,15069.53034115
38677,150,236,16313.59174587
38678,150,237,14713.08541662
38679,150,238,30512.97510303
38680,150,239,19719.78770877
38681,150,240,27831.27180743
38682,150,241,15706.8836426
38683,150,242,17589.05848568
38684,150,243,17181.7122631
38685,150,244,23802.10706267
38686,150,245,23375.99314535
38687,150,246,24332.29733062
38688,150,247,20983.76360398
38689,150,248,22661.9252753
38690,150,249,28835.28819353
38691,150,250,29998.59300025
38692,150,251,18453.49400068
38693,150,252,16759.25714214
38694,150,253,18438.87821695
38695,150,254,25302.83484478
38696,150,255,26476.43988603
38697,150,256,30371.90958292
38698,150,257,21973.93544796
38699,150,258,17344.62612446
38700,151,1,4052.38222719
38701,151,2,4604.68378751
38702,151,3,3042.63611143
38703,151,4,529.45636236
38704,151,5,3695.18462355
38705,151,6,2469.92100797
38706,151,7,8501.10900228
38707,151,8,1182.73445389
38708,151,9,1912.61734498
38709,151,10,8721.5177879
38710,151,11,7742.45683114
38711,151,12,6315.15034694
38712,151,13,4978.07148044
38713,151,14,1152.44837651
38714,151,15,829.39522536
38715,151,16,5969.2292186
38716,151,17,9497.30791142
38717,151,18,8447.38612917
38718,151,19,2697.39178819
38719,151,20,4657.92808954
38720,151,21,12180.34285204
38721,151,22,12342.37431145
38722,151,23,7098.60868505
38723,151,24,5257.67568819
38724,151,25,2793.34793755
38725,151,26,10482.12344894
38726,151,27,10937.11393342
38727,151,28,5856.21383743
38728,151,29,9841.72060197
38729,151,30,7433.1028863
38730,151,31,3580.78254242
38731,151,32,2267.9614246
38732,151,33,13868.11143614
38733,151,34,3374.91184542
38734,151,35,1940.05803209
38735,151,36,14109.67236472
38736,151,37,14510.72191097
38737,151,38,4303.06974329
38738,151,39,7900.21383493
38739,151,40,19667.01837626
38740,151,41,12654.01878822
38741,151,42,10946.83543334
38742,151,43,24547.90936806
38743,151,44,12812.03536416
38744,151,45,9801.03891302
38745,151,46,11890.00475366
38746,151,47,30211.54101796
38747,151,48,31321.50612036
38748,151,49,9393.36749534
38749,151,50,26684.3955207
38750,151,51,8242.11145876
38751,151,52,8792.9461129
38752,151,53,8829.64403864
38753,151,54,9623.29389107
38754,151,55,22064.8672964
38755,151,56,11355.67093954
38756,151,57,13489.53627384
38757,151,58,11650.64271978
38758,151,59,10328.72654986
38759,151,60,7564.57508573
38760,151,61,11457.42684445
38761,151,62,16208.28912815
38762,151,63,7887.1548701
38763,151,64,24723.83770969
38764,151,65,7898.9570982
38765,151,66,10162.23805613
38766,151,67,15630.45061926
38767,151,68,14417.56794875
38768,151,69,41248.29764516
38769,151,70,19907.4343391
38770,151,71,50772.55943398
38771,151,72,28571.69273185
38772,151,73,52447.88843056
38773,151,74,42792.17698082
38774,151,75,30629.54332761
38775,151,76,48705.24678773
38776,151,77,53890.0408874
38777,151,78,54306.62918166
38778,151,79,32815.50435273
38779,151,80,46868.26083738
38780,151,81,45419.71791864
38781,151,82,35033.6113307
38782,151,83,15176.55053859
38783,151,84,47861.05381433
38784,151,85,37379.54527517
38785,151,86,14624.93644247
38786,151,87,17748.50916043
38787,151,88,14250.01102605
38788,151,89,16437.3430881
38789,151,90,6862.80339316
38790,151,91,4520.05585048
38791,151,92,10095.39385737
38792,151,93,3995.56279697
38793,151,94,1720.96611707
38794,151,95,6408.51133601
38795,151,96,17328.52756977
38796,151,97,21646.08306005
38797,151,98,20426.18754352
38798,151,99,2703.96935239
38799,151,100,15827.09982269
38800,151,101,3809.35447971
38801,151,102,2319.06302074
38802,151,103,22755.84889739
38803,151,104,13294.566477
38804,151,105,8703.37273475
38805,151,106,3083.02682113
38806,151,107,5386.48870556
38807,151,108,19054.18377065
38808,151,109,11943.46382487
38809,151,110,20546.57142283
38810,151,111,12384.73767113
38811,151,112,3578.67761956
38812,151,113,22003.29319064
38813,151,114,8811.76744843
38814,151,115,24784.94955133
38815,151,116,3164.62419285
38816,151,117,5290.4940725
38817,151,118,17341.56760288
38818,151,119,26671.73863878
38819,151,120,14488.66675411
38820,151,121,6066.08966552
38821,151,122,18512.36770549
38822,151,123,2336.51880072
38823,151,124,1175.49829992
38824,151,125,5934.48875652
38825,151,126,15566.10554376
38826,151,127,4251.21353827
38827,151,128,6911.42928324
38828,151,129,6894.3113783
38829,151,130,1674.41541396
38830,151,131,22603.90832079
38831,151,132,1080.52751185
38832,151,133,23363.02417576
38833,151,134,20545.76946337
38834,151,135,16602.95493215
38835,151,136,14916.11865391
38836,151,137,16619.1392355
38837,151,138,18272.84125902
38838,151,139,15728.42552689
38839,151,140,15000.01277321
38840,151,141,16248.15704659
38841,151,142,19832.46474565
38842,151,143,21166.96751354
38843,151,144,18229.58222573
38844,151,145,19625.07210142
38845,151,146,16185.2299569
38846,151,147,2783.07838569
38847,151,148,5967.38168153
38848,151,149,5516.28339603
38849,151,150,11911.63088447
38850,151,151,0.0
38851,151,152,5204.41284694
38852,151,153,1900.36231859
38853,151,154,4240.76603343
38854,151,155,9148.1512896
38855,151,156,11450.99608658
38856,151,157,4512.91256578
38857,151,158,13525.38742348
38858,151,159,12409.34626754
38859,151,160,10431.93490839
38860,151,161,7804.72090924
38861,151,162,7070.14816614
38862,151,163,9296.86683065
38863,151,164,4410.86773163
38864,151,165,6738.63973749
38865,151,166,9977.52850417
38866,151,167,3543.57639898
38867,151,168,29991.71150654
38868,151,169,28165.17666222
38869,151,170,28786.11234168
38870,151,171,31162.17504684
38871,151,172,29158.12753473
38872,151,173,29958.38809351
38873,151,174,31438.37363715
38874,151,175,29769.58643253
38875,151,176,30281.22473304
38876,151,177,28943.16859771
38877,151,178,25916.90739429
38878,151,179,21462.95342397
38879,151,180,28030.79267322
38880,151,181,33127.16159925
38881,151,182,36733.03381343
38882,151,183,41258.77096102
38883,151,184,30280.19768954
38884,151,185,23424.41615755
38885,151,186,35714.59255488
38886,151,187,39966.58244408
38887,151,188,39641.84486202
38888,151,189,38268.98526069
38889,151,190,38766.28376346
38890,151,191,38461.10691227
38891,151,192,38291.26194849
38892,151,193,38587.69033951
38893,151,194,38679.02876025
38894,151,195,38058.41497354
38895,151,196,39659.05488761
38896,151,197,39935.77685414
38897,151,198,16366.39071112
38898,151,199,19312.03973103
38899,151,200,48249.2669286
38900,151,201,32561.53143687
38901,151,202,57944.45523634
38902,151,203,53178.2877026
38903,151,204,44677.70236112
38904,151,205,36908.29968271
38905,151,206,28347.44724606
38906,151,207,61434.02460405
38907,151,208,22450.58842998
38908,151,209,10460.9829171
38909,151,210,8342.76663831
38910,151,211,13074.9200114
38911,151,212,48690.86599498
38912,151,213,56338.39467001
38913,151,214,41809.25580553
38914,151,215,24934.59420083
38915,151,216,14666.40464316
38916,151,217,19582.93177727
38917,151,218,21401.03758198
38918,151,219,49552.52916933
38919,151,220,53859.56750538
38920,151,221,16715.64850066
38921,151,222,32119.32860789
38922,151,223,11830.47539274
38923,151,224,58581.81647535
38924,151,225,16573.54889098
38925,151,226,37847.66594882
38926,151,227,26852.6525072
38927,151,228,60716.78880601
38928,151,229,44267.56788959
38929,151,230,46738.18087647
38930,151,231,7930.69680385
38931,151,232,7936.27721937
38932,151,233,7931.0121842
38933,151,234,8010.58629271
38934,151,235,7949.65977025
38935,151,236,7923.8007563
38936,151,237,8000.74820734
38937,151,238,21751.8629435
38938,151,239,11730.02357219
38939,151,240,19835.34705967
38940,151,241,3884.99399897
38941,151,242,8053.3130594
38942,151,243,5387.21614058
38943,151,244,16244.75410074
38944,151,245,15418.96857012
38945,151,246,17147.14295183
38946,151,247,12582.07212827
38947,151,248,14501.40013469
38948,151,249,20656.96694546
38949,151,250,20828.87727007
38950,151,251,10832.16161133
38951,151,252,5105.98158653
38952,151,253,6844.00159071
38953,151,254,17994.70481508
38954,151,255,18815.76848177
38955,151,256,20817.85603002
38956,151,257,13360.71363377
38957,151,258,6756.59864939
38958,152,1,6652.00888937
38959,152,2,9394.68258417
38960,152,3,5861.37230177
38961,152,4,5093.10051681
38962,152,5,8484.3499902
38963,152,6,7227.22381651
38964,152,7,10111.02841877
38965,152,8,4788.39644847
38966,152,9,5228.05794237
38967,152,10,9374.70798427
38968,152,11,9603.18463616
38969,152,12,8509.35686367
38970,152,13,7600.43616493
38971,152,14,5989.35936082
38972,152,15,4394.88629893
38973,152,16,10817.89682761
38974,152,17,6041.58698142
38975,152,18,5085.1453652
38976,152,19,7340.92813824
38977,152,20,2360.97359401
38978,152,21,8382.15827675
38979,152,22,17534.26010666
38980,152,23,11932.60256315
38981,152,24,10190.67308171
38982,152,25,3821.34894258
38983,152,26,15602.53492371
38984,152,27,7229.65398528
38985,152,28,3013.1788895
38986,152,29,14877.16788424
38987,152,30,4202.30087921
38988,152,31,8384.26706556
38989,152,32,4565.57901138
38990,152,33,9868.35781861
38991,152,34,2781.29201311
38992,152,35,6272.991669
38993,152,36,19312.93967901
38994,152,37,19701.42778667
38995,152,38,9175.23687631
38996,152,39,12768.43541306
38997,152,40,15409.94746495
38998,152,41,9197.01555261
38999,152,42,9634.29493708
39000,152,43,20000.89151542
39001,152,44,9636.34633022
39002,152,45,8859.89028065
39003,152,46,10066.75889056
39004,152,47,25595.95764702
39005,152,48,26705.18197892
39006,152,49,9464.89800999
39007,152,50,22074.69687267
39008,152,51,9450.81346456
39009,152,52,10478.84577233
39010,152,53,13026.93416266
39011,152,54,11199.09445357
39012,152,55,27066.47567579
39013,152,56,12051.76180276
39014,152,57,18462.70647348
39015,152,58,16489.62045048
39016,152,59,11602.53583911
39017,152,60,10121.24662952
39018,152,61,11184.24472603
39019,152,62,21232.77256764
39020,152,63,11536.22276247
39021,152,64,29657.66121249
39022,152,65,11075.19041729
39023,152,66,14833.44583481
39024,152,67,19359.88173495
39025,152,68,18064.41737787
39026,152,69,45964.67421008
39027,152,70,23835.47222313
39028,152,71,55556.63103529
39029,152,72,32870.37638413
39030,152,73,57193.43701334
39031,152,74,47511.65833866
39032,152,75,34997.77485666
39033,152,76,53503.12420941
39034,152,77,58470.15889537
39035,152,78,58999.46631645
39036,152,79,37259.72292427
39037,152,80,51616.75442842
39038,152,81,50183.12502363
39039,152,82,39687.47989181
39040,152,83,17015.98525803
39041,152,84,52632.77635561
39042,152,85,42060.60002969
39043,152,86,16777.98305682
39044,152,87,21588.3458607
39045,152,88,17008.01100393
39046,152,89,17960.84408653
39047,152,90,9487.49711896
39048,152,91,6126.56007803
39049,152,92,12484.01410483
39050,152,93,6136.93102088
39051,152,94,4169.03571809
39052,152,95,8104.22621302
39053,152,96,19686.42450658
39054,152,97,23757.62336335
39055,152,98,22652.77850818
39056,152,99,2504.63681697
39057,152,100,18113.55456232
39058,152,101,5057.23115458
39059,152,102,2944.39261486
39060,152,103,24885.7755559
39061,152,104,15401.14752461
39062,152,105,11169.61195135
39063,152,106,4564.59991014
39064,152,107,7164.3404969
39065,152,108,21425.92330588
39066,152,109,14260.17154724
39067,152,110,20489.84834376
39068,152,111,11834.49632435
39069,152,112,3622.19591883
39070,152,113,22236.88746186
39071,152,114,8826.40545737
39072,152,115,25278.08730953
39073,152,116,6748.21976675
39074,152,117,2709.54258878
39075,152,118,16828.4386952
39076,152,119,27283.48814201
39077,152,120,13707.21528639
39078,152,121,2932.86223431
39079,152,122,18209.21032339
39080,152,123,6167.61161965
39081,152,124,6076.12968728
39082,152,125,7112.35403682
39083,152,126,14919.06910129
39084,152,127,7702.92850809
39085,152,128,3381.26146609
39086,152,129,7621.98724872
39087,152,130,5425.05591204
39088,152,131,23099.03475124
39089,152,132,6283.94027757
39090,152,133,23929.34042805
39091,152,134,25495.13588704
39092,152,135,21611.65361894
39093,152,136,20059.53634122
39094,152,137,21184.16576622
39095,152,138,22613.95677409
39096,152,139,20798.08034806
39097,152,140,20187.98363918
39098,152,141,21369.3471701
39099,152,142,24854.31226973
39100,152,143,26005.37511945
39101,152,144,23272.04473144
39102,152,145,24402.63366764
39103,152,146,21032.80215586
39104,152,147,7980.89119677
39105,152,148,815.44492572
39106,152,149,9939.42439329
39107,152,150,6707.88237459
39108,152,151,5204.41284694
39109,152,152,0.0
39110,152,153,7104.04657551
39111,152,154,9323.37167901
39112,152,155,4182.25910758
39113,152,156,14456.45016877
39114,152,157,9202.74026569
39115,152,158,8322.34987765
39116,152,159,15313.51875349
39117,152,160,5272.98723564
39118,152,161,2819.21186149
39119,152,162,2021.00390466
39120,152,163,12687.03489936
39121,152,164,805.34860722
39122,152,165,10681.66592171
39123,152,166,13142.69656922
39124,152,167,8725.69816217
39125,152,168,24971.13143061
39126,152,169,23255.72224807
39127,152,170,23798.10491951
39128,152,171,26105.89651724
39129,152,172,24005.77185068
39130,152,173,24825.2228139
39131,152,174,26323.4895516
39132,152,175,24566.06969482
39133,152,176,25091.17786849
39134,152,177,23763.81595754
39135,152,178,28334.89640831
39136,152,179,23852.68766529
39137,152,180,30382.2564642
39138,152,181,34893.64549692
39139,152,182,38137.82536383
39140,152,183,42588.04633377
39141,152,184,32348.51968618
39142,152,185,25732.2712097
39143,152,186,37254.38515301
39144,152,187,41290.25291413
39145,152,188,36707.10056832
39146,152,189,36141.68046163
39147,152,190,37744.09548889
39148,152,191,36686.93043119
39149,152,192,35622.50399593
39150,152,193,36965.28985736
39151,152,194,37346.43670727
39152,152,195,35645.16075847
39153,152,196,36440.27081916
39154,152,197,39071.62828597
39155,152,198,12857.48837495
39156,152,199,15554.25174724
39157,152,200,45023.23075638
39158,152,201,28981.35803606
39159,152,202,54896.12900422
39160,152,203,50088.38666031
39161,152,204,41400.67987978
39162,152,205,33686.30735098
39163,152,206,24600.74348658
39164,152,207,58246.0687456
39165,152,208,18856.85339879
39166,152,209,14241.12394706
39167,152,210,10464.38593635
39168,152,211,17734.1450965
39169,152,212,53622.86009466
39170,152,213,61249.62910636
39171,152,214,41036.12090937
39172,152,215,25159.77099188
39173,152,216,16302.00325731
39174,152,217,20160.12867816
39175,152,218,22019.18419407
39176,152,219,49285.93662026
39177,152,220,53676.8927596
39178,152,221,17249.79325649
39179,152,222,31391.81244467
39180,152,223,13785.49038101
39181,152,224,58491.83934471
39182,152,225,17734.95339661
39183,152,226,36963.53833466
39184,152,227,26625.52021694
39185,152,228,60688.38549201
39186,152,229,43712.00534737
39187,152,230,46324.05723987
39188,152,231,10455.09100285
39189,152,232,10279.53032538
39190,152,233,10645.91169459
39191,152,234,9679.46510782
39192,152,235,10044.04614989
39193,152,236,10847.05094279
39194,152,237,9834.39667324
39195,152,238,25221.80247676
39196,152,239,14530.08050187
39197,152,240,22867.40694924
39198,152,241,9014.45163075
39199,152,242,11658.95807288
39200,152,243,10515.76824404
39201,152,244,18957.01506281
39202,152,245,18330.06571215
39203,152,246,19681.27648581
39204,152,247,15659.63784655
39205,152,248,17500.959132
39206,152,249,23800.51143093
39207,152,250,24507.00015302
39208,152,251,13366.42923812
39209,152,252,10111.92087841
39210,152,253,11846.12841763
39211,152,254,20617.88624144
39212,152,255,21647.83373689
39213,152,256,24704.11968857
39214,152,257,16587.24393978
39215,152,258,11028.90719136
39216,153,1,4389.12298575
39217,153,2,3246.435124
39218,153,3,3636.08786717
39219,153,4,2115.46870642
39220,153,5,2475.51381011
39221,153,6,1721.86892634
39222,153,7,8589.8305102
39223,153,8,2628.33895167
39224,153,9,2877.98835976
39225,153,10,9175.53544993
39226,153,11,7791.86054607
39227,153,12,6382.20963758
39228,153,13,5062.7511841
39229,153,14,1525.9523174
39230,153,15,2714.02839576
39231,153,16,4447.38517612
39232,153,17,11073.37350906
39233,153,18,10043.59889611
39234,153,19,1876.81111765
39235,153,20,6388.80169493
39236,153,21,13766.77442344
39237,153,22,10444.8618718
39238,153,23,5467.6535628
39239,153,24,3611.47617743
39240,153,25,4309.4750025
39241,153,26,8622.38467575
39242,153,27,12527.83088979
39243,153,28,7524.92933345
39244,153,29,8034.58166717
39245,153,30,9053.46076137
39246,153,31,2255.71580293
39247,153,32,3558.89937472
39248,153,33,15477.68608851
39249,153,34,5100.9189526
39250,153,35,2014.07131069
39251,153,36,12212.86402687
39252,153,37,12625.29118394
39253,153,38,2788.94398872
39254,153,39,6225.24027981
39255,153,40,21296.90240498
39256,153,41,14149.68797717
39257,153,42,11916.53588628
39258,153,43,26243.086537
39259,153,44,14233.70546208
39260,153,45,10718.34411146
39261,153,46,12971.14017981
39262,153,47,31916.47889904
39263,153,48,33025.03114392
39264,153,49,10006.26481421
39265,153,50,28393.6361777
39266,153,51,8521.32867802
39267,153,52,8824.72196596
39268,153,53,7563.54914869
39269,153,54,9640.96364669
39270,153,55,20244.5679192
39271,153,56,11623.72311307
39272,153,57,11700.43864029
39273,153,58,9945.47156494
39274,153,59,10426.58886411
39275,153,60,7301.51766612
39276,153,61,12069.53523509
39277,153,62,14385.93764011
39278,153,63,7001.18268003
39279,153,64,22930.01119543
39280,153,65,7280.59197593
39281,153,66,8572.80132243
39282,153,67,14446.43817755
39283,153,68,13293.80632747
39284,153,69,39528.97439345
39285,153,70,18583.41172811
39286,153,71,49021.74996822
39287,153,72,27043.02152369
39288,153,73,50711.19257497
39289,153,74,41070.57703767
39290,153,75,29066.40629646
39291,153,76,46949.96448342
39292,153,77,52216.30829414
39293,153,78,52589.3759251
39294,153,79,31216.35699137
39295,153,80,45132.9511909
39296,153,81,43679.34361475
39297,153,82,33345.00737164
39298,153,83,14845.40634557
39299,153,84,46116.24877352
39300,153,85,35677.50293076
39301,153,86,14176.62770794
39302,153,87,16485.23291841
39303,153,88,13545.84636435
39304,153,89,16203.65260242
39305,153,90,6641.53100334
39306,153,91,5209.81641126
39307,153,92,9722.66186472
39308,153,93,4693.56621292
39309,153,94,3368.30810161
39310,153,95,6693.04108461
39311,153,96,16730.62219848
39312,153,97,21083.79254423
39313,153,98,19832.88668941
39314,153,99,4601.5209934
39315,153,100,15291.16084788
39316,153,101,4851.93142063
39317,153,102,4209.66716979
39318,153,103,22172.86288936
39319,153,104,12907.13910994
39320,153,105,8385.70079155
39321,153,106,4381.39705092
39322,153,107,5805.8139426
39323,153,108,18420.72543391
39324,153,109,11514.08466933
39325,153,110,20832.79498815
39326,153,111,13049.74204331
39327,153,112,5147.32582428
39328,153,113,22162.39528405
39329,153,114,9487.54244086
39330,153,115,24813.96799894
39331,153,116,3189.16052136
39332,153,117,7024.64139781
39333,153,118,17848.23217837
39334,153,119,26637.4447579
39335,153,120,15158.32955651
39336,153,121,7806.68982563
39337,153,122,18921.8429209
39338,153,123,2604.94204702
39339,153,124,1343.20920487
39340,153,125,6510.74806196
39341,153,126,16160.6488491
39342,153,127,4001.91715632
39343,153,128,8655.97990358
39344,153,129,7506.53434818
39345,153,130,2605.40139215
39346,153,131,22658.24390953
39347,153,132,827.73489422
39348,153,133,23381.19981392
39349,153,134,18797.11535458
39350,153,135,14830.13005381
39351,153,136,13063.63542494
39352,153,137,15020.17774301
39353,153,138,16770.23931717
39354,153,139,13921.25888436
39355,153,140,13103.55424263
39356,153,141,14379.99295796
39357,153,142,18045.50364141
39358,153,143,19475.68076722
39359,153,144,16433.70708142
39360,153,145,17970.52433073
39361,153,146,14449.56361059
39362,153,147,891.08089888
39363,153,148,7862.65982937
39364,153,149,4301.7643266
39365,153,150,13810.38197143
39366,153,151,1900.36231859
39367,153,152,7104.04657551
39368,153,153,0.0
39369,153,154,2480.85456805
39370,153,155,11005.37665801
39371,153,156,10720.60801102
39372,153,157,3170.07141111
39373,153,158,15423.63483261
39374,153,159,11692.56711085
39375,153,160,12319.514277
39376,153,161,9673.50806524
39377,153,162,8951.23756043
39378,153,163,8469.49251642
39379,153,164,6311.22105234
39380,153,165,5759.3849882
39381,153,166,9232.61530203
39382,153,167,1669.192568
39383,153,168,31824.83778132
39384,153,169,29964.34377668
39385,153,170,30609.51750614
39386,153,171,33006.42648091
39387,153,172,31035.49179448
39388,153,173,31828.89223782
39389,153,174,33302.22799317
39390,153,175,31667.78602332
39391,153,176,32180.47409116
39392,153,177,30830.42882869
39393,153,178,25186.66593897
39394,153,179,20788.81433035
39395,153,180,27311.21368632
39396,153,181,32605.6969065
39397,153,182,36331.88628711
39398,153,183,40867.25500276
39399,153,184,29657.90402655
39400,153,185,22761.89148291
39401,153,186,35266.83087925
39402,153,187,39582.18761858
39403,153,188,40778.40406533
39404,153,189,39135.87863259
39405,153,190,39246.17419673
39406,153,191,39205.58946166
39407,153,192,39342.28997719
39408,153,193,39278.98240528
39409,153,194,39268.69118811
39410,153,195,39023.6793968
39411,153,196,40890.87665197
39412,153,197,40354.68147124
39413,153,198,17817.78025115
39414,153,199,20803.87621376
39415,153,200,49465.24305881
39416,153,201,33932.65922097
39417,153,202,59084.46912391
39418,153,203,54339.44608007
39419,153,204,45917.71295444
39420,153,205,38148.79659822
39421,153,206,29786.33639234
39422,153,207,62618.43226511
39423,153,208,23872.15600407
39424,153,209,9371.75973592
39425,153,210,8217.14579519
39426,153,211,11455.58800794
39427,153,212,46884.23907806
39428,153,213,54537.69477683
39429,153,214,42188.37775839
39430,153,215,25060.99924068
39431,153,216,14433.73442886
39432,153,217,19652.18976544
39433,153,218,21426.01731732
39434,153,219,49724.30044035
39435,153,220,53989.99373966
39436,153,221,16859.2921537
39437,153,222,32529.33213869
39438,153,223,11565.07338795
39439,153,224,58668.39727333
39440,153,225,16480.43964552
39441,153,226,38282.63250829
39442,153,227,27124.25958012
39443,153,228,60776.8591357
39444,153,229,44559.89089102
39445,153,230,46971.53301745
39446,153,231,7648.91325588
39447,153,232,7742.4153679
39448,153,233,7553.53489423
39449,153,234,8118.32049286
39450,153,235,7872.14418052
39451,153,236,7439.09448622
39452,153,237,8036.90116221
39453,153,238,20719.38874353
39454,153,239,11206.63885653
39455,153,240,19021.09268642
39456,153,241,2136.45158221
39457,153,242,7297.66745666
39458,153,243,3549.09607757
39459,153,244,15632.36000189
39460,153,245,14733.7976865
39461,153,246,16595.72814173
39462,153,247,11893.73407189
39463,153,248,13796.39144939
39464,153,249,19782.97671274
39465,153,250,19708.9062917
39466,153,251,10474.73512604
39467,153,252,3464.94900887
39468,153,253,5090.43452769
39469,153,254,17388.84502078
39470,153,255,18104.61715529
39471,153,256,19600.11920838
39472,153,257,12576.28637834
39473,153,258,5658.10109261
39474,154,1,4787.16630779
39475,154,2,3892.28083431
39476,154,3,4538.33570423
39477,154,4,4554.60779379
39478,154,5,3647.50943046
39479,154,6,3719.9759596
39480,154,7,8070.81664551
39481,154,8,4564.23870761
39482,154,9,4381.93484388
39483,154,10,9092.92812337
39484,154,11,7287.25098531
39485,154,12,6058.45714199
39486,154,13,4988.25182273
39487,154,14,3997.66963195
39488,154,15,4976.03239543
39489,154,16,4412.08525926
39490,154,17,12484.07706124
39491,154,18,11514.35850983
39492,154,19,2225.03247599
39493,154,20,8208.03737854
39494,154,21,15142.5046133
39495,154,22,8285.48120431
39496,154,23,3014.14647471
39497,154,24,1195.74263179
39498,154,25,6005.77402434
39499,154,26,6279.21488232
39500,154,27,13932.575588
39501,154,28,9197.08173199
39502,154,29,5601.17884976
39503,154,30,10593.26785451
39504,154,31,1319.54681582
39505,154,32,5154.76629016
39506,154,33,16870.996422
39507,154,34,6980.30397623
39508,154,35,3230.91875772
39509,154,36,10225.48376575
39510,154,37,10750.22147913
39511,154,38,895.48090444
39512,154,39,3749.02402785
39513,154,40,22675.91145998
39514,154,41,15363.28316313
39515,154,42,12395.9851174
39516,154,43,27731.31352436
39517,154,44,15324.35801692
39518,154,45,11171.36847574
39519,154,46,13575.75529001
39520,154,47,33407.85990582
39521,154,48,34510.37681034
39522,154,49,10084.15658622
39523,154,50,29905.09858289
39524,154,51,8256.17912748
39525,154,52,8214.38996157
39526,154,53,5393.19251756
39527,154,54,8960.10972976
39528,154,55,17824.49336251
39529,154,56,11171.74013786
39530,154,57,9251.26401066
39531,154,58,7464.97267397
39532,154,59,9807.31608413
39533,154,60,6431.62786412
39534,154,61,12054.91369826
39535,154,62,11968.72892789
39536,154,63,5327.55014416
39537,154,64,20485.79292719
39538,154,65,5938.86395974
39539,154,66,6119.53559691
39540,154,67,12242.85832371
39541,154,68,11155.27489523
39542,154,69,37053.24283508
39543,154,70,16250.5119561
39544,154,71,46555.43567432
39545,154,72,24590.53981768
39546,154,73,48240.15518503
39547,154,74,38595.38115473
39548,154,75,26602.19990058
39549,154,76,44485.35235872
39550,154,77,49735.59685665
39551,154,78,50113.54519028
39552,154,79,28742.99528022
39553,154,80,42661.36052986
39554,154,81,41209.24588668
39555,154,82,30864.85611376
39556,154,83,13544.5038469
39557,154,84,43647.68797887
39558,154,85,33198.75606803
39559,154,86,12750.72702291
39560,154,87,14204.2988412
39561,154,88,11838.74312566
39562,154,89,14993.67471657
39563,154,90,5901.06729129
39564,154,91,5850.39273879
39565,154,92,8535.90779359
39566,154,93,6984.68849479
39567,154,94,5831.90644816
39568,154,95,6611.57699722
39569,154,96,15091.26526439
39570,154,97,19438.53943445
39571,154,98,18164.87217812
39572,154,99,6836.96419325
39573,154,100,13742.73968419
39574,154,101,5957.03580082
39575,154,102,6542.02277069
39576,154,103,20497.13310584
39577,154,104,11584.05930843
39578,154,105,7351.26999976
39579,154,106,6848.24777295
39580,154,107,6018.83534245
39581,154,108,16722.9936888
39582,154,109,10182.1260044
39583,154,110,20200.05627087
39584,154,111,13073.08684894
39585,154,112,7627.59156444
39586,154,113,21352.99918942
39587,154,114,9677.68132157
39588,154,115,23819.29956097
39589,154,116,3638.42606704
39590,154,117,9484.7991454
39591,154,118,17547.5915725
39592,154,119,25552.87529933
39593,154,120,15131.13231769
39594,154,121,10265.99400018
39595,154,122,18475.29596883
39596,154,123,3614.71975026
39597,154,124,3247.42966795
39598,154,125,6823.36971073
39599,154,126,16009.58016251
39600,154,127,3775.44490655
39601,154,128,11114.97942615
39602,154,129,7759.28477397
39603,154,130,5064.72670745
39604,154,131,21713.52437136
39605,154,132,3257.15466532
39606,154,133,22385.39707704
39607,154,134,17436.48243534
39608,154,135,13436.38649869
39609,154,136,11380.72858908
39610,154,137,12551.84605608
39611,154,138,14336.55976758
39612,154,139,12418.98567889
39613,154,140,10915.13329753
39614,154,141,12046.9592035
39615,154,142,16569.45254177
39616,154,143,18272.15679154
39617,154,144,14942.1429814
39618,154,145,16878.75586498
39619,154,146,11975.42319337
39620,154,147,1670.26927589
39621,154,148,10034.49040164
39622,154,149,2488.08667886
39623,154,150,15977.35395249
39624,154,151,4240.76603343
39625,154,152,9323.37167901
39626,154,153,2480.85456805
39627,154,154,0.0
39628,154,155,12992.28985402
39629,154,156,9053.48149838
39630,154,157,1472.24693935
39631,154,158,17578.96894884
39632,154,159,10012.90360204
39633,154,160,14411.94820407
39634,154,161,11711.8899382
39635,154,162,11042.20971737
39636,154,163,6777.09712181
39637,154,164,8557.99730338
39638,154,165,4078.33159009
39639,154,166,7604.81733891
39640,154,167,979.71384845
39641,154,168,33648.23594378
39642,154,169,31691.80632036
39643,154,170,32405.14120142
39644,154,171,34864.3323897
39645,154,172,33025.64774633
39646,154,173,33787.25771092
39647,154,174,35231.28669198
39648,154,175,33797.05877026
39649,154,176,34400.91841662
39650,154,177,32872.70440468
39651,154,178,23341.51890477
39652,154,179,19027.0929337
39653,154,180,25467.47723757
39654,154,181,30944.22595684
39655,154,182,34786.27094514
39656,154,183,39320.37280849
39657,154,184,27902.83035881
39658,154,185,20998.67251386
39659,154,186,33674.57992527
39660,154,187,38045.94714221
39661,154,188,41216.13141715
39662,154,189,39172.36581598
39663,154,190,38747.11706006
39664,154,191,39067.16105243
39665,154,192,39651.90257709
39666,154,193,39066.03322357
39667,154,194,38916.44600363
39668,154,195,39205.02990293
39669,154,196,41480.6252793
39670,154,197,39771.91676003
39671,154,198,18904.78295049
39672,154,199,21930.96608897
39673,154,200,50009.49273553
39674,154,201,34777.12939651
39675,154,202,59490.91105809
39676,154,203,54786.70253278
39677,154,204,46508.48046675
39678,154,205,38760.76654074
39679,154,206,30765.26572325
39680,154,207,63091.42164023
39681,154,208,24853.76537598
39682,154,209,7337.47654839
39683,154,210,7446.70576987
39684,154,211,8984.94816027
39685,154,212,44450.8852313
39686,154,213,52099.55271167
39687,154,214,41548.41263091
39688,154,215,24184.23823157
39689,154,216,13260.45657507
39690,154,217,18759.8106462
39691,154,218,20457.78274852
39692,154,219,48805.11786338
39693,154,220,53012.65157659
39694,154,221,16103.79264571
39695,154,222,31966.13156804
39696,154,223,10433.88574669
39697,154,224,57631.16872223
39698,154,225,15436.26732296
39699,154,226,37727.85156763
39700,154,227,26414.63028163
39701,154,228,59705.23063015
39702,154,229,43802.54021235
39703,154,230,46134.33684055
39704,154,231,6721.20650166
39705,154,232,6922.4172744
39706,154,233,6507.70168603
39707,154,234,7661.49277992
39708,154,235,7193.76343048
39709,154,236,6261.16904923
39710,154,237,7493.31023762
39711,154,238,20808.3676317
39712,154,239,12203.27368987
39713,154,240,19460.67916245
39714,154,241,2360.14606387
39715,154,242,8204.94375228
39716,154,243,1214.20684978
39717,154,244,16403.07926392
39718,154,245,15426.64555643
39719,154,246,17427.6936516
39720,154,247,12657.78908107
39721,154,248,14484.28898318
39722,154,249,20125.67918671
39723,154,250,19668.15399003
39724,154,251,11690.59446786
39725,154,252,3375.25173785
39726,154,253,2615.64555209
39727,154,254,18137.69276208
39728,154,255,18701.72245624
39729,154,256,19393.9778485
39730,154,257,13188.39953251
39731,154,258,6239.97452411
39732,155,1,9300.87446377
39733,155,2,13529.7416464
39734,155,3,8852.70759238
39735,155,4,9131.85347253
39736,155,5,12611.88905087
39737,155,6,11343.71280979
39738,155,7,11388.92956939
39739,155,8,8464.26410067
39740,155,9,8634.33138355
39741,155,10,10094.08183608
39742,155,11,11144.22164874
39743,155,12,10479.82505193
39744,155,13,10023.19651778
39745,155,14,10058.58355666
39746,155,15,8318.75639717
39747,155,16,14949.58707758
39748,155,17,3830.65913045
39749,155,18,3541.98121693
39750,155,19,10838.46142879
39751,155,20,4818.79419966
39752,155,21,5093.66256841
39753,155,22,21277.76272609
39754,155,23,15277.41214128
39755,155,24,13689.55901049
39756,155,25,7014.95410938
39757,155,26,19196.84340695
39758,155,27,4272.64749516
39759,155,28,4107.7543212
39760,155,29,18358.32510161
39761,155,30,3547.30449736
39762,155,31,11883.75252019
39763,155,32,7869.59124087
39764,155,33,6218.9773078
39765,155,34,6012.07123636
39766,155,35,9778.92254177
39767,155,36,23170.4000634
39768,155,37,23620.15187949
39769,155,38,12673.47745579
39770,155,39,16116.39511279
39771,155,40,11404.28626414
39772,155,41,6161.30177368
39773,155,42,8659.03211567
39774,155,43,15852.66660931
39775,155,44,6831.29049489
39776,155,45,8396.33366483
39777,155,46,8531.95243433
39778,155,47,21426.20231742
39779,155,48,22534.58967602
39780,155,49,9711.97463272
39781,155,50,17909.05811766
39782,155,51,10564.12215996
39783,155,52,11750.44470836
39784,155,53,15809.29282675
39785,155,54,12282.93336156
39786,155,55,30368.7152903
39787,155,56,12350.04220262
39788,155,57,21807.80538143
39789,155,58,19712.27516072
39790,155,59,12405.72023096
39791,155,60,12045.60250491
39792,155,61,10828.62675373
39793,155,62,24616.0714755
39794,155,63,14028.60496512
39795,155,64,32843.62918115
39796,155,65,13291.91169033
39797,155,66,17932.71892173
39798,155,67,21488.32374757
39799,155,68,20171.48690848
39800,155,69,48776.85233198
39801,155,70,26017.48699126
39802,155,71,58430.02500529
39803,155,72,35282.07067005
39804,155,73,60010.18188936
39805,155,74,50322.1943763
39806,155,75,37464.10246433
39807,155,76,56400.82632056
39808,155,77,61069.4422559
39809,155,78,61741.54665942
39810,155,79,39791.98853321
39811,155,80,54452.3336042
39812,155,81,53043.01592849
39813,155,82,42449.20906858
39814,155,83,17741.74662462
39815,155,84,55496.82757914
39816,155,85,44844.20188886
39817,155,86,17764.78169236
39818,155,87,23745.00943157
39819,155,88,18454.34094856
39820,155,89,18378.51262089
39821,155,90,11552.69133562
39822,155,91,8408.77321424
39823,155,92,13999.63839173
39824,155,93,10243.30132267
39825,155,94,8325.12207706
39826,155,95,9847.4693582
39827,155,96,20678.99101264
39828,155,97,24392.31112289
39829,155,98,23419.39575748
39830,155,99,6495.1658047
39831,155,100,19127.16555748
39832,155,101,7603.49810658
39833,155,102,7037.47491913
39834,155,103,25500.26041793
39835,155,104,16446.86310763
39836,155,105,12891.0079237
39837,155,106,8713.64576825
39838,155,107,9207.25253121
39839,155,108,22356.52810765
39840,155,109,15556.28158181
39841,155,110,19505.25545449
39842,155,111,11148.43795089
39843,155,112,7715.70941289
39844,155,113,21410.07300436
39845,155,114,9175.55544763
39846,155,115,24552.55806251
39847,155,116,9848.76054449
39848,155,117,6258.58791524
39849,155,118,15680.23014702
39850,155,119,26595.67752624
39851,155,120,12598.21759136
39852,155,121,6004.6818916
39853,155,122,17144.80461882
39854,155,123,9499.96558753
39855,155,124,9823.55659014
39856,155,125,8793.613659
39857,155,126,13807.67864257
39858,155,127,10553.78480947
39859,155,128,5850.51765612
39860,155,129,8838.97295435
39861,155,130,9583.87411002
39862,155,131,22448.75216742
39863,155,132,10217.11251907
39864,155,133,23306.4464029
39865,155,134,29623.41179469
39866,155,135,25713.60338572
39867,155,136,24062.61017137
39868,155,137,24028.97199813
39869,155,138,25209.31025085
39870,155,139,24865.90388635
39871,155,140,23902.46809904
39872,155,141,24911.81638966
39873,155,142,28951.74296465
39874,155,143,30163.37841224
39875,155,144,27357.65761232
39876,155,145,28569.99873429
39877,155,146,24187.96374959
39878,155,147,11843.35982338
39879,155,148,3369.09740918
39880,155,149,13081.01927399
39881,155,150,3400.54973056
39882,155,151,9148.1512896
39883,155,152,4182.25910758
39884,155,153,11005.37665801
39885,155,154,12992.28985402
39886,155,155,0.0
39887,155,156,16254.33529517
39888,155,157,12572.80113617
39889,155,158,4831.24953455
39890,155,159,16976.00163384
39891,155,160,1663.24779004
39892,155,161,1368.72932787
39893,155,162,2161.41140752
39894,155,163,14901.58611435
39895,155,164,4957.97235135
39896,155,165,13446.62181894
39897,155,166,15158.30586654
39898,155,167,12538.06717699
39899,155,168,20854.38586701
39900,155,169,19090.14700538
39901,155,170,19662.2785647
39902,155,171,22015.76387037
39903,155,172,20046.1855692
39904,155,173,20827.65586053
39905,155,174,22296.96099447
39906,155,175,20846.17659474
39907,155,176,21601.8922678
39908,155,177,19880.41668134
39909,155,178,29099.99290088
39910,155,179,24713.3092885
39911,155,180,31048.08680112
39912,155,181,34988.76890054
39913,155,182,37886.81132373
39914,155,183,42221.7702394
39915,155,184,32738.7392828
39916,155,185,26469.77956308
39917,155,186,37126.58356768
39918,155,187,40933.75189105
39919,155,188,33274.12399344
39920,155,189,33235.18308553
39921,155,190,35605.50893955
39922,155,191,34019.04839657
39923,155,192,32362.81340441
39924,155,193,34401.50354705
39925,155,194,34985.95884957
39926,155,195,32551.33914388
39927,155,196,32841.04352787
39928,155,197,37034.89293801
39929,155,198,9451.24494912
39930,155,199,11856.86844712
39931,155,200,41384.7011007
39932,155,201,25222.10911489
39933,155,202,51327.49491496
39934,155,203,46509.30688242
39935,155,204,37746.88510208
39936,155,205,30100.88940758
39937,155,206,20781.12661802
39938,155,207,54595.16798242
39939,155,208,15199.32667598
39940,155,209,16637.14405253
39941,155,210,12043.81853873
39942,155,211,20744.61079356
39943,155,212,56717.44259263
39944,155,213,64297.21615982
39945,155,214,39046.3334768
39946,155,215,24223.88454414
39947,155,216,16916.03012859
39948,155,217,19701.05516281
39949,155,218,21509.7437028
39950,155,219,47603.68978539
39951,155,220,52028.33923667
39952,155,221,16923.05538207
39953,155,222,29564.10474978
39954,155,223,14851.17908781
39955,155,224,56885.7602481
39956,155,225,17878.48528794
39957,155,226,34936.21626387
39958,155,227,25289.30310987
39959,155,228,59117.67589908
39960,155,229,41858.54306793
39961,155,230,44553.9149215
39962,155,231,12310.47246661
39963,155,232,12037.84570653
39964,155,233,12603.82229451
39965,155,234,11074.55316928
39966,155,235,11669.70660142
39967,155,236,12919.81164328
39968,155,237,11316.18589026
39969,155,238,29236.31365075
39970,155,239,18468.91356742
39971,155,240,26771.37985198
39972,155,241,13028.60909527
39973,155,242,15794.67743983
39974,155,243,14206.29456881
39975,155,244,22801.60494341
39976,155,245,22242.53754438
39977,155,246,23457.63237408
39978,155,247,19650.19584865
39979,155,248,21448.14092717
39980,155,249,27731.39233531
39981,155,250,28575.22354153
39982,155,251,17259.48705674
39983,155,252,14194.43643568
39984,155,253,15354.98763956
39985,155,254,24412.20107903
39986,155,255,25499.72355518
39987,155,256,28815.01970177
39988,155,257,20602.01001551
39989,155,258,15211.16350036
39990,156,1,7930.99187827
39991,156,2,12942.58741003
39992,156,3,8906.61918933
39993,156,4,11972.43161385
39994,156,5,12654.87983561
39995,156,6,12399.46243499
39996,156,7,4964.73259962
39997,156,8,10764.00375552
39998,156,9,9946.77280481
39999,156,10,6585.19914597
40000,156,11,5110.53436282
40001,156,12,5958.69663895
40002,156,13,6921.18917635
40003,156,14,12006.84016801
40004,156,15,11675.04860498
40005,156,16,13263.90176361
40006,156,17,13550.93104694
40007,156,18,13104.94577998
40008,156,19,8940.88861129
40009,156,20,12228.73022557
40010,156,21,15400.8744958
40011,156,22,11929.65012449
40012,156,23,7099.63716461
40013,156,24,8043.52000454
40014,156,25,10792.60416889
40015,156,26,9685.51316047
40016,156,27,14584.90862867
40017,156,28,12333.86406207
40018,156,29,8569.09563976
40019,156,30,12746.74866349
40020,156,31,8514.90730299
40021,156,32,10284.7057289
40022,156,33,16861.91601475
40023,156,34,11725.4246412
40024,156,35,9510.97451553
40025,156,36,14133.71397231
40026,156,37,15034.09108364
40027,156,38,8257.87297456
40028,156,39,7165.23148423
40029,156,40,21829.89230916
40030,156,41,14936.4026358
40031,156,42,10101.88454232
40032,156,43,26944.34193765
40033,156,44,14431.08356925
40034,156,45,9297.49290871
40035,156,46,11332.6083057
40036,156,47,32322.24914927
40037,156,48,33349.13838595
40038,156,49,7464.62337426
40039,156,50,29087.89067218
40040,156,51,5831.27535882
40041,156,52,4637.40625838
40042,156,53,4296.37229957
40043,156,54,4393.11809495
40044,156,55,16526.33673108
40045,156,56,5990.70420513
40046,156,57,9657.18790341
40047,156,58,7690.92738817
40048,156,59,4796.74164465
40049,156,60,4339.22540524
40050,156,61,8100.30421535
40051,156,62,11948.14895552
40052,156,63,3749.07938669
40053,156,64,18379.63117488
40054,156,65,3559.7857901
40055,156,66,6218.22697488
40056,156,67,5336.74055459
40057,156,68,4045.94812273
40058,156,69,33031.17839201
40059,156,70,9827.92168516
40060,156,71,42712.68831002
40061,156,72,19176.81217091
40062,156,73,44201.392513
40063,156,74,34561.7539801
40064,156,75,21389.98304281
40065,156,76,40734.74078974
40066,156,77,45011.92287164
40067,156,78,45829.38033732
40068,156,79,23763.71337209
40069,156,80,38700.96481269
40070,156,81,37338.85486305
40071,156,82,26687.80349986
40072,156,83,4842.97387258
40073,156,84,39782.55111469
40074,156,85,29090.68489318
40075,156,86,3864.87748611
40076,156,87,7567.89142108
40077,156,88,2825.28101602
40078,156,89,6383.5966473
40079,156,90,4972.48849447
40080,156,91,8330.09887412
40081,156,92,2375.90235038
40082,156,93,15304.57523298
40083,156,94,13083.34051455
40084,156,95,6467.17092217
40085,156,96,6043.34374502
40086,156,97,10397.72112135
40087,156,98,9132.45896577
40088,156,99,12752.86599281
40089,156,100,4704.77389152
40090,156,101,9405.07682121
40091,156,102,12918.69229719
40092,156,103,11471.12614518
40093,156,104,3043.5373015
40094,156,105,3369.21376526
40095,156,106,14527.53276832
40096,156,107,7308.29836277
40097,156,108,7706.5109045
40098,156,109,2003.33219275
40099,156,110,12616.7690489
40100,156,111,8872.07963075
40101,156,112,14852.02655057
40102,156,113,13277.43147015
40103,156,114,7702.35743284
40104,156,115,15301.97293728
40105,156,116,8357.54271441
40106,156,117,16078.44102241
40107,156,118,11203.41864453
40108,156,119,16865.64841787
40109,156,120,10161.52288871
40110,156,121,16747.20423008
40111,156,122,11563.08784354
40112,156,123,9180.09133731
40113,156,124,10342.78302041
40114,156,125,7523.25999819
40115,156,126,10417.99852879
40116,156,127,7243.51327646
40117,156,128,17491.05317069
40118,156,129,7425.21325657
40119,156,130,13001.54222176
40120,156,131,13340.76835858
40121,156,132,11082.43943859
40122,156,133,13898.3631823
40123,156,134,22618.28247969
40124,156,135,18955.33782788
40125,156,136,16281.20628299
40126,156,137,9201.40270009
40127,156,138,9607.19639794
40128,156,139,17748.33872321
40129,156,140,13481.91497469
40130,156,141,13084.07765847
40131,156,142,21452.41626909
40132,156,143,23865.14079561
40133,156,144,19956.33718636
40134,156,145,22893.88022709
40135,156,146,10508.45381464
40136,156,147,10339.32504816
40137,156,148,14781.60644733
40138,156,149,6588.87349751
40139,156,150,19653.56211241
40140,156,151,11450.99608658
40141,156,152,14456.45016877
40142,156,153,10720.60801102
40143,156,154,9053.48149838
40144,156,155,16254.33529517
40145,156,156,0.0
40146,156,157,7719.36088624
40147,156,158,20998.79208246
40148,156,159,972.08420186
40149,156,160,17917.5202296
40150,156,161,15477.06281991
40151,156,162,15192.28607054
40152,156,163,2279.63071418
40153,156,164,14007.81680321
40154,156,165,5012.65869464
40155,156,166,1488.55689947
40156,156,167,9941.41374073
40157,156,168,34137.14733465
40158,156,169,31788.96473037
40159,156,170,32807.26104828
40160,156,171,35483.13740117
40161,156,172,34440.30423882
40162,156,173,34992.08529329
40163,156,174,36218.10365488
40164,156,175,36018.96876298
40165,156,176,37218.95619021
40166,156,177,34595.45655105
40167,156,178,14485.694834
40168,156,179,10068.64549002
40169,156,180,16606.46740512
40170,156,181,21917.64261589
40171,156,182,25732.96943141
40172,156,183,30267.39353642
40173,156,184,18938.21063333
40174,156,185,12041.39526108
40175,156,186,24626.43441644
40176,156,187,28992.51371205
40177,156,188,35865.26652692
40178,156,189,32673.86239714
40179,156,190,30939.39662643
40180,156,191,32103.08551966
40181,156,192,33939.15156419
40182,156,193,31913.48254784
40183,156,194,31432.00933291
40184,156,195,33118.79753672
40185,156,196,36618.15663498
40186,156,197,31780.2363661
40187,156,198,17334.08227755
40188,156,199,20128.95905919
40189,156,200,44827.16920122
40190,156,201,31019.39670867
40191,156,202,53758.71106307
40192,156,203,49231.64704538
40193,156,204,41539.15521523
40194,156,205,34046.38398605
40195,156,206,27697.72809514
40196,156,207,57525.39350794
40197,156,208,22195.0470777
40198,156,209,2543.48430676
40199,156,210,4212.71586559
40200,156,211,7262.32219286
40201,156,212,41428.49440931
40202,156,213,48851.88388419
40203,156,214,33428.96447348
40204,156,215,15874.33673627
40205,156,216,4888.49303656
40206,156,217,10622.29566729
40207,156,218,12080.38985684
40208,156,219,40192.94478668
40209,156,220,44313.71417218
40210,156,221,8546.03799886
40211,156,222,24127.96493819
40212,156,223,2952.79262853
40213,156,224,48854.13588379
40214,156,225,7168.52523185
40215,156,226,29816.74183026
40216,156,227,18387.27601286
40217,156,228,50889.14262778
40218,156,229,35458.19122184
40219,156,230,37650.26446791
40220,156,231,4018.72372839
40221,156,232,4243.71140667
40222,156,233,3810.71466862
40223,156,234,5206.17336253
40224,156,235,4585.69840859
40225,156,236,3644.85070043
40226,156,237,4947.29293991
40227,156,238,28936.72913135
40228,156,239,21212.20357608
40229,156,240,28026.27560641
40230,156,241,11413.31287844
40231,156,242,17227.53825896
40232,156,243,9088.6162293
40233,156,244,25273.28264285
40234,156,245,24259.52336461
40235,156,246,26324.25578561
40236,156,247,21569.78752943
40237,156,248,23327.1384188
40238,156,249,28579.14178802
40239,156,250,27643.1136544
40240,156,251,20741.43074277
40241,156,252,12316.70083294
40242,156,253,8023.55488229
40243,156,254,26976.32539723
40244,156,255,27420.93829143
40245,156,256,27123.64437573
40246,156,257,22004.15412336
40247,156,258,15217.04837348
40248,157,1,3739.84701342
40249,157,2,5298.41279559
40250,157,3,3779.34881984
40251,157,4,4943.78586335
40252,157,5,4939.66483551
40253,157,6,4743.59923255
40254,157,7,6626.46242041
40255,157,8,4447.21333695
40256,157,9,4000.28879803
40257,157,10,7721.66372904
40258,157,11,5851.1103095
40259,157,12,4677.7179646
40260,157,13,3725.83854811
40261,157,14,4640.42633107
40262,157,15,5094.77491771
40263,157,16,5883.78717519
40264,157,17,11661.05201797
40265,157,18,10742.00186521
40266,157,19,1885.6649665
40267,157,20,7754.92962017
40268,157,21,14269.56282182
40269,157,22,8892.68036236
40270,157,23,2734.62030535
40271,157,24,1220.93877599
40272,157,25,5577.10682965
40273,157,26,6668.22353289
40274,157,27,13088.23139457
40275,157,28,8606.15452811
40276,157,29,5786.35244808
40277,157,30,9880.98042192
40278,157,31,944.5479055
40279,157,32,4733.42722691
40280,157,33,15994.10249288
40281,157,34,6625.76730421
40282,157,35,2933.38294363
40283,157,36,10974.00762238
40284,157,37,11585.31975823
40285,157,38,579.930944
40286,157,39,3574.35282561
40287,157,40,21760.74823648
40288,157,41,14401.2362136
40289,157,42,11152.66234507
40290,157,43,26862.95307801
40291,157,44,14301.99073371
40292,157,45,9931.44819845
40293,157,46,12365.89215978
40294,157,47,32529.43532487
40295,157,48,33626.55470334
40296,157,49,8742.7429197
40297,157,50,29045.45855145
40298,157,51,6853.53543662
40299,157,52,6758.29181493
40300,157,53,4399.95598848
40301,157,54,7495.26841185
40302,157,55,17882.15289825
40303,157,56,9722.16277836
40304,157,57,9282.11019177
40305,157,58,7287.97148761
40306,157,59,8345.02698929
40307,157,60,4962.39491994
40308,157,61,10675.95749546
40309,157,62,12074.34643553
40310,157,63,3970.69757751
40311,157,64,20455.44705823
40312,157,65,4493.20505449
40313,157,66,5686.94785687
40314,157,67,11278.43887143
40315,157,68,10124.1433309
40316,157,69,36829.37940201
40317,157,70,15453.14018785
40318,157,71,46391.15993846
40319,157,72,24058.91413173
40320,157,73,48045.92175022
40321,157,74,38375.18265323
40322,157,75,26120.08040238
40323,157,76,44331.6371963
40324,157,77,49424.07047055
40325,157,78,49880.47400312
40326,157,79,28314.76917383
40327,157,80,42466.62290603
40328,157,81,41025.62643777
40329,157,82,30586.11240133
40330,157,83,12118.34685768
40331,157,84,43472.08164822
40332,157,85,32943.74777926
40333,157,86,11350.64966593
40334,157,87,13332.72103037
40335,157,88,10530.14193104
40336,157,89,13553.8979189
40337,157,90,4445.72631659
40338,157,91,4832.87706845
40339,157,92,7080.14752473
40340,157,93,7863.36741764
40341,157,94,6223.37775755
40342,157,95,5282.38508035
40343,157,96,13762.08644902
40344,157,97,18117.07178893
40345,157,98,16850.82692751
40346,157,99,6814.40990277
40347,157,100,12379.59996443
40348,157,101,5169.10199351
40349,157,102,6651.91431506
40350,157,103,19188.44798728
40351,157,104,10158.28597908
40352,157,105,5880.68932866
40353,157,106,7448.42048698
40354,157,107,4809.71079539
40355,157,108,15419.19265931
40356,157,109,8754.41156809
40357,157,110,18729.06431514
40358,157,111,11697.18309176
40359,157,112,8078.779876
40360,157,113,19881.96739689
40361,157,114,8372.2579332
40362,157,115,22359.60734427
40363,157,116,2784.02786755
40364,157,117,9781.71492681
40365,157,118,16103.38223876
40366,157,119,24103.27875646
40367,157,120,13736.29327397
40368,157,121,10549.42049648
40369,157,122,17015.21272219
40370,157,123,3086.45069808
40371,157,124,3355.87556173
40372,157,125,5619.82003776
40373,157,126,14589.67040573
40374,157,127,2556.88243621
40375,157,128,11387.68740142
40376,157,129,6507.20062061
40377,157,130,5717.8888191
40378,157,131,20249.11498976
40379,157,132,3753.96501565
40380,157,133,20925.26850528
40381,157,134,18530.61522973
40382,157,135,14538.27903756
40383,157,136,12342.56850455
40384,157,137,12128.00346474
40385,157,138,13759.95896648
40386,157,139,13474.51468132
40387,157,140,11440.83798487
40388,157,141,12341.25841262
40389,157,142,17609.79687865
40390,157,143,19433.08058881
40391,157,144,15983.8924806
40392,157,145,18089.67288512
40393,157,146,11833.63757803
40394,157,147,2639.35292632
40395,157,148,9844.86620508
40396,157,149,1151.00377078
40397,157,150,15706.38228296
40398,157,151,4512.91256578
40399,157,152,9202.74026569
40400,157,153,3170.07141111
40401,157,154,1472.24693935
40402,157,155,12572.80113617
40403,157,156,7719.36088624
40404,157,157,0.0
40405,157,158,17283.5332947
40406,157,159,8687.50954534
40407,157,160,14075.82905819
40408,157,161,11357.66363652
40409,157,162,10749.64313276
40410,157,163,5441.02721549
40411,157,164,8489.11918006
40412,157,165,2707.09873448
40413,157,166,6248.26454557
40414,157,167,2238.4237458
40415,157,168,32992.77948764
40416,157,169,30969.24904145
40417,157,170,31730.8918095
40418,157,171,34233.75166559
40419,157,172,32510.63878096
40420,157,173,33242.43828319
40421,157,174,34658.63842663
40422,157,175,33418.67812491
40423,157,176,34128.41851527
40424,157,177,32406.85720332
40425,157,178,22112.22152654
40426,157,179,17753.73499454
40427,157,180,24238.58923369
40428,157,181,29636.16375923
40429,157,182,33438.94047982
40430,157,183,37974.74834445
40431,157,184,26632.35292817
40432,157,185,19727.7178544
40433,157,186,32342.33016294
40434,157,187,36696.61612165
40435,157,188,39892.8131206
40436,157,189,37761.81379621
40437,157,190,37278.34722521
40438,157,191,37629.97713359
40439,157,192,38297.17728016
40440,157,193,37619.70343395
40441,157,194,37456.66090895
40442,157,195,37822.022685
40443,157,196,40200.58423452
40444,157,197,38300.44252622
40445,157,198,17858.05896144
40446,157,199,20889.94087745
40447,157,200,48711.27195928
40448,157,201,33589.61027861
40449,157,202,58152.11352611
40450,157,203,53459.84280541
40451,157,204,45225.71634393
40452,157,205,37489.57776294
40453,157,206,29636.57220469
40454,157,207,61768.97776832
40455,157,208,23738.59692865
40456,157,209,6210.51840369
40457,157,210,5980.03122943
40458,157,211,8604.83106563
40459,157,212,44420.29097357
40460,157,213,52048.91351676
40461,157,214,40076.19825529
40462,157,215,22716.3905665
40463,157,216,11812.94806775
40464,157,217,17291.28072077
40465,157,218,18994.61072043
40466,157,219,47343.31093947
40467,157,220,51556.25271807
40468,157,221,14631.54847653
40469,157,222,30495.61254803
40470,157,223,8976.42369949
40471,157,224,56181.51507437
40472,157,225,13976.50304818
40473,157,226,36257.16295365
40474,157,227,24942.41806478
40475,157,228,58259.94322017
40476,157,229,42331.81297456
40477,157,230,44666.99197281
40478,157,231,5249.40789151
40479,157,232,5454.35743361
40480,157,233,5036.27234652
40481,157,234,6229.52384383
40482,157,235,5735.83756936
40483,157,236,4796.44145747
40484,157,237,6049.66771505
40485,157,238,22266.54446438
40486,157,239,13627.87154931
40487,157,240,20932.92162386
40488,157,241,3753.06492278
40489,157,242,9628.08866903
40490,157,243,2215.99346142
40491,157,244,17860.14994509
40492,157,245,16888.81598514
40493,157,246,18880.0834614
40494,157,247,14111.19139616
40495,157,248,15945.99860754
40496,157,249,21596.89463023
40497,157,250,21115.19965054
40498,157,251,13074.68616062
40499,157,252,4842.52524583
40500,157,253,2815.33424554
40501,157,254,19597.7537548
40502,157,255,20170.69215551
40503,157,256,20820.78653067
40504,157,257,14653.6303081
40505,157,258,7689.05752556
40506,158,1,14117.65849116
40507,158,2,17585.21281574
40508,158,3,13621.57315094
40509,158,4,13407.42653557
40510,158,5,16698.08569997
40511,158,6,15470.48785119
40512,158,7,16079.14803815
40513,158,8,13014.73426874
40514,158,9,13297.02201005
40515,158,10,14667.68527496
40516,158,11,15893.3209584
40517,158,12,15293.404789
40518,158,13,14853.76206045
40519,158,14,14285.81166011
40520,158,15,12710.77328648
40521,158,16,19002.62785173
40522,158,17,7781.71483471
40523,158,18,7960.03022859
40524,158,19,15492.1520165
40525,158,20,9556.65666383
40526,158,21,7393.4804777
40527,158,22,25835.0029313
40528,158,23,20008.42355695
40529,158,24,18359.8577277
40530,158,25,11706.89939321
40531,158,26,23840.50158698
40532,158,27,7361.22959257
40533,158,28,8936.58210283
40534,158,29,23051.05954686
40535,158,30,8254.60681044
40536,158,31,16544.09979873
40537,158,32,12551.00164387
40538,158,33,7387.39524897
40539,158,34,10660.83464011
40540,158,35,14419.77101361
40541,158,36,27634.91322536
40542,158,37,28020.59725397
40543,158,38,17338.9711756
40544,158,39,20849.33988295
40545,158,40,10318.57499079
40546,158,41,8516.42936108
40547,158,42,12549.79381845
40548,158,43,13548.49333914
40549,158,44,9340.58830504
40550,158,45,12596.92515924
40551,158,46,12043.01873637
40552,158,47,18700.87828276
40553,158,48,19774.9411079
40554,158,49,14137.74933244
40555,158,50,15332.76184672
40556,158,51,15233.02193943
40557,158,52,16432.07998604
40558,158,53,20635.67723522
40559,158,54,16903.72742471
40560,158,55,35137.47454459
40561,158,56,16683.18883181
40562,158,57,26554.7414869
40563,158,58,24487.46709555
40564,158,59,16934.8800603
40565,158,60,16842.79452922
40566,158,61,14912.7352513
40567,158,62,29355.15245126
40568,158,63,18859.39641401
40569,158,64,37640.37622318
40570,158,65,18111.33831405
40571,158,66,22728.57508241
40572,158,67,26268.94429188
40573,158,68,24952.80744396
40574,158,69,53607.85265454
40575,158,70,30795.79636056
40576,158,71,63261.24821561
40577,158,72,40084.55888225
40578,158,73,64840.90733449
40579,158,74,55153.11759883
40580,158,75,42272.33522536
40581,158,76,61231.74361621
40582,158,77,65885.45017854
40583,158,78,66569.31723014
40584,158,79,44606.78256095
40585,158,80,59283.48465694
40586,158,81,57874.25802016
40587,158,82,47279.46438186
40588,158,83,22124.71067131
40589,158,84,60328.06946523
40590,158,85,49674.84448182
40591,158,86,22254.24921685
40592,158,87,28524.16944077
40593,158,88,23092.23989034
40594,158,89,22604.94890109
40595,158,90,16367.62191978
40596,158,91,13239.14256348
40597,158,92,18704.37020567
40598,158,93,13668.63449128
40599,158,94,12392.6565411
40600,158,95,14643.99190817
40601,158,96,25132.60776657
40602,158,97,28638.57445882
40603,158,98,27741.57806519
40604,158,99,10822.13429306
40605,158,100,23608.27910846
40606,158,101,12414.39442521
40607,158,102,11255.07155297
40608,158,103,29723.97343555
40609,158,104,20978.10991183
40610,158,105,17650.42107206
40611,158,106,12361.7275986
40612,158,107,14033.2403575
40613,158,108,26765.11179999
40614,158,109,20182.48721917
40615,158,110,22775.90470352
40616,158,111,15019.10466774
40617,158,112,11286.7503346
40618,158,113,24755.78704466
40619,158,114,13666.15203206
40620,158,115,27908.94937999
40621,158,116,14607.64977292
40622,158,117,9390.46086882
40623,158,118,18961.2702773
40624,158,119,29944.87987141
40625,158,120,16079.26326786
40626,158,121,8804.47731021
40627,158,122,20432.48019206
40628,158,123,14197.23067693
40629,158,124,14347.96524376
40630,158,125,13596.42148437
40631,158,126,17214.43164772
40632,158,127,15358.40412411
40633,158,128,8215.963615
40634,158,129,13574.32173989
40635,158,130,13614.89075331
40636,158,131,25908.82228097
40637,158,132,14605.48692843
40638,158,133,26769.04975517
40639,158,134,33619.07345215
40640,158,135,29800.53179066
40641,158,136,28350.89327903
40642,158,137,28857.95321728
40643,158,138,30036.63775775
40644,158,139,29036.14234671
40645,158,140,28482.14644097
40646,158,141,29589.08523372
40647,158,142,33042.904634
40648,158,143,34027.44050475
40649,158,144,31482.20089826
40650,158,145,32380.40399298
40651,158,146,28983.51201912
40652,158,147,16296.14288542
40653,158,148,7564.03657618
40654,158,149,17853.54889383
40655,158,150,1615.5782346
40656,158,151,13525.38742348
40657,158,152,8322.34987765
40658,158,153,15423.63483261
40659,158,154,17578.96894884
40660,158,155,4831.24953455
40661,158,156,20998.79208246
40662,158,157,17283.5332947
40663,158,158,0.0
40664,158,159,21685.00994177
40665,158,160,3221.67591965
40666,158,161,5932.51641766
40667,158,162,6544.35400317
40668,158,163,19715.27846
40669,158,164,9121.65502524
40670,158,165,18270.19618255
40671,158,166,19947.32041144
40672,158,167,17031.47994334
40673,158,168,17074.08944483
40674,158,169,15675.71407776
40675,158,170,16000.52072127
40676,158,171,18109.06862155
40677,158,172,15785.35858497
40678,158,173,16648.14051023
40679,158,174,18183.74857028
40680,158,175,16244.21613053
40681,158,176,16845.24400602
40682,158,177,15481.42998248
40683,158,178,33368.22855383
40684,158,179,29066.27854242
40685,158,180,35249.52886024
40686,158,181,38815.24813502
40687,158,182,41444.24998507
40688,158,183,45658.67440454
40689,158,184,36770.44836057
40690,158,185,30746.60727127
40691,158,186,40780.8801075
40692,158,187,44387.30992919
40693,158,188,32961.75824021
40694,158,189,33900.37143373
40695,158,190,37335.08892782
40696,158,191,35045.51209569
40697,158,192,32415.75649368
40698,158,193,35575.16411118
40699,158,194,36434.78029582
40700,158,195,32908.12061874
40701,158,196,32161.66132751
40702,158,197,38872.30972583
40703,158,198,10429.97481949
40704,158,199,11800.406792
40705,158,200,40507.54866403
40706,158,201,24278.296681
40707,158,202,50537.55743866
40708,158,203,45728.92008977
40709,158,204,36870.19919586
40710,158,205,29500.37108518
40711,158,206,19792.38864564
40712,158,207,53593.47198218
40713,158,208,14954.16975985
40714,158,209,21460.9572329
40715,158,210,16787.29836761
40716,158,211,25557.80644887
40717,158,212,61535.22146382
40718,158,213,69120.74010906
40719,158,214,40916.95394056
40720,158,215,27412.76377149
40721,158,216,21265.11647196
40722,158,217,23368.84619594
40723,158,218,25097.05891715
40724,158,219,49754.38954002
40725,158,220,54186.55361617
40726,158,221,20759.75205649
40727,158,222,31762.55417446
40728,158,223,19415.81759138
40729,158,224,59063.44082516
40730,158,225,21970.71643983
40731,158,226,36813.01458342
40732,158,227,28090.74340658
40733,158,228,61323.23520691
40734,158,229,43861.93197377
40735,158,230,46629.18919661
40736,158,231,17096.51173084
40737,158,232,16812.19486392
40738,158,233,17401.02045607
40739,158,234,15796.55715389
40740,158,235,16426.50882696
40741,158,236,17728.0255631
40742,158,237,16051.50524801
40743,158,238,31901.63757421
40744,158,239,21130.57255029
40745,158,240,29169.04237015
40746,158,241,17322.38724826
40747,158,242,19116.44692217
40748,158,243,18785.06778092
40749,158,244,25135.25478903
40750,158,245,24745.23450936
40751,158,246,25629.10997452
40752,158,247,22409.06400881
40753,158,248,24053.4520813
40754,158,249,30182.54152196
40755,158,250,31423.80520853
40756,158,251,19856.3549037
40757,158,252,18371.9166928
40758,158,253,20027.82287076
40759,158,254,26600.96542947
40760,158,255,27795.06291382
40761,158,256,31827.03654996
40762,158,257,23404.85145649
40763,158,258,18921.32705945
40764,159,1,8839.01928724
40765,159,2,13899.31422096
40766,159,3,9828.20890781
40767,159,4,12931.93836674
40768,159,5,13620.89797531
40769,159,6,13371.42513204
40770,159,7,5606.37612044
40771,159,8,11705.62074357
40772,159,9,10882.82562051
40773,159,10,7130.62168597
40774,159,11,5850.87036528
40775,159,12,6804.23088969
40776,159,13,7823.10261311
40777,159,14,12975.35347828
40778,159,15,12620.44994768
40779,159,16,14198.01111873
40780,159,17,14148.22840221
40781,159,18,13755.32572062
40782,159,19,9910.33236114
40783,159,20,13059.70742648
40784,159,21,15888.24411702
40785,159,22,12530.36463592
40786,159,23,7983.39905998
40787,159,24,8989.66116747
40788,159,25,11686.90359503
40789,159,26,10352.73386473
40790,159,27,15124.24492424
40791,159,28,13111.2105466
40792,159,29,9263.1023121
40793,159,30,13448.18781709
40794,159,31,9486.52532558
40795,159,32,11201.35511323
40796,159,33,17298.98138181
40797,159,34,12601.19189212
40798,159,35,10469.36315199
40799,159,36,14700.35669516
40800,159,37,15615.17718246
40801,159,38,9223.44116213
40802,159,39,7998.54233203
40803,159,40,22120.43032341
40804,159,41,15365.42584077
40805,159,42,10463.35126204
40806,159,43,27201.05083442
40807,159,44,14822.31500017
40808,159,45,9744.5858441
40809,159,46,11654.67236812
40810,159,47,32518.07031394
40811,159,48,33532.27946359
40812,159,49,7927.25323648
40813,159,50,29328.66042753
40814,159,51,6458.92883448
40815,159,52,5257.15367693
40816,159,53,5137.05288274
40817,159,54,4884.5236378
40818,159,55,16511.40184441
40819,159,56,6169.60422735
40820,159,57,10048.13613966
40821,159,58,8193.48909321
40822,159,59,5143.30500198
40823,159,60,5195.80453076
40824,159,61,8334.44689344
40825,159,62,12193.61929111
40826,159,63,4718.38747527
40827,159,64,18240.66498946
40828,159,65,4511.70882797
40829,159,66,6858.25361339
40830,159,67,4863.07018043
40831,159,68,3648.10817332
40832,159,69,32566.9753653
40833,159,70,9254.59857821
40834,159,71,42242.95117375
40835,159,72,18618.54258396
40836,159,73,43707.34200747
40837,159,74,34091.31559921
40838,159,75,20840.85471056
40839,159,76,40279.39795262
40840,159,77,44442.07113205
40841,159,78,45305.79810291
40842,159,79,23228.47099524
40843,159,80,38227.29808221
40844,159,81,36878.67974251
40845,159,82,26232.13109815
40846,159,83,4107.1016267
40847,159,84,39316.80176309
40848,159,85,28631.72661305
40849,159,86,3061.17759333
40850,159,87,7027.54919669
40851,159,88,1853.58644196
40852,159,89,5645.86082538
40853,159,90,5853.30534982
40854,159,91,9190.03840019
40855,159,92,2980.72798987
40856,159,93,16272.49415348
40857,159,94,14033.63713222
40858,159,95,7266.04022162
40859,159,96,5078.85313984
40860,159,97,9430.7446562
40861,159,98,8163.32896878
40862,159,99,13663.13215797
40863,159,100,3776.86007746
40864,159,101,10274.5773156
40865,159,102,13843.93977617
40866,159,103,10501.33856806
40867,159,104,2507.72433484
40868,159,105,4159.42936671
40869,159,106,15483.07992874
40870,159,107,8151.11138968
40871,159,108,6735.17370301
40872,159,109,1913.30697463
40873,159,110,12054.05808461
40874,159,111,9027.11644431
40875,159,112,15793.2575188
40876,159,113,12601.56598197
40877,159,114,8227.58682485
40878,159,115,14513.09332381
40879,159,116,9303.90369911
40880,159,117,16990.18372271
40881,159,118,10910.30358649
40882,159,119,16030.96735959
40883,159,120,10140.04275346
40884,159,121,17650.42707695
40885,159,122,11153.18734794
40886,159,123,10129.22280193
40887,159,124,11306.2639629
40888,159,125,8312.98270052
40889,159,126,10282.37174072
40890,159,127,8190.57350486
40891,159,128,18385.47212508
40892,159,129,8137.5211297
40893,159,130,13966.74064081
40894,159,131,12595.80753758
40895,159,132,12051.29155523
40896,159,133,13122.79409563
40897,159,134,23192.84141159
40898,159,135,19590.48149211
40899,159,136,16894.58648439
40900,159,137,9140.56248724
40901,159,138,9318.0052105
40902,159,139,18379.61004511
40903,159,140,13943.98677173
40904,159,141,13406.71231213
40905,159,142,22008.13403161
40906,159,143,24470.01092067
40907,159,144,20537.20768898
40908,159,145,23543.68824115
40909,159,146,10640.30507335
40910,159,147,11309.82292498
40911,159,148,15614.63825272
40912,159,149,7554.25579274
40913,159,150,20369.63531804
40914,159,151,12409.34626754
40915,159,152,15313.51875349
40916,159,153,11692.56711085
40917,159,154,10012.90360204
40918,159,155,16976.00163384
40919,159,156,972.08420186
40920,159,157,8687.50954534
40921,159,158,21685.00994177
40922,159,159,0.0
40923,159,160,18637.48004234
40924,159,161,16242.71990833
40925,159,162,15985.77102604
40926,159,163,3246.49269771
40927,159,164,14885.10640275
40928,159,165,5981.58734454
40929,159,166,2460.11487502
40930,159,167,10906.4362491
40931,159,168,34489.16658041
40932,159,169,32111.40620504
40933,159,170,33156.00408513
40934,159,171,35843.05616683
40935,159,172,34881.41647739
40936,159,173,35411.1187073
40937,159,174,36611.71225814
40938,159,175,36529.95324127
40939,159,176,37780.0368676
40940,159,177,35065.06585926
40941,159,178,13518.46795205
40942,159,179,9097.03775525
40943,159,180,15638.24671491
40944,159,181,20948.67914128
40945,159,182,24774.21827503
40946,159,183,29307.81587194
40947,159,184,17966.12651686
40948,159,185,11069.59156206
40949,159,186,23662.86831477
40950,159,187,28034.29669456
40951,159,188,35530.88626234
40952,159,189,32186.22469385
40953,159,190,30249.62379159
40954,159,191,31546.71777133
40955,159,192,33560.59503444
40956,159,193,31328.29660859
40957,159,194,30794.9254424
40958,159,195,32689.88392896
40959,159,196,36346.70068636
40960,159,197,31057.60916057
40961,159,198,17599.6879935
40962,159,199,20332.06882901
40963,159,200,44495.10835051
40964,159,201,30909.68157403
40965,159,202,53341.26358594
40966,159,203,48843.45159762
40967,159,204,41241.46252246
40968,159,205,33802.29357003
40969,159,206,27690.10166916
40970,159,207,57125.69397784
40971,159,208,22276.88715325
40972,159,209,3243.93907953
40973,159,210,4950.16361233
40974,159,211,7564.40142347
40975,159,212,41051.57703609
40976,159,213,48435.47533831
40977,159,214,32681.90033895
40978,159,215,15130.55142321
40979,159,216,4292.06067224
40980,159,217,9958.15084933
40981,159,218,11342.73672952
40982,159,219,39350.6284628
40983,159,220,43452.80512856
40984,159,221,8063.18168256
40985,159,222,23447.93843573
40986,159,223,2941.64125985
40987,159,224,47976.2349149
40988,159,225,6528.18582273
40989,159,226,29111.20910852
40990,159,227,17691.49975829
40991,159,228,50002.68553385
40992,159,229,34668.95970865
40993,159,230,36833.67438488
40994,159,231,4858.43143059
40995,159,232,5048.70293907
40996,159,233,4687.49306472
40997,159,234,5901.44900765
40998,159,235,5346.3263181
40999,159,236,4560.05358594
41000,159,237,5664.7415113
41001,159,238,29769.11021252
41002,159,239,22156.46932635
41003,159,240,28907.65266845
41004,159,241,12373.04618244
41005,159,242,18176.00952211
41006,159,243,10020.37966051
41007,159,244,26194.25264201
41008,159,245,25176.27350526
41009,159,246,27248.32533314
41010,159,247,22498.85774617
41011,159,248,24245.87983973
41012,159,249,29447.22019935
41013,159,250,28461.78742448
41014,159,251,21697.1218316
41015,159,252,13260.36746337
41016,159,253,8907.74146527
41017,159,254,27891.99916619
41018,159,255,28321.0450698
41019,159,256,27918.71366301
41020,159,257,22920.7330193
41021,159,258,16160.02720038
41022,160,1,10899.92876293
41023,160,2,14654.74559538
41024,160,3,10401.02569564
41025,160,4,10356.55121209
41026,160,5,13749.27297986
41027,160,6,12497.09389503
41028,160,7,13047.32734937
41029,160,8,9852.59919088
41030,160,9,10099.15196985
41031,160,10,11731.31518265
41032,160,11,12807.32761042
41033,160,12,12135.37890268
41034,160,13,11649.64661169
41035,160,14,11260.61804165
41036,160,15,9607.73458741
41037,160,16,16078.0885428
41038,160,17,5206.87654637
41039,160,18,5100.26424001
41040,160,19,12299.70956492
41041,160,20,6337.58898801
41042,160,21,5829.61610236
41043,160,22,22686.26381261
41044,160,23,16796.59891019
41045,160,24,15164.60253554
41046,160,25,8499.05575342
41047,160,26,20657.24633564
41048,160,27,5295.80926944
41049,160,28,5732.98990846
41050,160,29,19850.95730141
41051,160,30,5199.20073111
41052,160,31,13350.59688937
41053,160,32,9346.96848068
41054,160,33,6569.06445077
41055,160,34,7461.6876215
41056,160,35,11230.0542964
41057,160,36,24527.22403225
41058,160,37,24942.40000917
41059,160,38,14144.5055499
41060,160,39,17637.27165896
41061,160,40,11138.54111011
41062,160,41,6974.71471642
41063,160,42,10092.94987912
41064,160,43,15234.71466189
41065,160,44,7729.72360714
41066,160,45,9927.7985357
41067,160,46,9835.19807921
41068,160,47,20697.35838673
41069,160,48,21798.22847428
41070,160,49,11313.22409195
41071,160,50,17213.11915656
41072,160,51,12219.23254307
41073,160,52,13407.91315869
41074,160,53,17422.56640937
41075,160,54,13931.39857309
41076,160,55,31919.12341853
41077,160,56,13933.39291532
41078,160,57,23340.35130838
41079,160,58,21267.50528158
41080,160,59,14036.37628236
41081,160,60,13705.63235777
41082,160,61,12336.87862804
41083,160,62,26143.02269452
41084,160,63,15664.79057878
41085,160,64,34418.75128502
41086,160,65,14943.57276919
41087,160,66,19506.90200634
41088,160,67,23149.89239212
41089,160,68,21833.05159141
41090,160,69,50409.19705678
41091,160,70,27679.10566364
41092,160,71,60057.59977097
41093,160,72,36938.80781627
41094,160,73,61643.79173631
41095,160,74,51954.98368634
41096,160,75,39118.87423309
41097,160,76,58025.40924353
41098,160,77,62720.17091067
41099,160,78,63382.10901325
41100,160,79,41443.84152035
41101,160,80,56083.30456742
41102,160,81,54671.22735958
41103,160,82,44084.97488745
41104,160,83,19345.10185194
41105,160,84,57124.98504145
41106,160,85,46478.49535496
41107,160,86,19391.71444195
41108,160,87,25406.62952433
41109,160,88,20108.10853979
41110,160,89,19944.1783141
41111,160,90,13207.29742946
41112,160,91,10035.09690961
41113,160,92,15660.31706858
41114,160,93,11035.35519324
41115,160,94,9427.98980631
41116,160,95,11508.11087451
41117,160,96,22300.19934439
41118,160,97,25968.54575769
41119,160,98,25013.0112613
41120,160,99,7733.52027803
41121,160,100,20753.22123118
41122,160,101,9195.30448585
41123,160,102,8214.67964907
41124,160,103,27071.77526751
41125,160,104,18081.41134324
41126,160,105,14554.23995777
41127,160,106,9598.82484301
41128,160,107,10854.81097927
41129,160,108,23969.00930878
41130,160,109,17207.36937778
41131,160,110,20797.00136048
41132,160,111,12592.67376908
41133,160,112,8547.91924351
41134,160,113,22730.02032797
41135,160,114,10791.96639417
41136,160,115,25882.38688823
41137,160,116,11388.60499884
41138,160,117,6834.58357968
41139,160,118,16960.89953786
41140,160,119,27926.86987254
41141,160,120,13926.6232664
41142,160,121,6405.38869963
41143,160,122,18433.75125172
41144,160,123,10990.93827374
41145,160,124,11198.76000231
41146,160,125,10453.25070829
41147,160,126,15119.12458436
41148,160,127,12137.48563475
41149,160,128,6033.61570684
41150,160,129,10501.04265968
41151,160,130,10676.39608843
41152,160,131,23805.45601666
41153,160,132,11511.40291081
41154,160,133,24665.59840014
41155,160,134,30748.53827766
41156,160,135,26878.49528532
41157,160,136,25326.34414793
41158,160,137,25647.39293633
41159,160,138,26851.87483372
41160,160,139,26070.79407534
41161,160,140,25325.51419729
41162,160,141,26395.84418629
41163,160,142,30121.81416895
41164,160,143,31227.7004678
41165,160,144,28542.49405515
41166,160,145,29607.92859912
41167,160,146,25761.87764803
41168,160,147,13179.81134493
41169,160,148,4476.9251468
41170,160,149,14633.31824843
41171,160,150,1738.0574165
41172,160,151,10431.93490839
41173,160,152,5272.98723564
41174,160,153,12319.514277
41175,160,154,14411.94820407
41176,160,155,1663.24779004
41177,160,156,17917.5202296
41178,160,157,14075.82905819
41179,160,158,3221.67591965
41180,160,159,18637.48004234
41181,160,160,0.0
41182,160,161,2718.18531504
41183,160,162,3374.70156841
41184,160,163,16555.97810504
41185,160,164,6078.04781519
41186,160,165,15055.08031339
41187,160,166,16819.2828955
41188,160,167,13899.95580744
41189,160,168,19735.90092979
41190,160,169,18101.55291213
41191,160,170,18584.59494296
41192,160,171,20851.64555744
41193,160,172,18735.88238989
41194,160,173,19552.29630326
41195,160,174,21051.43389132
41196,160,175,19385.11600669
41197,160,176,20055.17377014
41198,160,177,18511.42788252
41199,160,178,30684.15937886
41200,160,179,26314.73319136
41201,160,180,32617.33947509
41202,160,181,36464.12456174
41203,160,182,39290.05726924
41204,160,183,43593.80553944
41205,160,184,34266.6720081
41206,160,185,28054.60937207
41207,160,186,38556.32183441
41208,160,187,42309.70680718
41209,160,188,33430.96051238
41210,160,189,33722.30424466
41211,160,190,36447.02330325
41212,160,191,34627.91290735
41213,160,192,32641.78787811
41214,160,193,35059.68265155
41215,160,194,35735.36151108
41216,160,195,32933.43712607
41217,160,196,32870.84153285
41218,160,197,37913.35292161
41219,160,198,9860.9766481
41220,160,199,11956.26010541
41221,160,200,41362.66177937
41222,160,201,25136.21486595
41223,160,202,51347.93954888
41224,160,203,46527.7766632
41225,160,204,37718.90795498
41226,160,205,30150.50062605
41227,160,206,20657.16268991
41228,160,207,54545.01384896
41229,160,208,15283.67441371
41230,160,209,18284.7502379
41231,160,210,13706.806552
41232,160,211,22337.61672577
41233,160,212,58315.578192
41234,160,213,65903.58569205
41235,160,214,39938.2948331
41236,160,215,25502.48958125
41237,160,216,18510.4935215
41238,160,217,21113.46883718
41239,160,218,22902.28412609
41240,160,219,48593.41632355
41241,160,220,53023.85480025
41242,160,221,18378.40812339
41243,160,222,30544.55434492
41244,160,223,16491.16146428
41245,160,224,57890.49013497
41246,160,225,19408.01438065
41247,160,226,35823.9585424
41248,160,227,26450.6622744
41249,160,228,60132.3235374
41250,160,229,42796.22989372
41251,160,230,45517.16677219
41252,160,231,13972.20642691
41253,160,232,13700.6301901
41254,160,233,14263.74587574
41255,160,234,12736.12474184
41256,160,235,13332.95166222
41257,160,236,14576.76235699
41258,160,237,12978.72357361
41259,160,238,29785.78822467
41260,160,239,18981.67956118
41261,160,240,27207.77001714
41262,160,241,14277.96954416
41263,160,242,16579.06003459
41264,160,243,15622.35304325
41265,160,244,23199.86438065
41266,160,245,22706.60127868
41267,160,246,23794.15495811
41268,160,247,20209.03559494
41269,160,248,21950.93176003
41270,160,249,28191.54126819
41271,160,250,29197.9624911
41272,160,251,17738.67191693
41273,160,252,15384.79025219
41274,160,253,16832.74775955
41275,160,254,24758.91497282
41276,160,255,25891.92792794
41277,160,256,29505.8410532
41278,160,257,21183.15205293
41279,160,258,16172.56631046
41280,161,1,8225.69501792
41281,161,2,12162.94007424
41282,161,3,7691.72878853
41283,161,4,7774.65015501
41284,161,5,11245.72080778
41285,161,6,9978.42966165
41286,161,7,10716.92512196
41287,161,8,7162.18871586
41288,161,9,7383.91711555
41289,161,10,9569.1766399
41290,161,11,10391.92940494
41291,161,12,9597.36334823
41292,161,13,9014.85524799
41293,161,14,8698.41104421
41294,161,15,6975.74734684
41295,161,16,13583.34189969
41296,161,17,4145.59408903
41297,161,18,3512.57825197
41298,161,19,9586.16304974
41299,161,20,3625.44438257
41300,161,21,5980.25546947
41301,161,22,19993.28632785
41302,161,23,14078.75172234
41303,161,24,12449.23491916
41304,161,25,5781.03275554
41305,161,26,17945.94493159
41306,161,27,4974.50641959
41307,161,28,3150.56330866
41308,161,29,17133.75512786
41309,161,30,3121.85225672
41310,161,31,10636.27430415
41311,161,32,6629.67385242
41312,161,33,7295.52082605
41313,161,34,4747.22170559
41314,161,35,8518.3281809
41315,161,36,21860.45355595
41316,161,37,22296.45956954
41317,161,38,11429.61357371
41318,161,39,14919.48880995
41319,161,40,12668.75564966
41320,161,41,6950.02840455
41321,161,42,8671.51458679
41322,161,43,17191.47495941
41323,161,44,7529.84290204
41324,161,45,8220.24151564
41325,161,46,8749.34780284
41326,161,47,22778.62743617
41327,161,48,23887.61750797
41328,161,49,9329.01065183
41329,161,50,19258.61539512
41330,161,51,9927.94171746
41331,161,52,11085.38827921
41332,161,53,14755.87440795
41333,161,54,11681.05537346
41334,161,55,29204.97829351
41335,161,56,11994.19508815
41336,161,57,20623.37829992
41337,161,58,18555.86454233
41338,161,59,11891.21316298
41339,161,60,11196.58796892
41340,161,61,10666.61366593
41341,161,62,23425.34122906
41342,161,63,13042.27719983
41343,161,64,31713.57751085
41344,161,65,12374.56875757
41345,161,66,16803.98607486
41346,161,67,20638.83393737
41347,161,68,19323.64314339
41348,161,69,47762.22848702
41349,161,70,25164.24866419
41350,161,71,57401.02031218
41351,161,72,34375.35458819
41352,161,73,58998.23343674
41353,161,74,49308.71023801
41354,161,75,36543.45805389
41355,161,76,55364.11314462
41356,161,77,60122.08978316
41357,161,78,60752.07792814
41358,161,79,38853.93192187
41359,161,80,53433.10683658
41360,161,81,52016.19529835
41361,161,82,41445.98860371
41362,161,83,17298.16795678
41363,161,84,54469.63930364
41364,161,85,43835.98577377
41365,161,86,17240.07873429
41366,161,87,22893.83494151
41367,161,88,17793.52593351
41368,161,89,18036.29720373
41369,161,90,10659.03555786
41370,161,91,7406.30507166
41371,161,92,13287.6811097
41372,161,93,8913.23066731
41373,161,94,6956.4077124
41374,161,95,9016.74592253
41375,161,96,20167.33481307
41376,161,97,24006.81968042
41377,161,98,22988.98365508
41378,161,99,5136.88218405
41379,161,100,18601.68183561
41380,161,101,6518.26352636
41381,161,102,5671.58893792
41382,161,103,25124.57483076
41383,161,104,15895.56510059
41384,161,105,12108.57835047
41385,161,106,7367.1696095
41386,161,107,8283.16332215
41387,161,108,21870.91135215
41388,161,109,14922.47196804
41389,161,110,19634.60932618
41390,161,111,11104.88979155
41391,161,112,6385.24089985
41392,161,113,21493.67547689
41393,161,114,8747.57654289
41394,161,115,24612.8160516
41395,161,116,8675.63230782
41396,161,117,5037.54597232
41397,161,118,15844.43102246
41398,161,119,26649.02325731
41399,161,120,12721.62507019
41400,161,121,4879.49986383
41401,161,122,17289.25383204
41402,161,123,8272.98453911
41403,161,124,8516.19263957
41404,161,125,7957.89876636
41405,161,126,13943.96984073
41406,161,127,9446.25179838
41407,161,128,4861.42746698
41408,161,129,8136.14608835
41409,161,130,8215.16318846
41410,161,131,22476.55650556
41411,161,132,8877.97831116
41412,161,133,23328.08382939
41413,161,134,28258.64399157
41414,161,135,24352.8264678
41415,161,136,22720.72089546
41416,161,137,22982.70719617
41417,161,138,24235.24378021
41418,161,139,23511.1942366
41419,161,140,22627.01547353
41420,161,141,23680.20395275
41421,161,142,27592.00290109
41422,161,143,28795.10537196
41423,161,144,25999.91910463
41424,161,145,27201.27683098
41425,161,146,23057.23051651
41426,161,147,10520.50067963
41427,161,148,2009.89141764
41428,161,149,11922.5629719
41429,161,150,4383.55516928
41430,161,151,7804.72090924
41431,161,152,2819.21186149
41432,161,153,9673.50806524
41433,161,154,11711.8899382
41434,161,155,1368.72932787
41435,161,156,15477.06281991
41436,161,157,11357.66363652
41437,161,158,5932.51641766
41438,161,159,16242.71990833
41439,161,160,2718.18531504
41440,161,161,0.0
41441,161,162,800.87254489
41442,161,163,13997.04507791
41443,161,164,3589.94492828
41444,161,165,12384.70350109
41445,161,166,14311.34051788
41446,161,167,11226.54639789
41447,161,168,22213.9800023
41448,161,169,20458.51301513
41449,161,170,21025.89585326
41450,161,171,23369.14407407
41451,161,172,21363.14350565
41452,161,173,22155.87345841
41453,161,174,23633.6617975
41454,161,175,22090.1021475
41455,161,176,22772.80265626
41456,161,177,21174.48342082
41457,161,178,28685.77926444
41458,161,179,24257.56371545
41459,161,180,30669.39742632
41460,161,181,34800.53350727
41461,161,182,37816.05405562
41462,161,183,42194.20415475
41463,161,184,32451.30621639
41464,161,185,26057.84833317
41465,161,186,37014.30814041
41466,161,187,40901.53652629
41467,161,188,34317.00322084
41468,161,189,34080.15971112
41469,161,190,36175.60801724
41470,161,191,34777.34350392
41471,161,192,33339.05759231
41472,161,193,35122.42501972
41473,161,194,35634.35728528
41474,161,195,33465.31687702
41475,161,196,33948.14932147
41476,161,197,37570.57775188
41477,161,198,10439.83266744
41478,161,199,12981.96501833
41479,161,200,42510.13683387
41480,161,201,26389.33933866
41481,161,202,52428.32053307
41482,161,203,47613.08188553
41483,161,204,38877.21231798
41484,161,205,31201.21656628
41485,161,206,21970.63349237
41486,161,207,55728.09874196
41487,161,208,16314.39525266
41488,161,209,15692.34437325
41489,161,210,11292.57298963
41490,161,211,19646.4666285
41491,161,212,55623.83731109
41492,161,213,63218.98529151
41493,161,214,39567.54843744
41494,161,215,24354.46770506
41495,161,216,16502.32592475
41496,161,217,19652.96242791
41497,161,218,21486.5755543
41498,161,219,48025.05569819
41499,161,220,52440.97995481
41500,161,221,16814.89500111
41501,161,222,30016.10132526
41502,161,223,14281.49839106
41503,161,224,57286.49223925
41504,161,225,17621.63698658
41505,161,226,35466.24162321
41506,161,227,25560.48010731
41507,161,228,59507.38929779
41508,161,229,42334.70670506
41509,161,230,45003.38096617
41510,161,231,11483.76118864
41511,161,232,11235.39046445
41512,161,233,11751.5313886
41513,161,234,10363.475154
41514,161,235,10900.42285097
41515,161,236,12038.73227838
41516,161,237,10583.47848418
41517,161,238,27948.79855264
41518,161,239,17203.84819188
41519,161,240,25523.3687805
41520,161,241,11679.51701441
41521,161,242,14456.66426234
41522,161,243,12924.22767198
41523,161,244,21572.1188737
41524,161,245,20989.24805629
41525,161,246,22251.89472466
41526,161,247,18367.98888655
41527,161,248,20182.25112065
41528,161,249,26474.14650166
41529,161,250,27266.95924813
41530,161,251,16008.68117994
41531,161,252,12834.75135409
41532,161,253,14117.22090565
41533,161,254,23201.05111156
41534,161,255,24269.39261701
41535,161,256,27489.49028227
41536,161,257,19311.65013187
41537,161,258,13846.74964715
41538,162,1,7751.49174171
41539,162,2,11385.83089711
41540,162,3,7146.92522398
41541,162,4,7019.21973125
41542,162,5,10470.55246283
41543,162,6,9205.85114266
41544,162,7,10525.15119405
41545,162,8,6480.16787324
41546,162,9,6755.9896319
41547,162,10,9484.02919933
41548,162,11,10147.01395465
41549,162,12,9264.29377744
41550,162,13,8589.47927982
41551,162,14,7936.96126666
41552,162,15,6243.26193993
41553,162,16,12807.5205693
41554,162,17,4631.31503955
41555,162,18,3864.11723315
41556,162,19,8948.21752738
41557,162,20,3106.18741701
41558,162,21,6658.55524017
41559,162,22,19312.67461281
41560,162,23,13479.84602152
41561,162,24,11816.26448235
41562,162,25,5180.834777
41563,162,26,17297.1862544
41564,162,27,5597.16200023
41565,162,28,2894.40149871
41566,162,29,16508.7636149
41567,162,30,3274.53788806
41568,162,31,10000.26914617
41569,162,32,6016.68780371
41570,162,33,8031.87287083
41571,162,34,4123.96642244
41572,162,35,7875.53013142
41573,162,36,21154.54892027
41574,162,37,21576.36296736
41575,162,38,10795.28136632
41576,162,39,14320.79745618
41577,162,40,13455.85479703
41578,162,41,7583.19475896
41579,162,42,8917.30588036
41580,162,43,17992.18041344
41581,162,44,8121.41041048
41582,162,45,8364.46087501
41583,162,46,9103.51756752
41584,162,47,23579.14427257
41585,162,48,24688.07048196
41586,162,49,9336.42338816
41587,162,50,20059.3549727
41588,162,51,9766.10767613
41589,162,52,10895.95417719
41590,162,53,14272.98834798
41591,162,54,11530.2716983
41592,162,55,28622.37126809
41593,162,56,11998.38981162
41594,162,57,20029.04936357
41595,162,58,17986.12458712
41596,162,59,11796.18650679
41597,162,60,10878.20460803
41598,162,61,10795.7455143
41599,162,62,22823.98867516
41600,162,63,12615.07424933
41601,162,64,31156.06570125
41602,162,65,12001.05750173
41603,162,66,16258.54639918
41604,162,67,20293.29149891
41605,162,68,18981.38592384
41606,162,69,47284.88999075
41607,162,70,24810.49275119
41608,162,71,56911.71081616
41609,162,72,33978.11880261
41610,162,73,58520.78533012
41611,162,74,48831.85119375
41612,162,75,36135.56028523
41613,162,76,54869.6157819
41614,162,77,59689.56483651
41615,162,78,60290.18776885
41616,162,79,38433.00299435
41617,162,80,52951.38649965
41618,162,81,51529.32343441
41619,162,82,40978.37916431
41620,162,83,17226.48621861
41621,162,84,53982.08115268
41622,162,85,43364.15177773
41623,162,86,17117.31439319
41624,162,87,22544.03911443
41625,162,88,17581.01727041
41626,162,89,18025.25160114
41627,162,90,10311.05064537
41628,162,91,6998.99714766
41629,162,92,13055.21367503
41630,162,93,8114.87059893
41631,162,94,6171.00118816
41632,162,95,8726.16937387
41633,162,96,20046.03157657
41634,162,97,23957.6246661
41635,162,98,22913.59963801
41636,162,99,4383.6814153
41637,162,100,18474.98148349
41638,162,101,6050.98467046
41639,162,102,4900.07215798
41640,162,103,25079.83480323
41641,162,104,15759.71190832
41642,162,105,11832.84675816
41643,162,106,6566.41816695
41644,162,107,7929.19578478
41645,162,108,21762.88711355
41646,162,109,14736.07479874
41647,162,110,19893.20582002
41648,162,111,11298.93462774
41649,162,112,5587.35838815
41650,162,113,21723.35496364
41651,162,114,8732.69010936
41652,162,115,24824.60325866
41653,162,116,8114.31875012
41654,162,117,4292.98541563
41655,162,118,16131.70976981
41656,162,119,26854.36386468
41657,162,120,12998.89397588
41658,162,121,4194.91677378
41659,162,122,17561.62669745
41660,162,123,7663.91438149
41661,162,124,7824.32199676
41662,162,125,7673.74185435
41663,162,126,14222.82588645
41664,162,127,8937.706646
41665,162,128,4266.20416251
41666,162,129,7945.5697989
41667,162,130,7429.53731033
41668,162,131,22673.25058786
41669,162,132,8147.61179214
41670,162,133,23519.945809
41671,162,134,27485.0497002
41672,162,135,23586.7360436
41673,162,136,21980.32869599
41674,162,137,22493.49662919
41675,162,138,23797.56909163
41676,162,139,22754.34211583
41677,162,140,21953.59220935
41678,162,141,23044.77170714
41679,162,142,26827.36449704
41680,162,143,28011.73958188
41681,162,144,25238.46254893
41682,162,145,26414.25579279
41683,162,146,22503.81390575
41684,162,147,9807.78887152
41685,162,148,1209.50937159
41686,162,149,11362.26626705
41687,162,150,4957.32817253
41688,162,151,7070.14816614
41689,162,152,2021.00390466
41690,162,153,8951.23756043
41691,162,154,11042.20971737
41692,162,155,2161.41140752
41693,162,156,15192.28607054
41694,162,157,10749.64313276
41695,162,158,6544.35400317
41696,162,159,15985.77102604
41697,162,160,3374.70156841
41698,162,161,800.87254489
41699,162,162,0.0
41700,162,163,13627.10653421
41701,162,164,2799.50063802
41702,162,165,11901.48285035
41703,162,166,13981.56682542
41704,162,167,10525.55165039
41705,162,168,22982.08034236
41706,162,169,21243.64866575
41707,162,170,21800.07717758
41708,162,171,24129.29879101
41709,162,172,22087.97955599
41710,162,173,22890.58363391
41711,162,174,24376.12826258
41712,162,175,22756.73388804
41713,162,176,23386.64178187
41714,162,177,21880.21603382
41715,162,178,28613.20538477
41716,162,179,24164.53402084
41717,162,180,30616.75217857
41718,162,181,34859.02168656
41719,162,182,37941.22064651
41720,162,183,42341.93596857
41721,162,184,32452.48622227
41722,162,185,25989.62298774
41723,162,186,37115.86526857
41724,162,187,41047.23086199
41725,162,188,35017.62315083
41726,162,189,34691.74489828
41727,162,190,36651.24077208
41728,162,191,35347.2831701
41729,162,192,34010.90830751
41730,162,193,35674.01318995
41731,162,194,36149.80879476
41732,162,195,34109.09692327
41733,162,196,34675.58094026
41734,162,197,38027.92909819
41735,162,198,11135.47878544
41736,162,199,13724.61641003
41737,162,200,43243.88822153
41738,162,201,27141.52020359
41739,162,202,53151.14717704
41740,162,203,48337.5147937
41741,162,204,39613.30750298
41742,162,205,31926.40184729
41743,162,206,22731.82129829
41744,162,207,56463.90838164
41745,162,208,17050.7349048
41746,162,209,15288.54530091
41747,162,210,11042.83594605
41748,162,211,19121.39251862
41749,162,212,55088.11562039
41750,162,213,62693.55612706
41751,162,214,40016.57744756
41752,162,215,24605.83947148
41753,162,216,16451.59380073
41754,162,217,19811.84213193
41755,162,218,21656.05376823
41756,162,219,48418.74836939
41757,162,220,52828.8066995
41758,162,221,16946.43621082
41759,162,222,30434.44966194
41760,162,223,14139.44640417
41761,162,224,57666.82466236
41762,162,225,17663.31146175
41763,162,226,35921.67199879
41764,162,227,25887.15540282
41765,162,228,59881.35683058
41766,162,229,42759.20316246
41767,162,230,45412.90602658
41768,162,231,11179.86798085
41769,162,232,10950.05290314
41770,162,233,11427.99745692
41771,162,234,10147.3701686
41772,162,235,10640.38178196
41773,162,236,11693.09371714
41774,162,237,10350.93365893
41775,162,238,27160.41502318
41776,162,239,16424.41221921
41777,162,240,24748.98720434
41778,162,241,10933.42793904
41779,162,242,13656.5348212
41780,162,243,12251.28123901
41781,162,244,20805.61593894
41782,162,245,20213.51522275
41783,162,246,21495.06053991
41784,162,247,17582.20287697
41785,162,248,19401.95931886
41786,162,249,25696.2264671
41787,162,250,26472.57551803
41788,162,251,15235.05461886
41789,162,252,12072.25165674
41790,162,253,13484.0366844
41791,162,254,22441.7318184
41792,162,255,23502.05515275
41793,162,256,26691.11985412
41794,162,257,18523.03494774
41795,162,258,13049.8620371
41796,163,1,6045.03065456
41797,163,2,10668.05015514
41798,163,3,6944.01586793
41799,163,4,9810.66836491
41800,163,5,10375.33474591
41801,163,6,10135.91512423
41802,163,7,4299.53570065
41803,163,8,8694.39139867
41804,163,9,7908.26202014
41805,163,10,6044.83816742
41806,163,11,4076.82184806
41807,163,12,4422.25172403
41808,163,13,5088.94924697
41809,163,14,9790.57392917
41810,163,15,9583.3663513
41811,163,16,11022.30917724
41812,163,17,12596.46980029
41813,163,18,12004.1121991
41814,163,19,6722.85020127
41815,163,20,10570.08425314
41816,163,21,14721.21295808
41817,163,22,10493.24523206
41818,163,23,5001.51903407
41819,163,24,5787.18041959
41820,163,25,8920.26541913
41821,163,26,8123.60442752
41822,163,27,13776.16134971
41823,163,28,10853.04379497
41824,163,29,6965.25811675
41825,163,30,11498.64476199
41826,163,31,6248.18269172
41827,163,32,8327.61256907
41828,163,33,16296.08286051
41829,163,34,9913.27841242
41830,163,35,7364.24020219
41831,163,36,12749.2169383
41832,163,37,13603.6391332
41833,163,38,5978.24518069
41834,163,39,5209.25215958
41835,163,40,21587.73370077
41836,163,41,14418.41061457
41837,163,42,9874.90826783
41838,163,43,26753.47778236
41839,163,44,14019.7733217
41840,163,45,8875.88740257
41841,163,46,11166.75190075
41842,163,47,32256.0959541
41843,163,48,33309.88100603
41844,163,49,7095.72115664
41845,163,50,28925.82031368
41846,163,51,5107.06608748
41847,163,52,4094.73829268
41848,163,53,2464.28929339
41849,163,54,4281.01127215
41850,163,55,16503.53841063
41851,163,56,6447.96410947
41852,163,57,8812.24756659
41853,163,58,6644.3667505
41854,163,59,4999.00922856
41855,163,60,2912.10435227
41856,163,61,8278.82409848
41857,163,62,11392.60368147
41858,163,63,1473.8658507
41859,163,64,18623.85593892
41860,163,65,1626.1832098
41861,163,66,4880.78525774
41862,163,67,6680.06919213
41863,163,68,5378.4806328
41864,163,69,33957.20502187
41865,163,70,11185.27849915
41866,163,71,43631.38245758
41867,163,72,20384.78927411
41868,163,73,45176.48038142
41869,163,74,35498.6807081
41870,163,75,22562.90791758
41871,163,76,41622.22297188
41872,163,77,46170.25105655
41873,163,78,46873.79505604
41874,163,79,24891.76620312
41875,163,80,39636.40263843
41876,163,81,38244.72966904
41877,163,82,27615.06983199
41878,163,83,6914.75122391
41879,163,84,40696.84164237
41880,163,85,30016.49280142
41881,163,86,6031.01129876
41882,163,87,8922.62522107
41883,163,88,5091.3310264
41884,163,89,8425.95670586
41885,163,90,3348.89609982
41886,163,91,6634.87937698
41887,163,92,2581.13197708
41888,163,93,13088.955027
41889,163,94,10963.91685317
41890,163,95,5087.87550543
41891,163,96,8322.90407511
41892,163,97,12676.71147926
41893,163,98,11409.7997249
41894,163,99,10801.9500854
41895,163,100,6967.98051006
41896,163,101,7648.85229877
41897,163,102,10907.46756189
41898,163,103,13747.55325493
41899,163,104,4986.4598377
41900,163,105,2475.23804303
41901,163,106,12379.89291736
41902,163,107,5714.04812319
41903,163,108,9979.45865557
41904,163,109,3645.997378
41905,163,110,14301.92278252
41906,163,111,9198.88550703
41907,163,112,12767.50859297
41908,163,113,15153.30704426
41909,163,114,7142.7094562
41910,163,115,17354.656008
41911,163,116,6283.54052766
41912,163,117,14105.90272431
41913,163,118,12406.74585945
41914,163,119,18986.58285186
41915,163,120,10833.98683824
41916,163,121,14803.45203149
41917,163,122,12983.21807161
41918,163,123,7084.71030862
41919,163,124,8163.13312387
41920,163,125,6122.61883432
41921,163,126,11323.82281163
41922,163,127,5179.3944061
41923,163,128,15576.03651546
41924,163,129,6301.4342425
41925,163,130,10805.67358742
41926,163,131,15330.50277008
41927,163,132,8864.98065532
41928,163,133,15934.65665829
41929,163,134,21150.11342198
41930,163,135,17364.15353861
41931,163,136,14760.55765299
41932,163,137,9461.05001261
41933,163,138,10360.97428608
41934,163,139,16173.82558213
41935,163,140,12364.34125203
41936,163,141,12315.35200334
41937,163,142,20033.96536011
41938,163,143,22321.55308271
41939,163,144,18487.12924253
41940,163,145,21250.42588273
41941,163,146,10268.43416295
41942,163,147,8065.6916426
41943,163,148,13091.01577934
41944,163,149,4309.24987486
41945,163,150,18291.59058337
41946,163,151,9296.86683065
41947,163,152,12687.03489936
41948,163,153,8469.49251642
41949,163,154,6777.09712181
41950,163,155,14901.58611435
41951,163,156,2279.63071418
41952,163,157,5441.02721549
41953,163,158,19715.27846
41954,163,159,3246.49269771
41955,163,160,16555.97810504
41956,163,161,13997.04507791
41957,163,162,13627.10653421
41958,163,163,0.0
41959,163,164,12170.8501398
41960,163,165,2735.70105532
41961,163,166,848.08041267
41962,163,167,7661.79247691
41963,163,168,33682.80218748
41964,163,169,31415.86395249
41965,163,170,32365.29611626
41966,163,171,35005.1547506
41967,163,172,33760.34202581
41968,163,173,34366.74021912
41969,163,174,35653.66718928
41970,163,175,35154.90061766
41971,163,176,36221.01388559
41972,163,177,33842.05133453
41973,163,178,16717.59892659
41974,163,179,12326.37582963
41975,163,180,18841.8560471
41976,163,181,24195.13878813
41977,163,182,28011.02069846
41978,163,183,32545.7869688
41979,163,184,21202.15331414
41980,163,185,14300.37762031
41981,163,186,26906.02732546
41982,163,187,31270.24139246
41983,163,188,36988.42754687
41984,163,189,34122.96227155
41985,163,190,32787.19992492
41986,163,191,33691.36481421
41987,163,192,35160.04810449
41988,163,193,33558.99440812
41989,163,194,33179.13904875
41990,163,195,34446.52310469
41991,163,196,37604.56248463
41992,163,197,33688.03004427
41993,163,198,17196.84667733
41994,163,199,20114.2676831
41995,163,200,45929.62119138
41996,163,201,31665.97183415
41997,163,202,55033.35099006
41998,163,203,50448.64379855
41999,163,204,42572.66235879
42000,163,205,34979.73345576
42001,163,206,28127.12194192
42002,163,207,58759.12711048
42003,163,208,22450.39202235
42004,163,209,1821.37517782
42005,163,210,3330.05804662
42006,163,211,6764.22686893
42007,163,212,42126.68355697
42008,163,213,49632.92300745
42009,163,214,35379.87050233
42010,163,215,17851.45340594
42011,163,216,6787.13601935
42012,163,217,12500.5514525
42013,163,218,14065.26671546
42014,163,219,42308.00835118
42015,163,220,46458.71686833
42016,163,221,10156.06597431
42017,163,222,25969.48634865
42018,163,223,4231.37073179
42019,163,224,51026.00459084
42020,163,225,9060.24177947
42021,163,226,31695.39689603
42022,163,227,20273.05557297
42023,163,228,53074.36783833
42024,163,229,37483.38708421
42025,163,230,39722.26205957
42026,163,231,2729.56510068
42027,163,232,3075.01164479
42028,163,233,2367.30561155
42029,163,234,4324.94341275
42030,163,235,3546.37550717
42031,163,236,1994.74352467
42032,163,237,4020.09610709
42033,163,238,26878.925263
42034,163,239,18951.35157464
42035,163,240,25871.42699798
42036,163,241,9136.23964886
42037,163,242,14961.86091226
42038,163,243,6858.00917526
42039,163,244,23047.59524593
42040,163,245,22041.44568974
42041,163,246,24093.0768386
42042,163,247,19331.90197349
42043,163,248,21105.99168331
42044,163,249,26449.76351686
42045,163,250,25615.0719941
42046,163,251,18467.09514854
42047,163,252,10059.88008848
42048,163,253,5912.46539932
42049,163,254,24759.11150092
42050,163,255,25231.25736186
42051,163,256,25146.19289505
42052,163,257,19787.40348059
42053,163,258,12959.72457046
42054,164,1,6126.21403693
42055,164,2,8595.27291657
42056,164,3,5272.31768783
42057,164,4,4289.31032029
42058,164,5,7683.36981498
42059,164,6,6424.35096823
42060,164,7,9813.85870086
42061,164,8,4051.49502318
42062,164,9,4549.76431793
42063,164,10,9206.64691535
42064,164,11,9260.23925631
42065,164,12,8095.61805432
42066,164,13,7105.33123937
42067,164,14,5184.02979069
42068,164,15,3608.25481553
42069,164,16,10018.16374659
42070,164,17,6526.92758113
42071,164,18,5525.13579733
42072,164,19,6615.51237176
42073,164,20,2254.25360545
42074,164,21,8968.00941369
42075,164,22,16748.49355764
42076,164,23,11211.36185867
42077,164,24,9449.81915301
42078,164,25,3252.51424391
42079,164,26,14836.27025456
42080,164,27,7785.5566884
42081,164,28,3194.18085987
42082,164,29,14127.61795568
42083,164,30,4576.58939714
42084,164,31,7651.54555858
42085,164,32,3931.50701146
42086,164,33,10501.26522579
42087,164,34,2283.94479985
42088,164,35,5555.73914555
42089,164,36,18515.7814192
42090,164,37,18899.89634889
42091,164,38,8438.67433796
42092,164,39,12044.0642139
42093,164,40,16103.40312451
42094,164,41,9728.54584626
42095,164,42,9792.54001681
42096,164,43,20741.82787684
42097,164,44,10121.79888295
42098,164,45,8939.78196654
42099,164,46,10319.56004325
42100,164,47,26349.07593972
42101,164,48,27458.83524905
42102,164,49,9390.38391848
42103,164,50,22825.35381699
42104,164,51,9199.93682025
42105,164,52,10176.94107705
42106,164,53,12400.70955281
42107,164,54,10924.48603163
42108,164,55,26329.77210477
42109,164,56,11921.58339592
42110,164,57,17727.70681696
42111,164,58,15776.37773561
42112,164,59,11378.5302758
42113,164,60,9690.22338765
42114,164,61,11194.84358341
42115,164,62,20489.32772707
42116,164,63,10974.93605722
42117,164,64,28935.45675771
42118,164,65,10572.92755061
42119,164,66,14144.24868599
42120,164,67,18826.1412211
42121,164,68,17539.15628941
42122,164,69,45288.56565709
42123,164,70,23280.53331735
42124,164,71,54868.90429944
42125,164,72,32264.08653391
42126,164,73,56513.44129647
42127,164,74,46835.252252
42128,164,75,34380.80849775
42129,164,76,52812.42984705
42130,164,77,57821.81660051
42131,164,78,58329.87356754
42132,164,79,36630.60190168
42133,164,80,50935.45060841
42134,164,81,49498.71953964
42135,164,82,39021.55149695
42136,164,83,16755.93954374
42137,164,84,51947.10182536
42138,164,85,41390.27338605
42139,164,86,16469.44501225
42140,164,87,21043.06586862
42141,164,88,16610.60306187
42142,164,89,17753.97988471
42143,164,90,9036.37207152
42144,164,91,5705.01957819
42145,164,92,12107.27165879
42146,164,93,5463.81117181
42147,164,94,3373.23510047
42148,164,95,7748.96662848
42149,164,96,19361.24707864
42150,164,97,23483.94518962
42151,164,98,22358.14695664
42152,164,99,1722.64139523
42153,164,100,17792.14584464
42154,164,101,4612.50378594
42155,164,102,2139.38348579
42156,164,103,24612.34790313
42157,164,104,15090.71257619
42158,164,105,10766.38740937
42159,164,106,3864.44218344
42160,164,107,6766.41254522
42161,164,108,21105.1137799
42162,164,109,13910.15808474
42163,164,110,20538.89039356
42164,164,111,11898.55118852
42165,164,112,2992.04211388
42166,164,113,22247.67750787
42167,164,114,8746.79169906
42168,164,115,25258.38994938
42169,164,116,6114.94144272
42170,164,117,2517.75769344
42171,164,118,16930.29757168
42172,164,119,27250.64899444
42173,164,120,13828.55192305
42174,164,121,2945.94656139
42175,164,122,18285.92143657
42176,164,123,5490.47322866
42177,164,124,5311.54967265
42178,164,125,6798.52619185
42179,164,126,15029.01619951
42180,164,127,7110.34392823
42181,164,128,3559.4756963
42182,164,129,7395.02785683
42183,164,130,4631.17469761
42184,164,131,23072.32743412
42185,164,132,5488.89221802
42186,164,133,23894.31838174
42187,164,134,24696.11202153
42188,164,135,20809.15464406
42189,164,136,19254.46465542
42190,164,137,20522.63844927
42191,164,138,21990.98968428
42192,164,139,19993.40586131
42193,164,140,19403.98916432
42194,164,141,20604.76691373
42195,164,142,24051.55529933
42196,164,143,25213.5733669
42197,164,144,22468.35510876
42198,164,145,23614.80984437
42199,164,146,20322.69331548
42200,164,147,7191.20787572
42201,164,148,1610.11244338
42202,164,149,9264.10967381
42203,164,150,7506.55138063
42204,164,151,4410.86773163
42205,164,152,805.34860722
42206,164,153,6311.22105234
42207,164,154,8557.99730338
42208,164,155,4957.97235135
42209,164,156,14007.81680321
42210,164,157,8489.11918006
42211,164,158,9121.65502524
42212,164,159,14885.10640275
42213,164,160,6078.04781519
42214,164,161,3589.94492828
42215,164,162,2799.50063802
42216,164,163,12170.8501398
42217,164,164,0.0
42218,164,165,10073.83160084
42219,164,166,12661.65286518
42220,164,167,7941.04862884
42221,164,168,25769.36959674
42222,164,169,24042.98055075
42223,164,170,24593.32264126
42224,164,171,26907.01899675
42225,164,172,24811.11950121
42226,164,173,25630.33815769
42227,164,174,27128.02849958
42228,164,175,25364.08449134
42229,164,176,25874.27546212
42230,164,177,24568.21824142
42231,164,178,28024.54762561
42232,164,179,23536.5098119
42233,164,180,30085.92809441
42234,164,181,34695.53579834
42235,164,182,38000.31339108
42236,164,183,42467.04078894
42237,164,184,32099.56692466
42238,164,185,25433.48225415
42239,164,186,37094.73790089
42240,164,187,41168.84996673
42241,164,188,37230.60347051
42242,164,189,36544.33261077
42243,164,190,37980.82374834
42244,164,191,37036.8448345
42245,164,192,36105.71099535
42246,164,193,37292.5091467
42247,164,194,37630.04176597
42248,164,195,36090.2485127
42249,164,196,37005.14508806
42250,164,197,39285.70152321
42251,164,198,13423.15318688
42252,164,199,16170.44373071
42253,164,200,45594.15062874
42254,164,201,29592.71854652
42255,164,202,55445.60587041
42256,164,203,50642.02046612
42257,164,204,41977.07931088
42258,164,205,34249.50815401
42259,164,206,25231.8838104
42260,164,207,58816.43402622
42261,164,208,19455.71327126
42262,164,209,13680.18423075
42263,164,210,10099.5835043
42264,164,211,17052.35604409
42265,164,212,52904.91094117
42266,164,213,60536.6480896
42267,164,214,41238.34024619
42268,164,215,25181.22512102
42269,164,216,16068.24891973
42270,164,217,20109.35393182
42271,164,218,21969.62821331
42272,164,219,49417.65752556
42273,164,220,53798.65019956
42274,164,221,17190.5223237
42275,164,222,31574.39320422
42276,164,223,13484.62460892
42277,164,224,58602.06894321
42278,164,225,17582.05347585
42279,164,226,37178.23252766
42280,164,227,26720.92975944
42281,164,228,60790.25218847
42282,164,229,43883.49587722
42283,164,230,46476.12365546
42284,164,231,10033.70256159
42285,164,232,9880.58166888
42286,164,233,10201.03135671
42287,164,234,9365.61011266
42288,164,235,9676.09568055
42289,164,236,10376.36274598
42290,164,237,9499.76983823
42291,164,238,24562.95861006
42292,164,239,13915.8779358
42293,164,240,22254.97728299
42294,164,241,8210.06874743
42295,164,242,10947.35938397
42296,164,243,9744.21224824
42297,164,244,18371.96437615
42298,164,245,17719.78177156
42299,164,246,19119.93895442
42300,164,247,15020.6508158
42301,164,248,16877.7846764
42302,164,249,23176.84269471
42303,164,250,23824.13738626
42304,164,251,12774.5203521
42305,164,252,9307.16993494
42306,164,253,11098.61012529
42307,164,254,20048.65267587
42308,164,255,21056.29710209
42309,164,256,23999.22522577
42310,164,257,15935.88724861
42311,164,258,10261.84577612
42312,165,1,4159.00934798
42313,165,2,7967.87100967
42314,165,3,4821.20430589
42315,165,4,7234.24502038
42316,165,5,7645.45572109
42317,165,6,7408.35489263
42318,165,7,4824.30207129
42319,165,8,6294.67186552
42320,165,9,5589.3714272
42321,165,10,6317.52685187
42322,165,11,4187.23694041
42323,165,12,3580.86884792
42324,165,13,3463.46841367
42325,165,14,7127.65273344
42326,165,15,7127.01418082
42327,165,16,8414.03827413
42328,165,17,11758.0830324
42329,165,18,10990.04315043
42330,165,19,4081.47654424
42331,165,20,8795.51431034
42332,165,21,14169.19013165
42333,165,22,9399.53471597
42334,165,23,3025.15904298
42335,165,24,3190.23070843
42336,165,25,6861.32348877
42337,165,26,6978.30492266
42338,165,27,13087.59434014
42339,165,28,9339.93654429
42340,165,29,5860.42121943
42341,165,30,10298.94470041
42342,165,31,3520.87465689
42343,165,32,6143.17163753
42344,165,33,15844.81062443
42345,165,34,7917.29312121
42346,165,35,4852.82012072
42347,165,36,11640.21702711
42348,165,37,12397.40468439
42349,165,38,3252.75493307
42350,165,39,3602.6340483
42351,165,40,21434.05369653
42352,165,41,14081.19943063
42353,165,42,10111.93332201
42354,165,43,26600.73611407
42355,165,44,13829.23390447
42356,165,45,8951.92926952
42357,165,46,11398.81341495
42358,165,47,32209.97919269
42359,165,48,33289.3522622
42360,165,49,7421.60983262
42361,165,50,28788.63955606
42362,165,51,5337.1082057
42363,165,52,4830.30692975
42364,165,53,2372.03519163
42365,165,54,5419.51933878
42366,165,55,17061.02427557
42367,165,56,7742.53120598
42368,165,57,8702.11488294
42369,165,58,6491.76088687
42370,165,59,6274.45268026
42371,165,60,2972.02969936
42372,165,61,9102.13209779
42373,165,62,11489.53235106
42374,165,63,1263.65719652
42375,165,64,19441.17771018
42376,165,65,1975.18440635
42377,165,66,4618.45878865
42378,165,67,8908.96000022
42379,165,68,7681.37757638
42380,165,69,35384.30170067
42381,165,70,13265.78498685
42382,165,71,45017.2620013
42383,165,72,22191.84732285
42384,165,73,46620.39199514
42385,165,74,36931.16648875
42386,165,75,24316.10926073
42387,165,76,42979.46211549
42388,165,77,47811.60338057
42389,165,78,48389.74439547
42390,165,79,26582.00482138
42391,165,80,41052.44408602
42392,165,81,39633.12775837
42393,165,82,29077.15622876
42394,165,83,9477.77420866
42395,165,84,42086.37263042
42396,165,85,31462.68535199
42397,165,86,8672.44505005
42398,165,87,11064.67424028
42399,165,88,7826.8137544
42400,165,89,10943.40823687
42401,165,90,2781.44795571
42402,165,91,5057.38767841
42403,165,92,4560.88515767
42404,165,93,10416.38684172
42405,165,94,8444.10075162
42406,165,95,4346.43139455
42407,165,96,11055.03696406
42408,165,97,15410.22408445
42409,165,98,14144.78494633
42410,165,99,8554.91755864
42411,165,100,9677.23440657
42412,165,101,5866.44000492
42413,165,102,8561.26735964
42414,165,103,16482.91900995
42415,165,104,7518.81851755
42416,165,105,3562.27742591
42417,165,106,9805.99804379
42418,165,107,4455.75570641
42419,165,108,12715.15655666
42420,165,109,6121.31360369
42421,165,110,16411.41089147
42422,165,111,10110.30156851
42423,165,112,10284.73493458
42424,165,113,17444.4284882
42425,165,114,7226.86302875
42426,165,115,19814.71256571
42427,165,116,3968.81784943
42428,165,117,11776.29138203
42429,165,118,14074.01664378
42430,165,119,21515.18383277
42431,165,120,12017.25242468
42432,165,121,12508.5702115
42433,165,122,14852.16783627
42434,165,123,4685.27324533
42435,165,124,5574.70156128
42436,165,125,5138.40125877
42437,165,126,12726.45919535
42438,165,127,2982.90757655
42439,165,128,13314.74260677
42440,165,129,5729.91502924
42441,165,130,8168.66991211
42442,165,131,17735.42792338
42443,165,132,6205.08987781
42444,165,133,18383.93168395
42445,165,134,19750.40735899
42446,165,135,15832.56349369
42447,165,136,13386.18343309
42448,165,137,10598.1061377
42449,165,138,11934.69237325
42450,165,139,14687.69587972
42451,165,140,11662.63224273
42452,165,141,12093.92032936
42453,165,142,18719.29912087
42454,165,143,20800.75431873
42455,165,144,17120.31661649
42456,165,145,19593.05476623
42457,165,146,10810.06332197
42458,165,147,5330.56019333
42459,165,148,11194.38721061
42460,165,149,1591.10156177
42461,165,150,16761.81241523
42462,165,151,6738.63973749
42463,165,152,10681.66592171
42464,165,153,5759.3849882
42465,165,154,4078.33159009
42466,165,155,13446.62181894
42467,165,156,5012.65869464
42468,165,157,2707.09873448
42469,165,158,18270.19618255
42470,165,159,5981.58734454
42471,165,160,15055.08031339
42472,165,161,12384.70350109
42473,165,162,11901.48285035
42474,165,163,2735.70105532
42475,165,164,10073.83160084
42476,165,165,0.0
42477,165,166,3542.02254086
42478,165,167,4936.1629105
42479,165,168,33157.6916077
42480,165,169,31004.10717125
42481,165,170,31863.34758539
42482,165,171,34443.77441912
42483,165,172,32958.65762207
42484,165,173,33628.72656319
42485,165,174,34983.37147655
42486,165,175,34119.33951306
42487,165,176,35015.36695427
42488,165,177,32949.58919121
42489,165,178,19434.93728399
42490,165,179,15058.08526356
42491,165,180,21560.50596651
42492,165,181,26930.10924134
42493,165,182,30733.95420646
42494,165,183,35269.53823318
42495,165,184,23935.36417717
42496,165,185,17032.22219058
42497,165,186,29635.45683617
42498,165,187,33992.10631392
42499,165,188,38320.71954851
42500,165,189,35843.49768601
42501,165,190,34971.8525582
42502,165,191,35573.82071453
42503,165,192,36612.90084899
42504,165,193,35507.84949619
42505,165,194,35246.33238719
42506,165,195,36025.74499673
42507,165,196,38774.90098333
42508,165,197,35940.73032136
42509,165,198,17251.04480583
42510,165,199,20257.85151029
42511,165,200,47210.33538599
42512,165,201,32468.55978307
42513,165,202,56500.15515419
42514,165,203,51854.93923169
42515,165,204,43781.29366782
42516,165,205,36099.2303869
42517,165,206,28700.6424031
42518,165,207,60171.52702873
42519,165,208,22878.72449284
42520,165,209,3725.98793466
42521,165,210,3954.17611378
42522,165,211,7315.49879893
42523,165,212,43272.10746063
42524,165,213,50851.02020706
42525,165,214,37680.42874225
42526,165,215,20229.35653033
42527,165,216,9229.40003709
42528,165,217,14820.28424703
42529,165,218,16473.82848904
42530,165,219,44800.82915968
42531,165,220,48987.45501918
42532,165,221,12270.05907649
42533,165,222,28165.72172991
42534,165,223,6449.80269579
42535,165,224,53588.13206372
42536,165,225,11443.37450985
42537,165,226,33918.2101678
42538,165,227,22541.49896601
42539,165,228,55653.73350271
42540,165,229,39869.84987848
42541,165,230,42163.48891056
42542,165,231,3130.63685799
42543,165,232,3442.35522585
42544,165,233,2799.29013943
42545,165,234,4563.37569262
42546,165,235,3862.31261281
42547,165,236,2429.88653589
42548,165,237,4300.16524767
42549,165,238,24554.93930305
42550,165,239,16280.21260667
42551,165,240,23390.38659758
42552,165,241,6427.87721534
42553,165,242,12282.78118323
42554,165,243,4327.54250508
42555,165,244,20444.65125336
42556,165,245,19454.18060022
42557,165,246,21478.59012918
42558,165,247,16709.70833641
42559,165,248,18514.25037388
42560,165,249,24010.3720493
42561,165,250,23342.12353325
42562,165,251,15761.81910858
42563,165,252,7416.09313018
42564,165,253,3789.99911165
42565,165,254,22170.07463418
42566,165,255,22691.10648645
42567,165,256,22954.78576638
42568,165,257,17206.29234201
42569,165,258,10305.29782709
42570,166,1,6548.93806462
42571,166,2,11497.03430482
42572,166,3,7496.60638852
42573,166,4,10497.15423295
42574,166,5,11187.3921919
42575,166,6,10913.82122483
42576,166,7,4175.51134014
42577,166,8,9316.87809656
42578,166,9,8509.78324955
42579,166,10,5904.9199603
42580,166,11,4113.1518412
42581,166,12,4718.26488037
42582,166,13,5556.40784115
42583,166,14,10520.14629339
42584,166,15,10221.13434458
42585,166,16,11866.94061178
42586,166,17,12672.88768472
42587,166,18,12141.58761044
42588,166,19,7453.44532453
42589,166,20,10964.83670353
42590,166,21,14690.62167946
42591,166,22,11167.26068124
42592,166,23,5836.71815737
42593,166,24,6629.42701501
42594,166,25,9425.00522047
42595,166,26,8827.9049343
42596,166,27,13795.33742588
42597,166,28,11160.77997532
42598,166,29,7677.36086659
42599,166,30,11699.95346983
42600,166,31,7031.41926536
42601,166,32,8880.00794622
42602,166,33,16224.14103559
42603,166,34,10386.94124292
42604,166,35,8038.2452221
42605,166,36,13412.69904762
42606,166,37,14282.28103702
42607,166,38,6793.86618997
42608,166,39,6013.33036013
42609,166,40,21401.63055521
42610,166,41,14323.31124518
42611,166,42,9650.70280346
42612,166,43,26553.83856864
42613,166,44,13882.46415915
42614,166,45,8718.74793287
42615,166,46,10926.96712655
42616,166,47,32015.08374968
42617,166,48,33059.82476096
42618,166,49,6901.97873522
42619,166,50,28717.34426898
42620,166,51,5027.36509819
42621,166,52,3912.50669889
42622,166,53,3206.8325127
42623,166,54,3935.06220342
42624,166,55,16721.69163372
42625,166,56,5955.80617426
42626,166,57,9288.21659355
42627,166,58,7173.07178009
42628,166,59,4562.67196824
42629,166,60,3116.45777114
42630,166,61,7898.52447705
42631,166,62,11782.30279475
42632,166,63,2280.35822206
42633,166,64,18749.37674257
42634,166,65,2115.70735831
42635,166,66,5490.10837539
42636,166,67,6331.83607206
42637,166,68,5015.25257037
42638,166,69,33836.90494122
42639,166,70,10860.78393109
42640,166,71,43517.49373842
42641,166,72,20140.51898039
42642,166,73,45040.40057891
42643,166,74,35374.71632219
42644,166,75,22335.2979809
42645,166,76,41520.16953093
42646,166,77,45959.61377082
42647,166,78,46710.07306225
42648,166,79,24684.52657215
42649,166,80,39514.59657064
42650,166,81,38134.22177708
42651,166,82,27490.64987603
42652,166,83,6068.462143
42653,166,84,40583.82675215
42654,166,85,29894.20852743
42655,166,86,5183.84679352
42656,166,87,8588.50996855
42657,166,88,4313.65496284
42658,166,89,7582.72833142
42659,166,90,3675.7642451
42660,166,91,7034.7816664
42661,166,92,2022.39371501
42662,166,93,13818.35034794
42663,166,94,11621.14374736
42664,166,95,5311.25840855
42665,166,96,7517.2130632
42666,166,97,11873.53814847
42667,166,98,10612.40689633
42668,166,99,11354.54683809
42669,166,100,6138.34284659
42670,166,101,8086.05364717
42671,166,102,11495.80155516
42672,166,103,12951.99216517
42673,166,104,4145.86889778
42674,166,105,2374.32529845
42675,166,106,13057.20635832
42676,166,107,6054.30626753
42677,166,108,9191.18022385
42678,166,109,2824.26363452
42679,166,110,13521.0298006
42680,166,111,8776.04076179
42681,166,112,13402.69976
42682,166,113,14336.70718413
42683,166,114,7024.58054428
42684,166,115,16513.6466226
42685,166,116,6905.42097268
42686,166,117,14674.07177554
42687,166,118,11737.49621123
42688,166,119,18140.00421265
42689,166,120,10310.62095541
42690,166,121,15355.68375834
42691,166,122,12260.37453669
42692,166,123,7722.31107686
42693,166,124,8862.38536884
42694,166,125,6367.65107156
42695,166,126,10733.24228836
42696,166,127,5792.09055733
42697,166,128,16112.74676533
42698,166,129,6416.37482633
42699,166,130,11518.51627556
42700,166,131,14496.56336928
42701,166,132,9595.45429229
42702,166,133,15095.15147571
42703,166,134,21847.2964516
42704,166,135,18092.72671296
42705,166,136,15466.91938696
42706,166,137,9549.10815895
42707,166,138,10269.81340237
42708,166,139,16896.78989996
42709,166,140,12944.23466246
42710,166,141,12780.86972616
42711,166,142,20716.20963711
42712,166,143,23040.35971661
42713,166,144,19182.64986952
42714,166,145,21995.42158178
42715,166,146,10542.32607143
42716,166,147,8859.81338935
42717,166,148,13506.74313129
42718,166,149,5127.36694244
42719,166,150,18557.29664372
42720,166,151,9977.52850417
42721,166,152,13142.69656922
42722,166,153,9232.61530203
42723,166,154,7604.81733891
42724,166,155,15158.30586654
42725,166,156,1488.55689947
42726,166,157,6248.26454557
42727,166,158,19947.32041144
42728,166,159,2460.11487502
42729,166,160,16819.2828955
42730,166,161,14311.34051788
42731,166,162,13981.56682542
42732,166,163,848.08041267
42733,166,164,12661.65286518
42734,166,165,3542.02254086
42735,166,166,0.0
42736,166,167,8477.66212844
42737,166,168,33586.0045164
42738,166,169,31287.09148894
42739,166,170,32263.09031287
42740,166,171,34918.01427803
42741,166,172,33750.91222268
42742,166,173,34336.18363019
42743,166,174,35600.03839072
42744,166,175,35219.67814111
42745,166,176,36341.11190398
42746,166,177,33861.75636683
42747,166,178,15972.26238489
42748,166,179,11557.10035543
42749,166,180,18093.68795304
42750,166,181,23396.06276438
42751,166,182,27192.0532412
42752,166,183,31727.57194372
42753,166,184,20425.5563731
42754,166,185,13529.70614686
42755,166,186,26094.23369901
42756,166,187,30450.36979262
42757,166,188,36363.21672942
42758,166,189,33408.08123124
42759,166,190,31980.72791141
42760,166,191,32941.81506989
42761,166,192,34506.62925744
42762,166,193,32795.93206768
42763,166,194,32393.30976975
42764,166,195,33763.6341987
42765,166,196,37019.50103564
42766,166,197,32870.51800266
42767,166,198,16965.30194436
42768,166,199,19843.71764512
42769,166,200,45312.58420526
42770,166,201,31183.1087913
42771,166,202,54368.85830112
42772,166,203,49799.6408577
42773,166,204,41975.04673027
42774,166,205,34409.60788833
42775,166,206,27712.55217955
42776,166,207,58106.48628167
42777,166,208,22089.00453634
42778,166,209,2043.96100717
42779,166,210,3270.59318245
42780,166,211,7101.81654376
42781,166,212,42099.05602903
42782,166,213,49575.01134592
42783,166,214,34555.12199468
42784,166,215,17020.03836751
42785,166,216,5956.7041059
42786,166,217,11681.66809005
42787,166,218,13231.48459918
42788,166,219,41462.53368034
42789,166,220,45611.41610013
42790,166,221,9384.03814181
42791,166,222,25163.03087363
42792,166,223,3480.67149461
42793,166,224,50177.94744329
42794,166,225,8235.31944424
42795,166,226,30882.93728686
42796,166,227,19456.9617034
42797,166,228,52226.34826095
42798,166,229,36647.56791344
42799,166,230,38880.78043616
42800,166,231,2850.84659409
42801,166,232,3146.43708112
42802,166,233,2560.06467309
42803,166,234,4296.91059684
42804,166,235,3569.96523604
42805,166,236,2298.92552127
42806,166,237,4005.00081716
42807,166,238,27715.39752226
42808,166,239,19789.24563127
42809,166,240,26718.39781483
42810,166,241,9961.76568949
42811,166,242,15797.58314274
42812,166,243,7704.95415426
42813,166,244,23893.89081647
42814,166,245,22888.5080434
42815,166,246,24938.63630791
42816,166,247,20176.55339157
42817,166,248,21952.81021972
42818,166,249,27294.82883456
42819,166,250,26446.83514783
42820,166,251,19295.22289351
42821,166,252,10900.55068168
42822,166,253,6751.10141014
42823,166,254,25606.18827082
42824,166,255,26079.33772656
42825,166,256,25969.08339083
42826,166,257,20634.62369802
42827,166,258,13799.71110326
42828,167,1,4931.23180743
42829,167,2,3072.81977586
42830,167,3,4475.98062361
42831,167,4,3784.66127194
42832,167,5,2715.96061023
42833,167,6,2744.14254262
42834,167,7,8611.54579281
42835,167,8,4076.10675303
42836,167,9,4071.56201193
42837,167,10,9490.76062202
42838,167,11,7814.6976236
42839,167,12,6504.37000842
42840,167,13,5318.19929093
42841,167,14,3128.52112985
42842,167,15,4332.79432489
42843,167,16,3818.34296313
42844,167,17,12310.80804248
42845,167,18,11310.08148933
42846,167,19,2164.83852533
42847,167,20,7822.49542612
42848,167,21,14993.1687141
42849,167,22,8808.56610488
42850,167,23,3966.58226298
42851,167,24,2174.14207238
42852,167,25,5654.24959723
42853,167,26,6953.37383637
42854,167,27,13766.82875285
42855,167,28,8888.06093872
42856,167,29,6377.49686051
42857,167,30,10353.26553744
42858,167,31,1666.43841849
42859,167,32,4830.07898342
42860,167,33,16717.60910982
42861,167,34,6555.79758407
42862,167,35,2964.15387288
42863,167,36,10634.0937549
42864,167,37,11089.99226758
42865,167,38,1683.9096224
42866,167,39,4668.9231473
42867,167,40,22537.64443989
42868,167,41,15286.28112473
42869,167,42,12607.12399633
42870,167,43,27546.58200554
42871,167,44,15300.11514771
42872,167,45,11386.12989298
42873,167,46,13743.51971065
42874,167,47,33224.79541009
42875,167,48,34330.67534001
42876,167,49,10431.77857354
42877,167,50,29710.66960044
42878,167,51,8711.01021714
42879,167,52,8787.21809882
42880,167,53,6365.3267109
42881,167,54,9562.3136715
42882,167,55,18578.93217392
42883,167,56,11711.63729609
42884,167,57,10047.24735937
42885,167,58,8341.2806077
42886,167,59,10395.04003015
42887,167,60,7071.29933255
42888,167,61,12447.55877956
42889,167,62,12720.57961808
42890,167,63,6197.52275532
42891,167,64,21271.28589679
42892,167,65,6721.09447225
42893,167,66,7062.50393027
42894,167,67,13221.46701264
42895,167,68,12129.25285715
42896,167,69,37897.40683542
42897,167,70,17225.57446641
42898,167,71,47375.99239047
42899,167,72,25524.21312418
42900,167,73,49071.01900688
42901,167,74,39437.7871272
42902,167,75,27524.11490761
42903,167,76,45302.60204799
42904,167,77,50605.02140241
42905,167,78,50957.43979864
42906,167,79,29650.91883617
42907,167,80,43493.77571245
42908,167,81,42038.17266259
42909,167,82,31729.33082245
42910,167,83,14351.8189048
42911,167,84,44473.06956622
42912,167,85,34054.66539545
42913,167,86,13589.05793387
42914,167,87,15183.44179024
42915,167,88,12742.20069406
42916,167,89,15779.29799677
42917,167,90,6489.7541693
42918,167,91,5930.86522552
42919,167,92,9293.04270026
42920,167,93,6018.4260037
42921,167,94,5030.12579733
42922,167,95,6979.66584433
42923,167,96,15984.49804076
42924,167,97,20337.04175545
42925,167,98,19067.27932908
42926,167,99,6221.58099472
42927,167,100,14613.20113393
42928,167,101,5855.09707113
42929,167,102,5862.24841955
42930,167,103,21402.76881288
42931,167,104,12392.40100713
42932,167,105,8053.56365339
42933,167,106,5952.75261379
42934,167,107,6266.82910924
42935,167,108,17630.46086616
42936,167,109,10988.26500514
42937,167,110,20823.74373473
42938,167,111,13456.71360523
42939,167,112,6779.10311576
42940,167,113,22032.81504565
42941,167,114,9981.06903846
42942,167,115,24556.19876569
42943,167,116,3707.42597375
42944,167,117,8684.10843122
42945,167,118,18057.83310783
42946,167,119,26316.48231319
42947,167,120,15540.20221879
42948,167,121,9466.13978769
42949,167,122,19036.09637315
42950,167,123,3460.74355311
42951,167,124,2715.10460219
42952,167,125,7048.70479717
42953,167,126,16464.75749462
42954,167,127,4116.11720076
42955,167,128,10315.13460167
42956,167,129,8020.46074929
42957,167,130,4169.9905476
42958,167,131,22433.91815855
42959,167,132,2491.66795475
42960,167,133,23121.25983633
42961,167,134,17512.35221588
42962,167,135,13520.24784255
42963,167,136,11610.93748322
42964,167,137,13472.34406413
42965,167,138,15285.15661165
42966,167,139,12555.25920771
42967,167,140,11462.99592139
42968,167,141,12712.786018
42969,167,142,16701.2944169
42970,167,143,18274.40174175
42971,167,144,15078.90866705
42972,167,145,16826.96659
42973,167,146,12819.2418548
42974,167,147,783.58379739
42975,167,148,9467.81116083
42976,167,149,3352.54279051
42977,167,150,15421.38876887
42978,167,151,3543.57639898
42979,167,152,8725.69816217
42980,167,153,1669.192568
42981,167,154,979.71384845
42982,167,155,12538.06717699
42983,167,156,9941.41374073
42984,167,157,2238.4237458
42985,167,158,17031.47994334
42986,167,159,10906.4362491
42987,167,160,13899.95580744
42988,167,161,11226.54639789
42989,167,162,10525.55165039
42990,167,163,7661.79247691
42991,167,164,7941.04862884
42992,167,165,4936.1629105
42993,167,166,8477.66212844
42994,167,167,0.0
42995,167,168,33298.72587205
42996,167,169,31391.61372417
42997,167,170,32069.88358087
42998,167,171,34496.6972124
42999,167,172,32583.78813893
43000,167,173,33363.76380886
43001,167,174,34824.66067695
43002,167,175,33271.5142369
43003,167,176,33815.19915853
43004,167,177,32400.30842724
43005,167,178,24280.74513346
43006,167,179,19949.13070054
43007,167,180,26407.11049392
43008,167,181,31851.17793478
43009,167,182,35669.65539518
43010,167,183,40205.06188872
43011,167,184,28827.26813648
43012,167,185,21922.07335204
43013,167,186,34567.80497623
43014,167,187,38928.03160137
43015,167,188,41483.97363305
43016,167,189,39587.44017783
43017,167,190,39343.02941946
43018,167,191,39543.42496029
43019,167,192,39967.53476961
43020,167,193,39567.77074355
43021,167,194,39464.73540658
43022,167,195,39567.87543047
43023,167,196,41689.57594266
43024,167,197,40394.75368671
43025,167,198,18890.14328994
43026,167,199,21903.7694918
43027,167,200,50239.17625604
43028,167,201,34880.2852729
43029,167,202,59776.0031191
43030,167,203,55055.16698232
43031,167,204,46718.86143899
43032,167,205,38959.76743116
43033,167,206,30809.82425171
43034,167,207,63351.69125993
43035,167,208,24892.11068376
43036,167,209,8294.83438932
43037,167,210,8065.27529302
43038,167,211,9904.68625284
43039,167,212,45220.53606418
43040,167,213,52875.29677295
43041,167,214,42189.71600772
43042,167,215,24887.19798298
43043,167,216,14032.06327577
43044,167,217,19460.96420325
43045,167,218,21183.55017377
43046,167,219,49531.60386311
43047,167,220,53756.45483489
43048,167,221,16758.47651132
43049,167,222,32579.00717877
43050,167,223,11184.24897185
43051,167,224,58392.34742643
43052,167,225,16176.05012928
43053,167,226,38341.03616066
43054,167,227,27069.19105567
43055,167,228,60476.0857033
43056,167,229,44480.31962339
43057,167,230,46836.44146198
43058,167,231,7383.23235113
43059,167,232,7551.63291897
43060,167,233,7205.12142547
43061,167,234,8176.77001407
43062,167,235,7779.07747816
43063,167,236,6997.18347657
43064,167,237,8036.44605982
43065,167,238,20298.03693287
43066,167,239,11401.99141531
43067,167,240,18833.78308642
43068,167,241,1531.88581592
43069,167,242,7404.02425865
43070,167,243,1888.88798663
43071,167,244,15672.79313027
43072,167,245,14715.91721768
43073,167,246,16682.65329521
43074,167,247,11918.72665227
43075,167,248,13772.40777017
43076,167,249,19530.41336689
43077,167,250,19200.86856809
43078,167,251,10836.39394398
43079,167,252,2750.08087605
43080,167,253,3480.77272095
43081,167,254,17416.9396942
43082,167,255,18025.74099371
43083,167,256,18985.63793244
43084,167,257,12494.05263438
43085,167,258,5500.36879702
43086,168,1,29354.22131487
43087,168,2,34364.59544969
43088,168,3,29221.05980739
43089,168,4,29986.23870536
43090,168,5,33451.38750633
43091,168,6,32187.8719939
43092,168,7,29417.69632254
43093,168,8,29233.6920187
43094,168,9,29273.1441853
43095,168,10,27681.23978931
43096,168,11,29616.04069908
43097,168,12,29649.82439127
43098,168,13,29765.71317194
43099,168,14,30912.17307313
43100,168,15,29163.04782939
43101,168,16,35787.29752073
43102,168,17,21422.02562549
43103,168,18,22273.44821356
43104,168,19,31433.68157255
43105,168,20,25476.29378182
43106,168,21,19011.79803694
43107,168,22,41872.67797942
43108,168,23,35554.3932208
43109,168,24,34183.49255103
43110,168,25,27658.33831641
43111,168,26,39648.98366118
43112,168,27,20070.12519201
43113,168,28,24451.42351243
43114,168,29,38692.44682181
43115,168,30,23111.80187054
43116,168,31,32441.12327735
43117,168,32,28501.26768678
43118,168,33,17390.76626901
43119,168,34,26746.78372711
43120,168,35,30421.25642482
43121,168,36,43873.42471372
43122,168,37,44380.35081547
43123,168,38,33201.56258545
43124,168,39,36363.20430074
43125,168,40,12476.17944936
43126,168,41,19267.13182398
43127,168,42,24038.30677057
43128,168,43,7895.55005298
43129,168,44,19714.68535723
43130,168,45,24875.27787826
43131,168,46,22834.85372538
43132,168,47,5899.32435842
43133,168,48,6185.20109384
43134,168,49,26704.80779452
43135,168,50,6367.29333236
43136,168,51,28583.34817379
43137,168,52,29673.71389162
43138,168,53,35336.50310863
43139,168,54,29759.99406244
43140,168,55,50121.16055248
43141,168,56,28374.03340073
43142,168,57,41855.37251029
43143,168,58,39649.44078941
43144,168,59,29360.98860566
43145,168,60,30855.17472648
43146,168,61,26192.9159634
43147,168,62,44647.2043487
43148,168,63,33324.34716954
43149,168,64,52306.65396374
43150,168,65,32300.63379998
43151,168,66,37771.85144238
43152,168,67,39348.84540398
43153,168,68,38126.52101783
43154,168,69,66970.62533587
43155,168,70,43590.28154096
43156,168,71,76616.07912718
43157,168,72,52849.41160678
43158,168,73,78008.02421792
43159,168,74,68478.64654748
43160,168,75,55076.98004762
43161,168,76,74687.97106296
43162,168,77,78400.98889879
43163,168,78,79491.66148395
43164,168,79,57487.90378644
43165,168,80,72598.3268216
43166,168,81,71282.55721076
43167,168,82,60663.78961172
43168,168,83,33096.51374242
43169,168,84,73704.48497246
43170,168,85,63053.12122365
43171,168,86,33717.82502536
43172,168,87,41451.79038362
43173,168,88,35283.41244162
43174,168,89,32817.73916004
43175,168,90,30637.9274996
43176,168,91,28291.80151424
43177,168,92,31794.91691603
43178,168,93,30699.04041149
43179,168,94,29140.14624388
43180,168,95,28886.15368033
43181,168,96,36069.76884562
43182,168,97,38153.92612049
43183,168,98,37725.44096929
43184,168,99,27349.33027082
43185,168,100,34863.28195384
43186,168,101,27823.82461537
43187,168,102,27881.92448746
43188,168,103,39013.26028542
43189,168,104,32816.25166599
43190,168,105,31243.87390462
43191,168,106,29318.73068506
43192,168,107,28713.43658666
43193,168,108,37290.43301478
43194,168,109,32626.33702262
43195,168,110,29390.15726006
43196,168,111,25637.99038211
43197,168,112,28256.18845531
43198,168,113,31203.07338003
43199,168,114,26563.50948712
43200,168,115,33810.41249598
43201,168,116,30209.66945942
43202,168,117,26429.14143542
43203,168,118,26616.35135543
43204,168,119,35491.45375666
43205,168,120,25242.84950556
43206,168,121,25870.96498671
43207,168,122,27692.6576049
43208,168,123,30048.09524609
43209,168,124,30592.64904308
43210,168,125,28021.10546448
43211,168,126,25790.46643124
43212,168,127,30640.32080458
43213,168,128,25288.84699846
43214,168,129,27530.03485455
43215,168,130,30395.21605328
43216,168,131,32553.78603754
43217,168,132,31052.38696968
43218,168,133,33269.77923124
43219,168,134,50465.40608636
43220,168,135,46566.7986886
43221,168,136,44886.94343202
43222,168,137,43127.09217589
43223,168,138,43744.18269851
43224,168,139,45718.03461285
43225,168,140,44432.59114897
43226,168,141,45186.36043863
43227,168,142,49805.79776126
43228,168,143,50963.1908973
43229,168,144,48211.9349174
43230,168,145,49343.14722372
43231,168,146,43846.65838455
43232,168,147,32638.73472888
43233,168,148,24159.45828982
43234,168,149,33249.94957486
43235,168,150,18596.13765492
43236,168,151,29991.71150654
43237,168,152,24971.13143061
43238,168,153,31824.83778132
43239,168,154,33648.23594378
43240,168,155,20854.38586701
43241,168,156,34137.14733465
43242,168,157,32992.77948764
43243,168,158,17074.08944483
43244,168,159,34489.16658041
43245,168,160,19735.90092979
43246,168,161,22213.9800023
43247,168,162,22982.08034236
43248,168,163,33682.80218748
43249,168,164,25769.36959674
43250,168,165,33157.6916077
43251,168,166,33586.0045164
43252,168,167,33298.72587205
43253,168,168,0.0
43254,168,169,2595.86941163
43255,168,170,1337.18103274
43256,168,171,1384.18400727
43257,168,172,3480.141061
43258,168,173,2757.33838337
43259,168,174,2664.54576968
43260,168,175,6736.8341807
43261,168,176,9318.61742379
43262,168,177,4645.23967469
43263,168,178,42530.48590504
43264,168,179,39066.77413973
43265,168,180,43908.92749959
43266,168,181,45362.60200239
43267,168,182,46554.69098165
43268,168,183,49906.08811065
43269,168,184,44460.39044681
43270,168,185,40193.82363957
43271,168,186,46378.44174348
43272,168,187,48803.38610975
43273,168,188,24752.8530388
43274,168,189,28961.76127521
43275,168,190,35691.73097778
43276,168,191,31200.9518652
43277,168,192,25584.58785843
43278,168,193,32173.89396082
43279,168,194,33895.69125314
43280,168,195,27055.78854524
43281,168,196,22817.78050177
43282,168,197,37425.18540872
43283,168,198,17004.88591609
43284,168,199,14701.26743729
43285,168,200,29429.56250961
43286,168,201,15967.0793906
43287,168,202,39024.84538526
43288,168,203,34538.01076682
43289,168,204,26174.20437335
43290,168,205,20961.44363868
43291,168,206,13351.73601984
43292,168,207,41312.50912678
43293,168,208,14422.07066004
43294,168,209,35498.48287445
43295,168,210,30362.11051893
43296,168,211,40303.95513965
43297,168,212,75540.62409823
43298,168,213,82899.54635907
43299,168,214,39350.01990256
43300,168,215,32773.1104262
43301,168,216,32211.21840439
43302,168,217,31266.3936729
43303,168,218,32367.49323278
43304,168,219,48431.63146727
43305,168,220,52586.17741132
43306,168,221,29803.76401451
43307,168,222,32702.58189318
43308,168,223,31631.64139847
43309,168,224,57254.52893487
43310,168,225,31738.3913394
43311,168,226,35782.54858225
43312,168,227,31904.21363303
43313,168,228,59506.76422124
43314,168,229,42483.33039197
43315,168,230,45269.43354591
43316,168,231,30973.79305926
43317,168,232,30617.09469194
43318,168,233,31358.61317381
43319,168,234,29357.90828771
43320,168,235,30138.86964608
43321,168,236,31783.38419923
43322,168,237,29662.73158232
43323,168,238,48822.84207344
43324,168,239,38121.70345873
43325,168,240,45978.0315416
43326,168,241,33876.20158005
43327,168,242,36183.47167157
43328,168,243,34854.25161468
43329,168,244,41953.63236257
43330,168,245,41647.57964609
43331,168,246,42350.7239602
43332,168,247,39418.51259864
43333,168,248,41002.71805603
43334,168,249,47011.31446522
43335,168,250,48417.41806771
43336,168,251,36839.28612965
43337,168,252,35048.40207251
43338,168,253,35806.20133468
43339,168,254,43319.08030216
43340,168,255,44561.03387357
43341,168,256,48864.82551691
43342,168,257,40420.24507975
43343,168,258,35898.29043319
43344,169,1,27289.86774975
43345,169,2,32617.11432489
43346,169,3,27216.22499358
43347,169,4,28193.59217488
43348,169,5,31697.66776278
43349,169,6,30427.37077754
43350,169,7,27132.0259334
43351,169,8,27351.1898517
43352,169,9,27337.5349422
43353,169,10,25389.14403499
43354,169,11,27364.71488117
43355,169,12,27466.22328493
43356,169,13,27650.23443364
43357,169,14,29127.57393073
43358,169,15,27340.47800318
43359,169,16,34035.00677421
43360,169,17,19330.94613281
43361,169,18,20227.29858432
43362,169,19,29468.84153276
43363,169,20,23582.63862961
43364,169,21,16834.95909978
43365,169,22,39861.6148742
43366,169,23,33481.95459415
43367,169,24,32172.00466878
43368,169,25,25737.6651131
43369,169,26,37600.12754831
43370,169,27,17941.30858339
43371,169,28,22508.26630164
43372,169,29,36617.09678699
43373,169,30,21107.50184758
43374,169,31,30458.25645766
43375,169,32,26569.5693709
43376,169,33,15170.69986592
43377,169,34,24865.86540386
43378,169,35,28478.57261641
43379,169,36,41902.94297101
43380,169,37,42441.19299731
43381,169,38,31205.4596495
43382,169,39,34279.69035294
43383,169,40,10018.53249097
43384,169,41,17005.2138537
43385,169,42,21688.3302232
43386,169,43,5304.38193726
43387,169,44,17405.15411294
43388,169,45,22568.34402738
43389,169,46,20462.4074605
43390,169,47,4375.63623565
43391,169,48,5075.71181975
43392,169,49,24389.64681333
43393,169,50,3835.59112709
43394,169,51,26309.19525659
43395,169,52,27376.25292274
43396,169,53,33140.81366941
43397,169,54,27428.45581898
43398,169,55,47893.18325474
43399,169,56,25972.17656945
43400,169,57,39705.92576203
43401,169,58,37489.86805037
43402,169,59,26999.95567928
43403,169,60,28619.61193186
43404,169,61,23792.24412642
43405,169,62,42484.24227207
43406,169,63,31115.76653199
43407,169,64,50030.4991016
43408,169,65,30069.71040206
43409,169,66,35605.83349002
43410,169,67,36963.77631272
43411,169,68,35755.50820812
43412,169,69,64536.80628818
43413,169,70,41165.39408288
43414,169,71,74170.84449316
43415,169,72,50396.32148426
43416,169,73,75547.75169116
43417,169,74,66040.02833607
43418,169,75,52621.95707003
43419,169,76,72252.49177187
43420,169,77,75899.31547099
43421,169,78,77013.57404151
43422,169,79,55033.54871258
43423,169,80,70154.135217
43424,169,81,68847.00119555
43425,169,82,58241.05639774
43426,169,83,30612.53476916
43427,169,84,71263.808581
43428,169,85,60626.07597688
43429,169,86,31256.22789415
43430,169,87,39045.1554746
43431,169,88,32856.47793498
43432,169,89,30300.57642753
43433,169,90,28433.02188159
43434,169,91,26214.63847443
43435,169,92,29462.2913822
43436,169,93,29132.43234995
43437,169,94,27414.15800758
43438,169,95,26699.10645149
43439,169,96,33568.16377286
43440,169,97,35592.45685181
43441,169,98,35179.35686215
43442,169,99,25567.38913578
43443,169,100,32383.55596637
43444,169,101,25806.13659316
43445,169,102,26124.64779381
43446,169,103,36443.97480005
43447,169,104,30383.14741497
43448,169,105,28961.99462779
43449,169,106,27696.23008938
43450,169,107,26580.97682964
43451,169,108,34765.74585966
43452,169,109,30235.65480634
43453,169,110,26798.24267849
43454,169,111,23204.80966474
43455,169,112,26649.15310524
43456,169,113,28608.05243613
43457,169,114,24278.1954805
43458,169,115,31215.83443419
43459,169,116,28193.92165865
43460,169,117,24894.58597871
43461,169,118,24051.70920362
43462,169,119,32901.30018252
43463,169,120,22741.29663787
43464,169,121,24383.85819731
43465,169,122,25114.20685452
43466,169,123,28079.25904957
43467,169,124,28702.61038142
43468,169,125,25867.03468877
43469,169,126,23259.97472736
43470,169,127,28568.01712354
43471,169,128,23857.31687248
43472,169,129,25330.7315391
43473,169,130,28672.86316635
43474,169,131,29958.72019425
43475,169,132,29211.01116287
43476,169,133,30674.0323335
43477,169,134,48698.7736227
43478,169,135,44767.73202715
43479,169,136,43001.15053093
43480,169,137,40835.88625565
43481,169,138,41393.46412353
43482,169,139,43884.14693947
43483,169,140,42391.6623855
43484,169,141,43072.78930402
43485,169,142,47997.2703814
43486,169,143,49253.51434657
43487,169,144,46391.87141167
43488,169,145,47657.70839702
43489,169,146,41624.61369849
43490,169,147,30756.04235702
43491,169,148,22440.35739168
43492,169,149,31170.50668349
43493,169,150,17117.21956362
43494,169,151,28165.17666222
43495,169,152,23255.72224807
43496,169,153,29964.34377668
43497,169,154,31691.80632036
43498,169,155,19090.14700538
43499,169,156,31788.96473037
43500,169,157,30969.24904145
43501,169,158,15675.71407776
43502,169,159,32111.40620504
43503,169,160,18101.55291213
43504,169,161,20458.51301513
43505,169,162,21243.64866575
43506,169,163,31415.86395249
43507,169,164,24042.98055075
43508,169,165,31004.10717125
43509,169,166,31287.09148894
43510,169,167,31391.61372417
43511,169,168,2595.86941163
43512,169,169,0.0
43513,169,170,1392.80577186
43514,169,171,3964.82611467
43515,169,172,5184.4092289
43516,169,173,4855.351237
43517,169,174,5210.88841112
43518,169,175,8500.41251763
43519,169,176,11057.02077047
43520,169,177,6238.5340602
43521,169,178,39952.18004833
43522,169,179,36517.25838056
43523,169,180,41320.87975417
43524,169,181,42771.54998252
43525,169,182,43989.39085822
43526,169,183,47371.90354948
43527,169,184,41864.77129099
43528,169,185,37625.87580376
43529,169,186,43802.28157221
43530,169,187,46261.50914938
43531,169,188,23125.49551831
43532,169,189,26946.97496187
43533,169,190,33427.77318189
43534,169,191,29095.06655833
43535,169,192,23759.73979159
43536,169,193,30034.29696516
43537,169,194,31692.47673183
43538,169,195,25123.71144689
43539,169,196,21353.09268806
43540,169,197,35158.80477706
43541,169,198,14558.38549933
43542,169,199,12161.7653804
43543,169,200,28433.68324611
43544,169,201,14106.55506612
43545,169,202,38217.31991526
43546,169,203,33621.87859943
43547,169,204,25048.1941587
43548,169,205,19305.44916784
43549,169,206,11088.96791174
43550,169,207,40701.41441351
43551,169,208,11828.69715438
43552,169,209,33224.83860767
43553,169,210,28087.75320263
43554,169,211,38083.1602313
43555,169,212,73152.0296862
43556,169,213,80483.20920664
43557,169,214,37107.05136393
43558,169,215,30181.2692355
43559,169,216,29731.64105682
43560,169,217,28687.49363718
43561,169,218,29777.12064614
43562,169,219,46219.45619498
43563,169,220,50415.96554571
43564,169,221,27260.33970371
43565,169,222,30243.88254608
43566,169,223,29233.01395583
43567,169,224,55120.72393339
43568,169,225,29209.54287137
43569,169,226,33471.50292623
43570,169,227,29334.59591608
43571,169,228,57381.33761993
43572,169,229,40244.70625929
43573,169,230,43044.7395737
43574,169,231,28722.86300545
43575,169,232,28362.60631061
43576,169,233,29112.01749253
43577,169,234,27093.89010389
43578,169,235,27880.42500951
43579,169,236,29542.87535566
43580,169,237,27399.87652376
43581,169,238,47571.94006161
43582,169,239,36806.28007583
43583,169,240,44805.07519665
43584,169,241,32046.50271695
43585,169,242,34662.81367569
43586,169,243,32889.04290904
43587,169,244,40771.33009054
43588,169,245,40408.62659447
43589,169,246,41224.28408995
43590,169,247,38083.24013179
43591,169,248,39726.34618972
43592,169,249,45826.51104436
43593,169,250,47098.61635396
43594,169,251,35531.84364908
43595,169,252,33254.83383638
43596,169,253,33774.30441093
43597,169,254,42195.80622658
43598,169,255,43412.5922677
43599,169,256,47488.03043314
43600,169,257,39077.69700232
43601,169,258,34259.30430327
43602,170,1,28080.63403505
43603,170,2,33185.89875338
43604,170,3,27963.11622555
43605,170,4,28791.25783753
43606,170,5,32270.32200193
43607,170,6,31004.11368957
43608,170,7,28096.46732884
43609,170,8,28010.71229731
43610,170,9,28034.59036096
43611,170,10,26358.73509536
43612,170,11,28300.82734453
43613,170,12,28348.15112191
43614,170,13,28479.57405352
43615,170,14,29720.15338779
43616,170,15,27958.31094634
43617,170,16,34607.52431194
43618,170,17,20138.7185251
43619,170,18,21001.68303244
43620,170,19,30187.54121918
43621,170,20,24248.21136912
43622,170,21,17708.11343829
43623,170,22,40615.98444963
43624,170,23,34280.22439916
43625,170,24,32925.16120949
43626,170,25,26423.43602213
43627,170,26,38381.70351207
43628,170,27,18777.33545865
43629,170,28,23208.51231098
43630,170,29,37418.09252322
43631,170,30,21851.37906379
43632,170,31,31190.22510273
43633,170,32,27263.53528971
43634,170,33,16077.84288999
43635,170,34,25523.13462478
43636,170,35,29181.08976962
43637,170,36,42628.46132309
43638,170,37,43144.55321827
43639,170,38,31947.20203533
43640,170,39,35086.36331104
43641,170,40,11139.62790721
43642,170,41,17947.68116426
43643,170,42,22707.34695968
43644,170,43,6617.34560732
43645,170,44,18388.10490545
43646,170,45,23550.08085622
43647,170,46,21501.43123013
43648,170,47,5389.40835444
43649,170,48,5901.73865901
43650,170,49,25378.67904564
43651,170,50,5228.19272471
43652,170,51,27263.93312086
43653,170,52,28350.61853392
43654,170,53,34033.19554738
43655,170,54,28431.92789275
43656,170,55,48812.45732034
43657,170,56,27038.59765866
43658,170,57,40563.23332458
43659,170,58,38354.69345384
43660,170,59,28029.27964195
43661,170,60,29543.11803678
43662,170,61,24857.46167706
43663,170,62,43352.22301173
43664,170,63,32018.0480683
43665,170,64,50988.79657904
43666,170,65,30989.6913879
43667,170,66,36475.39505569
43668,170,67,38015.16157963
43669,170,68,36794.19668754
43670,170,69,65633.9397507
43671,170,70,42253.83965173
43672,170,71,75279.05430086
43673,170,72,51512.23958411
43674,170,73,76670.84636648
43675,170,74,67141.79083003
43676,170,75,53739.80105191
43677,170,76,73351.24474566
43678,170,77,77065.91722439
43679,170,78,78154.87104372
43680,170,79,56150.72822223
43681,170,80,71261.32028538
43682,170,81,69945.81813827
43683,170,82,59327.59950008
43684,170,83,31760.35965575
43685,170,84,72367.57710498
43686,170,85,61716.72081406
43687,170,86,32380.7262284
43688,170,87,40116.39345424
43689,170,88,33946.77676213
43690,170,89,31485.52401348
43691,170,90,29331.95444134
43692,170,91,27014.65351239
43693,170,92,30466.88059179
43694,170,93,29580.04746318
43695,170,94,27966.20947406
43696,170,95,27583.58494003
43697,170,96,34735.16405438
43698,170,97,36835.35513174
43699,170,98,36400.33905459
43700,170,99,26156.42249406
43701,170,100,33526.83103548
43702,170,101,26561.93022855
43703,170,102,26697.17518986
43704,170,103,37699.20525186
43705,170,104,31479.3633162
43706,170,105,29923.50212226
43707,170,106,28179.57106742
43708,170,107,27423.0144116
43709,170,108,35959.50125857
43710,170,109,31291.92329289
43711,170,110,28103.21672884
43712,170,111,24300.9985453
43713,170,112,27121.70911741
43714,170,113,29926.98429293
43715,170,114,25241.92676554
43716,170,115,32558.37282702
43717,170,116,28949.09534578
43718,170,117,25318.68096972
43719,170,118,25300.4018952
43720,170,119,34256.02447336
43721,170,120,23908.66466884
43722,170,121,24776.95040615
43723,170,122,26386.64797086
43724,170,123,28800.37414441
43725,170,124,29367.95848567
43726,170,125,26725.55575222
43727,170,126,24461.51046073
43728,170,127,29365.06819537
43729,170,128,24214.4493126
43730,170,129,26224.60130218
43731,170,130,29223.09508491
43732,170,131,31277.83588886
43733,170,132,29842.6351204
43734,170,133,31999.84254935
43735,170,134,49284.345625
43736,170,135,45374.53734911
43737,170,136,43667.20528877
43738,170,137,41806.14631892
43739,170,138,42414.43628891
43740,170,139,44514.53659115
43741,170,140,43168.14087529
43742,170,141,43903.2309505
43743,170,142,48611.05098548
43744,170,143,49801.1440085
43745,170,144,47013.24636383
43746,170,145,48189.01829565
43747,170,146,42538.73283029
43748,170,147,31416.97323582
43749,170,148,22984.62882164
43750,170,149,31973.51675798
43751,170,150,17496.5800877
43752,170,151,28786.11234168
43753,170,152,23798.10491951
43754,170,153,30609.51750614
43755,170,154,32405.14120142
43756,170,155,19662.2785647
43757,170,156,32807.26104828
43758,170,157,31730.8918095
43759,170,158,16000.52072127
43760,170,159,33156.00408513
43761,170,160,18584.59494296
43762,170,161,21025.89585326
43763,170,162,21800.07717758
43764,170,163,32365.29611626
43765,170,164,24593.32264126
43766,170,165,31863.34758539
43767,170,166,32263.09031287
43768,170,167,32069.88358087
43769,170,168,1337.18103274
43770,170,169,1392.80577186
43771,170,170,0.0
43772,170,171,2714.91880952
43773,170,172,3897.26863565
43774,170,173,3481.80069486
43775,170,174,3845.08111398
43776,170,175,7235.8987764
43777,170,176,9813.35295306
43778,170,177,5002.26934318
43779,170,178,41223.24090092
43780,170,179,37742.85884824
43781,170,180,42613.29325166
43782,170,181,44123.91400666
43783,170,182,45367.01068211
43784,170,183,48759.95097445
43785,170,184,43188.03000435
43786,170,185,38878.84908018
43787,170,186,45172.96034616
43788,170,187,47647.7927987
43789,170,188,24266.33375092
43790,170,189,28233.01615579
43791,170,190,34787.82646993
43792,170,191,30410.81330342
43793,170,192,24977.26112203
43794,170,193,31360.37079575
43795,170,194,33036.80108459
43796,170,195,26380.74198409
43797,170,196,22425.58711845
43798,170,197,36519.63741082
43799,170,198,15667.74128786
43800,170,199,13376.84775223
43801,170,200,29308.42241334
43802,170,201,15327.21925701
43803,170,202,39012.11732425
43804,170,203,34464.10558728
43805,170,204,25978.23432844
43806,170,205,20453.87112923
43807,170,206,12440.52450969
43808,170,207,41405.10135542
43809,170,208,13179.63300371
43810,170,209,34179.97914556
43811,170,210,29042.90728169
43812,170,211,38995.97460305
43813,170,212,74207.1774371
43814,170,213,81563.85807186
43815,170,214,38462.41024005
43816,170,215,31532.61790793
43817,170,216,30874.80447571
43818,170,217,29960.43922987
43819,170,218,31076.80982893
43820,170,219,47567.84420247
43821,170,220,51753.46169985
43822,170,221,28478.21438082
43823,170,222,31636.01305568
43824,170,223,30296.56261907
43825,170,224,56448.33230405
43826,170,225,30408.62984373
43827,170,226,34842.21176472
43828,170,227,30710.47605856
43829,170,228,58706.68764711
43830,170,229,41599.30311986
43831,170,230,44396.08092817
43832,170,231,29658.85350763
43833,170,232,29301.45029566
43834,170,233,30044.5347799
43835,170,234,28040.36774179
43836,170,235,28822.4383373
43837,170,236,30470.51640304
43838,170,237,28345.4418183
43839,170,238,47828.45708446
43840,170,239,37098.71365143
43841,170,240,45013.66682508
43842,170,241,32671.09505052
43843,170,242,35083.38762033
43844,170,243,33608.97682559
43845,170,244,40984.16869627
43846,170,245,40655.63426104
43847,170,246,41403.77065762
43848,170,247,38388.45589406
43849,170,248,39995.93676214
43850,170,249,46042.54086794
43851,170,250,47396.53860611
43852,170,251,35818.79658728
43853,170,252,33855.0762321
43854,170,253,34542.72068202
43855,170,254,42373.76045163
43856,170,255,43606.02114007
43857,170,256,47821.89955643
43858,170,257,39387.79340661
43859,170,258,34756.5029123
43860,171,1,30612.05328503
43861,171,2,35500.06909066
43862,171,3,30458.07064991
43863,171,4,31143.73106703
43864,171,5,34590.16924646
43865,171,6,33330.55296337
43866,171,7,30747.08926064
43867,171,8,30426.05022106
43868,171,9,30485.09762631
43869,171,10,29013.16342215
43870,171,11,30935.0499839
43871,171,12,30947.49905347
43872,171,13,31040.77846492
43873,171,14,32065.55501826
43874,171,15,30332.90656844
43875,171,16,36923.4386271
43876,171,17,22696.30016242
43877,171,18,23531.84483665
43878,171,19,32654.48910531
43879,171,20,26677.11011519
43880,171,21,20315.80032741
43881,171,22,43104.59895925
43882,171,23,36811.36405198
43883,171,24,35419.38919231
43884,171,25,28866.44171662
43885,171,26,40895.65530741
43886,171,27,21358.11425546
43887,171,28,25671.41625551
43888,171,29,39949.03458223
43889,171,30,24354.92584638
43890,171,31,33667.762534
43891,171,32,29712.53322937
43892,171,33,18709.32807152
43893,171,34,27941.32707052
43894,171,35,31634.77505766
43895,171,36,45089.36954058
43896,171,37,45584.19300698
43897,171,38,34432.49813519
43898,171,39,37623.70282483
43899,171,40,13853.00623484
43900,171,41,20595.45357992
43901,171,42,25387.5552862
43902,171,43,9269.10303439
43903,171,44,21055.56339031
43904,171,45,26212.59560675
43905,171,46,24190.21998277
43906,171,47,6813.40862391
43907,171,48,6910.12109389
43908,171,49,28043.66561876
43909,171,50,7679.92987732
43910,171,51,29909.65374627
43911,171,52,31006.46724007
43912,171,53,36635.67146926
43913,171,54,31102.41254558
43914,171,55,51427.41104469
43915,171,56,29735.05541703
43916,171,57,43136.85079588
43917,171,58,40935.06886678
43918,171,59,30711.50306971
43919,171,60,32168.81214331
43920,171,61,27554.11688429
43921,171,62,45932.57861778
43922,171,63,34628.45280857
43923,171,64,53628.26442622
43924,171,65,33612.25336716
43925,171,66,39060.28770398
43926,171,67,40703.97459604
43927,171,68,39478.07226346
43928,171,69,68336.46452282
43929,171,70,44955.02124066
43930,171,71,77984.40825122
43931,171,72,54220.14501919
43932,171,73,79379.73276981
43933,171,74,69845.59624752
43934,171,75,56448.0586879
43935,171,76,76054.01729958
43936,171,77,79780.60117213
43937,171,78,80867.05428213
43938,171,79,58858.76107257
43939,171,80,73966.49413603
43940,171,81,72648.70219696
43941,171,82,62027.11610023
43942,171,83,34474.15047932
43943,171,84,75071.79982284
43944,171,85,64417.42900889
43945,171,86,35091.3264481
43946,171,87,42812.23374819
43947,171,88,36649.34391295
43948,171,89,34200.03909821
43949,171,90,31941.97337811
43950,171,91,29554.83196311
43951,171,92,33137.09911359
43952,171,93,31765.91588728
43953,171,94,30272.7970399
43954,171,95,30185.34213522
43955,171,96,37450.02503819
43956,171,97,39537.64517633
43957,171,98,39109.60410456
43958,171,99,28505.94074792
43959,171,100,36240.09118766
43960,171,101,29066.5786123
43961,171,102,29028.36141567
43962,171,103,40396.07030111
43963,171,104,34183.84633202
43964,171,105,32571.514355
43965,171,106,30410.15817887
43966,171,107,29994.86155098
43967,171,108,38673.3983839
43968,171,109,33983.85129864
43969,171,110,30763.00630313
43970,171,111,27006.61078515
43971,171,112,29342.99010678
43972,171,113,32570.47837468
43973,171,114,27893.9350477
43974,171,115,35164.23421307
43975,171,116,31449.78445032
43976,171,117,27489.883744
43977,171,118,27999.67256012
43978,171,119,36834.96992891
43979,171,120,26623.58159359
43980,171,121,26913.54224487
43981,171,122,29073.29254482
43982,171,123,31271.47489355
43983,171,124,31786.49977959
43984,171,125,29310.10268982
43985,171,126,27174.07327073
43986,171,127,31900.02866434
43987,171,128,26309.92177914
43988,171,129,28833.87760742
43989,171,130,31524.89832786
43990,171,131,33921.03243345
43991,171,132,32227.42827361
43992,171,133,34633.79417511
43993,171,134,51598.61493747
43994,171,135,47714.82013117
43995,171,136,46069.98436175
43996,171,137,44454.75265623
43997,171,138,45089.38623839
43998,171,139,46880.31747677
43999,171,140,45674.55838722
44000,171,141,46454.32497278
44001,171,142,50956.19177838
44002,171,143,52072.8863267
44003,171,144,49367.61075059
44004,171,145,50443.58872202
44005,171,146,45152.1264911
44006,171,147,33828.02938969
44007,171,148,25297.09009405
44008,171,149,34510.58176819
44009,171,150,19655.98833682
44010,171,151,31162.17504684
44011,171,152,26105.89651724
44012,171,153,33006.42648091
44013,171,154,34864.3323897
44014,171,155,22015.76387037
44015,171,156,35483.13740117
44016,171,157,34233.75166559
44017,171,158,18109.06862155
44018,171,159,35843.05616683
44019,171,160,20851.64555744
44020,171,161,23369.14407407
44021,171,162,24129.29879101
44022,171,163,35005.1547506
44023,171,164,26907.01899675
44024,171,165,34443.77441912
44025,171,166,34918.01427803
44026,171,167,34496.6972124
44027,171,168,1384.18400727
44028,171,169,3964.82611467
44029,171,170,2714.91880952
44030,171,171,0.0
44031,171,172,3375.740534
44032,171,173,2396.742683
44033,171,174,1549.50643192
44034,171,175,6287.47921699
44035,171,176,8804.07399659
44036,171,177,4477.31078842
44037,171,178,43911.29640467
44038,171,179,40450.95767094
44039,171,180,45285.23029394
44040,171,181,46707.33447372
44041,171,182,47864.95609117
44042,171,183,51185.68753978
44043,171,184,45825.15672206
44044,171,185,41576.84164779
44045,171,186,47701.13111425
44046,171,187,50090.15774188
44047,171,188,25486.8389739
44048,171,189,29906.1762977
44049,171,190,36780.94304449
44050,171,191,32196.38059064
44051,171,192,26426.55257432
44052,171,193,33188.62024532
44053,171,194,34947.92967212
44054,171,195,27955.56425805
44055,171,196,23469.32977812
44056,171,197,38514.78067363
44057,171,198,18378.16221437
44058,171,199,16085.42974465
44059,171,200,29803.63052115
44060,171,201,16865.49917308
44061,171,202,39275.07125015
44062,171,203,34856.00323532
44063,171,204,26629.25013755
44064,171,205,21724.69109465
44065,171,206,14480.95776797
44066,171,207,41452.34488164
44067,171,208,15774.82032755
44068,171,209,36822.37519606
44069,171,210,31687.80364087
44070,171,211,41609.84475466
44071,171,212,76894.42895646
44072,171,213,84260.6008113
44073,171,214,40423.35730334
44074,171,215,34120.08216031
44075,171,216,33588.15583664
44076,171,217,32646.9316068
44077,171,218,33741.91832441
44078,171,219,49480.50628
44079,171,220,53606.47425678
44080,171,221,31187.89796682
44081,171,222,33925.5262372
44082,171,223,32991.2979445
44083,171,224,58249.94722681
44084,171,225,33121.7836018
44085,171,226,36902.22011503
44086,171,227,33220.90191461
44087,171,228,60496.09975273
44088,171,229,43552.08233919
44089,171,230,46327.808123
44090,171,231,32292.1457813
44091,171,232,31936.67501179
44092,171,233,32675.48316509
44093,171,234,30680.87338403
44094,171,235,31459.84100481
44095,171,236,33098.20364512
44096,171,237,30985.22546541
44097,171,238,49736.17679345
44098,171,239,39073.15294528
44099,171,240,46858.58344053
44100,171,241,35044.22493644
44101,171,242,37224.76619291
44102,171,243,36072.79435427
44103,171,244,42842.12509184
44104,171,245,42561.65481385
44105,171,246,43213.66432804
44106,171,247,40377.22212208
44107,171,248,41933.99659392
44108,171,249,47896.35068381
44109,171,250,49361.24825922
44110,171,251,37788.7425638
44111,171,252,36201.41418821
44112,171,253,37048.55749107
44113,171,254,44179.61329139
44114,171,255,45431.7709399
44115,171,256,49833.89718298
44116,171,257,41381.118992
44117,171,258,36988.75967712
44118,172,1,28991.26656456
44119,172,2,33353.64598966
44120,172,3,28735.71225809
44121,172,4,29092.39604927
44122,172,5,32458.34160027
44123,172,6,31217.16530941
44124,172,7,29580.96187088
44125,172,8,28510.43358133
44126,172,9,28650.18609378
44127,172,10,27879.41750775
44128,172,11,29686.75236092
44129,172,12,29552.29449231
44130,172,13,29510.00495049
44131,172,14,29995.0753025
44132,172,15,28330.9997087
44133,172,16,34774.15771614
44134,172,17,21228.72598674
44135,172,18,21969.2103288
44136,172,19,30846.53301548
44137,172,20,24820.05590776
44138,172,21,19061.27211781
44139,172,22,41307.56562616
44140,172,23,35156.05751316
44141,172,24,33667.13540454
44142,172,25,27024.85220602
44143,172,26,39174.55713708
44144,172,27,19986.98543347
44145,172,28,23904.48491124
44146,172,29,38280.26174651
44147,172,30,22707.19304391
44148,172,31,31880.90758292
44149,172,32,27879.17893962
44150,172,33,17583.57114193
44151,172,34,26049.66565977
44152,172,35,29800.30300608
44153,172,36,43216.58486525
44154,172,37,43659.57867712
44155,172,38,32661.63910227
44156,172,39,35983.35008312
44157,172,40,13501.2485846
44158,172,41,19516.05867722
44159,172,42,24444.01254674
44160,172,43,9818.98252187
44161,172,44,20078.71716182
44162,172,45,25147.26137495
44163,172,46,23325.01511077
44164,172,47,9238.38291555
44165,172,48,9628.60208499
44166,172,49,26977.38223751
44167,172,50,8879.90145763
44168,172,51,28723.95977528
44169,172,52,29866.70382173
44170,172,53,35221.5183188
44171,172,54,30048.35460309
44172,172,55,50015.73846159
44173,172,56,28892.36271091
44174,172,57,41592.37646121
44175,172,58,39421.62323721
44176,172,59,29740.64254352
44177,172,60,30874.1644998
44178,172,61,26729.53052718
44179,172,62,44403.00913549
44180,172,63,33255.52794743
44181,172,64,52321.299064
44182,172,65,32295.63821458
44183,172,66,37570.04488479
44184,172,67,39736.8454466
44185,172,68,38475.83413848
44186,172,69,67448.37717262
44187,172,70,44095.29185727
44188,172,71,77123.24679055
44189,172,72,53430.38939874
44190,172,73,78573.13920377
44191,172,74,68971.99161754
44192,172,75,55659.98242678
44193,172,76,75160.40856091
44194,172,77,79147.86416207
44195,172,78,80129.81780064
44196,172,79,58062.70660021
44197,172,80,73106.81515262
44198,172,81,71760.06396949
44199,172,82,61112.49250655
44200,172,83,33884.13741951
44201,172,84,74197.95085591
44202,172,85,63512.79544991
44203,172,86,34409.83527086
44204,172,87,41901.8064352
44205,172,88,35836.06528427
44206,172,89,33759.78158753
44207,172,90,30582.52985598
44208,172,91,27967.6526545
44209,172,92,32069.22013249
44210,172,93,29424.36919944
44211,172,94,28139.98683995
44212,172,95,28804.52762825
44213,172,96,36918.70375835
44214,172,97,39333.05514891
44215,172,98,38802.49133128
44216,172,99,26466.14635379
44217,172,100,35622.22441497
44218,172,101,27380.16636017
44219,172,102,26949.45972002
44220,172,103,40250.27984797
44221,172,104,33406.8282275
44222,172,105,31380.54235149
44223,172,106,28146.14821467
44224,172,107,28506.67707114
44225,172,108,38247.29092216
44226,172,109,33072.97087865
44227,172,110,30935.49239225
44228,172,111,26291.43708516
44229,172,112,27070.56479594
44230,172,113,32824.56828808
44231,172,114,26755.85050204
44232,172,115,35583.15209175
44233,172,116,29736.52180907
44234,172,117,25152.45287971
44235,172,118,27884.87400968
44236,172,119,37355.40476361
44237,172,120,26171.15625337
44238,172,121,24529.57092554
44239,172,122,29070.61129577
44240,172,123,29482.09380008
44241,172,124,29869.62902259
44242,172,125,27871.24929214
44243,172,126,26854.32272961
44244,172,127,30281.66098405
44245,172,128,23872.98748171
44246,172,129,27492.51814163
44247,172,130,29375.97263119
44248,172,131,34171.11361465
44249,172,132,30235.23268114
44250,172,133,34927.67340795
44251,172,134,49404.3682123
44252,172,135,45577.17890873
44253,172,136,44062.12779964
44254,172,137,43216.6430027
44255,172,138,44003.94883381
44256,172,139,44794.17035063
44257,172,140,43917.40922067
44258,172,141,44825.96153272
44259,172,142,48820.51883118
44260,172,143,49803.65593545
44261,172,144,47253.12809105
44262,172,145,48149.09078081
44263,172,146,43750.28582655
44264,172,147,31883.37270397
44265,172,148,23212.79689944
44266,172,149,32883.99074556
44267,172,150,17382.15372158
44268,172,151,29158.12753473
44269,172,152,24005.77185068
44270,172,153,31035.49179448
44271,172,154,33025.64774633
44272,172,155,20046.1855692
44273,172,156,34440.30423882
44274,172,157,32510.63878096
44275,172,158,15785.35858497
44276,172,159,34881.41647739
44277,172,160,18735.88238989
44278,172,161,21363.14350565
44279,172,162,22087.97955599
44280,172,163,33760.34202581
44281,172,164,24811.11950121
44282,172,165,32958.65762207
44283,172,166,33750.91222268
44284,172,167,32583.78813893
44285,172,168,3480.141061
44286,172,169,5184.4092289
44287,172,170,3897.26863565
44288,172,171,3375.740534
44289,172,172,0.0
44290,172,173,1036.8490138
44291,172,174,2602.48663152
44292,172,175,3339.68797707
44293,172,176,5921.92541471
44294,172,177,1165.28914116
44295,172,178,43838.35767096
44296,172,179,40159.95178543
44297,172,180,45331.15316255
44298,172,181,47187.37566662
44299,172,182,48631.31299752
44300,172,183,52146.8415751
44301,172,184,46071.58786055
44302,172,185,41415.45792586
44303,172,186,48373.98745597
44304,172,187,51009.34621494
44305,172,188,28131.27671531
44306,172,189,32121.663497
44307,172,190,38582.37863683
44308,172,191,34279.42210282
44309,172,192,28872.10551899
44310,172,193,35217.89086225
44311,172,194,36866.97296743
44312,172,195,30277.20618754
44313,172,196,26245.31521678
44314,172,197,40311.69691717
44315,172,198,17846.64973099
44316,172,199,15987.89703812
44317,172,200,32908.68357264
44318,172,201,19223.54521744
44319,172,202,42484.84826137
44320,172,203,38011.61089487
44321,172,204,29652.6289937
44322,172,205,24325.01472832
44323,172,206,16262.54755198
44324,172,207,44733.54791821
44325,172,208,16378.20491753
44326,172,209,35581.2983056
44327,172,210,30486.30133593
44328,172,211,40221.40304489
44329,172,212,75845.80862133
44330,172,213,83291.72487695
44331,172,214,42268.57934785
44332,172,215,34616.76835775
44333,172,216,32985.99827314
44334,172,217,32626.64225604
44335,172,218,33868.5990361
44336,172,219,51388.93600049
44337,172,220,55594.39687948
44338,172,221,30907.9734095
44339,172,222,35223.20500394
44340,172,223,32111.73163974
44341,172,224,60303.52597399
44342,172,225,32747.56243327
44343,172,226,38602.05514661
44344,172,227,33982.38287912
44345,172,228,62564.71683415
44346,172,229,45406.95754711
44347,172,230,48211.03037924
44348,172,231,31031.089666
44349,172,232,30686.75729026
44350,172,233,31401.40911252
44351,172,234,29464.12017248
44352,172,235,30223.15311797
44353,172,236,31806.99265231
44354,172,237,29762.98125721
44355,172,238,46993.4222649
44356,172,239,36425.70515592
44357,172,240,44058.42696468
44358,172,241,33013.53764983
44359,172,242,34794.419873
44360,172,243,34239.71325541
44361,172,244,40062.42248742
44362,172,245,39831.00300961
44363,172,246,40387.47883609
44364,172,247,37742.47848364
44365,172,248,39238.71790038
44366,172,249,45102.95038879
44367,172,250,46679.80628008
44368,172,251,35140.06114337
44369,172,252,34112.41183474
44370,172,253,35320.17929023
44371,172,254,41347.79310778
44372,172,255,42616.03745688
44373,172,256,47205.33040044
44374,172,257,38748.96227645
44375,172,258,34695.89338659
44376,173,1,29693.589643
44377,173,2,34191.22580369
44378,173,3,29464.23094991
44379,173,4,29904.27535474
44380,173,5,33291.93958267
44381,173,6,32045.59475154
44382,173,7,30161.94898049
44383,173,8,29288.08996129
44384,173,9,29407.52334389
44385,173,10,28449.51455065
44386,173,11,30290.28844717
44387,173,12,30195.37218748
44388,173,13,30189.14230782
44389,173,14,30812.28567836
44390,173,15,29130.08439953
44391,173,16,35613.13053153
44392,173,17,21879.75765733
44393,173,18,22647.18074471
44394,173,19,31598.80107996
44395,173,20,25579.22038585
44396,173,21,19649.03758542
44397,173,22,42063.08741789
44398,173,23,35872.18544077
44399,173,24,34407.20524724
44400,173,25,27782.39195725
44401,173,26,39909.84931121
44402,173,27,20609.16328898
44403,173,28,24639.26988062
44404,173,29,39001.6946007
44405,173,30,23409.01235733
44406,173,31,32628.56972589
44407,173,32,28635.4271456
44408,173,33,18131.10234247
44409,173,34,26818.98784422
44410,173,35,30558.49448701
44411,173,36,43991.81696266
44412,173,37,44447.78655655
44413,173,38,33405.7760798
44414,173,39,36696.132728
44415,173,40,13805.42502676
44416,173,41,20056.01898942
44417,173,42,24956.1413189
44418,173,43,9815.84313652
44419,173,44,20591.18326002
44420,173,45,25694.60075512
44421,173,46,23813.01176811
44422,173,47,8643.34885051
44423,173,48,8939.23898274
44424,173,49,27527.65572005
44425,173,50,8663.28119429
44426,173,51,29309.34117284
44427,173,52,30440.77096589
44428,173,53,35874.46984507
44429,173,54,30599.00241113
44430,173,55,50675.45889084
44431,173,56,29382.65670261
44432,173,57,42283.34794626
44433,173,58,40103.38106018
44434,173,59,30267.85284085
44435,173,60,31491.47256657
44436,173,61,27211.76705764
44437,173,62,45091.37998012
44438,173,63,33895.99511478
44439,173,64,52954.14332598
44440,173,65,32920.18228435
44441,173,66,38244.65168914
44442,173,67,40271.64695583
44443,173,68,39019.4878164
44444,173,69,67972.05523946
44445,173,70,44602.89148644
44446,173,71,77641.45245615
44447,173,72,53922.69312328
44448,173,73,79076.51240703
44449,173,74,69492.0194249
44450,173,75,56152.61864842
44451,173,76,75687.19620955
44452,173,77,79602.78833414
44453,173,78,80614.17856787
44454,173,79,58558.35929443
44455,173,80,73623.8620165
44456,173,81,72284.82498179
44457,173,82,61641.87854948
44458,173,83,34308.2853436
44459,173,84,74719.11732156
44460,173,85,64040.07355032
44461,173,86,34860.5190668
44462,173,87,42422.24974118
44463,173,88,36325.17242397
44464,173,89,34140.80086804
44465,173,90,31217.02412108
44466,173,91,28660.1285345
44467,173,92,32625.76670148
44468,173,93,30305.6419459
44469,173,94,28971.05177682
44470,173,95,29442.96055592
44471,173,96,37328.76865811
44472,173,97,39650.40854176
44473,173,98,39149.35272452
44474,173,99,27273.04798807
44475,173,100,36055.90957244
44476,173,101,28098.02694583
44477,173,102,27766.42932427
44478,173,103,40551.06554516
44479,173,104,33883.57991035
44480,173,105,31970.18022324
44481,173,106,29008.58440444
44482,173,107,29173.51206942
44483,173,108,38628.1809714
44484,173,109,33586.9402502
44485,173,110,31132.74362654
44486,173,111,26741.95574159
44487,173,112,27934.24930883
44488,173,113,32999.47523292
44489,173,114,27325.68290297
44490,173,115,35710.87333167
44491,173,116,30463.58470257
44492,173,117,26029.96911273
44493,173,118,28163.53194649
44494,173,119,37453.65110423
44495,173,120,26545.9454034
44496,173,121,25417.40834506
44497,173,122,29317.75511478
44498,173,123,30228.5198636
44499,173,124,30648.68977624
44500,173,125,28524.23025679
44501,173,126,27191.60868529
44502,173,127,30984.53299421
44503,173,128,24772.46613092
44504,173,129,28118.82378795
44505,173,130,30211.80179041
44506,173,131,34348.67696739
44507,173,132,31033.34723291
44508,173,133,35092.76035299
44509,173,134,50258.78088199
44510,173,135,46417.36987294
44511,173,136,44870.80853736
44512,173,137,43827.32829637
44513,173,138,44573.68639601
44514,173,139,45621.91502119
44515,173,140,44663.94807967
44516,173,141,45540.05110583
44517,173,142,49661.1038809
44518,173,143,50675.39891929
44519,173,144,48088.30921959
44520,173,145,49026.21548326
44521,173,146,44404.874212
44522,173,147,32670.81058062
44523,173,148,24027.47458887
44524,173,149,33591.1071771
44525,173,150,18235.58573855
44526,173,151,29958.38809351
44527,173,152,24825.2228139
44528,173,153,31828.89223782
44529,173,154,33787.25771092
44530,173,155,20827.65586053
44531,173,156,34992.08529329
44532,173,157,33242.43828319
44533,173,158,16648.14051023
44534,173,159,35411.1187073
44535,173,160,19552.29630326
44536,173,161,22155.87345841
44537,173,162,22890.58363391
44538,173,163,34366.74021912
44539,173,164,25630.33815769
44540,173,165,33628.72656319
44541,173,166,34336.18363019
44542,173,167,33363.76380886
44543,173,168,2757.33838337
44544,173,169,4855.351237
44545,173,170,3481.80069486
44546,173,171,2396.742683
44547,173,172,1036.8490138
44548,173,173,0.0
44549,173,174,1592.12969072
44550,173,175,3997.35259326
44551,173,176,6569.89682119
44552,173,177,2081.85384749
44553,173,178,44120.08723497
44554,173,179,40503.13712727
44555,173,180,45578.55164785
44556,173,181,47304.71335973
44557,173,182,48660.74421833
44558,173,183,52116.50289968
44559,173,184,46259.34279654
44560,173,185,41721.64511614
44561,173,186,48432.44041881
44562,173,187,50991.81498009
44563,173,188,27509.78291399
44564,173,189,31660.3653643
44565,173,190,38269.21887316
44566,173,191,33866.35067828
44567,173,192,28325.37928109
44568,173,193,34824.22177978
44569,173,194,36512.51423917
44570,173,195,29776.55542093
44571,173,196,25571.57072209
44572,173,197,40001.13939016
44573,173,198,18224.36453483
44574,173,199,16229.76730958
44575,173,200,32098.00541596
44576,173,201,18695.62783724
44577,173,202,41623.1953885
44578,173,203,37177.39681976
44579,173,204,28878.17612391
44580,173,205,23716.87979726
44581,173,206,15920.82629711
44582,173,207,43830.9861323
44583,173,208,16409.3928316
44584,173,209,36188.10921578
44585,173,210,31077.92211481
44586,173,211,40870.65877307
44587,173,212,76415.0435432
44588,173,213,83840.47449741
44589,173,214,41942.64400285
44590,173,215,34719.7564783
44591,173,216,33412.7247571
44592,173,217,32883.48442079
44593,173,218,34082.95685594
44594,173,219,51045.14731002
44595,173,220,55224.27037422
44596,173,221,31239.28067229
44597,173,222,35074.44964009
44598,173,223,32616.0105422
44599,173,224,59911.52959111
44600,173,225,33108.42443872
44601,173,226,38323.24029437
44602,173,227,34002.83643165
44603,173,228,62167.90644765
44604,173,229,45079.24959178
44605,173,230,47874.76823496
44606,173,231,31639.4534307
44607,173,232,31291.76057375
44608,173,233,32013.65363352
44609,173,234,30058.82346143
44610,173,235,30824.09140928
44611,173,236,32424.24740081
44612,173,237,30359.50408115
44613,173,238,47964.35761325
44614,173,239,37376.1229021
44615,173,240,45039.6022215
44616,173,241,33822.91717429
44617,173,242,35698.19267893
44618,173,243,35000.67964615
44619,173,244,41039.27160833
44620,173,245,40798.55614467
44621,173,246,41372.84324885
44622,173,247,38690.63951685
44623,173,248,40199.29507535
44624,173,249,46083.02941205
44625,173,250,47638.92786772
44626,173,251,36090.397632
44627,173,252,34936.58178291
44628,173,253,36055.19825363
44629,173,254,42334.29445713
44630,173,255,43599.83634764
44631,173,256,48154.04459863
44632,173,257,39696.83032918
44633,173,258,35568.52255466
44634,174,1,31083.11791521
44635,174,2,35700.87965556
44636,174,3,30879.29577865
44637,174,4,31394.13243114
44638,174,5,34798.61699989
44639,174,6,33548.42475294
44640,174,7,31424.57533736
44641,174,8,30748.60968082
44642,174,9,30849.6086351
44643,174,10,29701.93024178
44644,174,11,31577.30488007
44645,174,12,31524.42179651
44646,174,13,31555.22069107
44647,174,14,32306.27278204
44648,174,15,30609.40016962
44649,174,16,37123.57788108
44650,174,17,23225.76903735
44651,174,18,24019.02847959
44652,174,19,33035.11455826
44653,174,20,27025.2498092
44654,174,21,20933.7759754
44655,174,22,43498.75125415
44656,174,23,37271.98092592
44657,174,24,35830.788766
44658,174,25,29225.56130532
44659,174,26,41326.80957505
44660,174,27,21927.81705898
44661,174,28,26063.61921781
44662,174,29,40405.46085439
44663,174,30,24803.24850089
44664,174,31,34060.1057015
44665,174,32,30076.9290693
44666,174,33,19376.74023261
44667,174,34,28273.37217968
44668,174,35,32000.78449473
44669,174,36,45445.39293794
44670,174,37,45913.08567431
44671,174,38,34833.6471096
44672,174,39,38092.27998322
44673,174,40,14792.97899149
44674,174,41,21288.69046379
44675,174,42,26148.51213321
44676,174,43,10455.92076998
44677,174,44,21792.34223192
44678,174,45,26925.299942
44679,174,46,24979.89602767
44680,174,47,8357.28103065
44681,174,48,8456.79354495
44682,174,49,28759.21347962
44683,174,50,9021.95073238
44684,174,51,30577.59681856
44685,174,52,31695.5292896
44686,174,53,37210.09450536
44687,174,54,31827.58962381
44688,174,55,52012.45102127
44689,174,56,30543.78556348
44690,174,57,43655.45133192
44691,174,58,41466.87694858
44692,174,59,31470.34288353
44693,174,60,32792.2703117
44694,174,61,28366.45433348
44695,174,62,46459.89555971
44696,174,63,35219.67669513
44697,174,64,54261.66563409
44698,174,65,34227.63690371
44699,174,66,39601.58629395
44700,174,67,41474.71892206
44701,174,68,40233.47395203
44702,174,69,69151.92877555
44703,174,70,45771.91125143
44704,174,71,78812.93131112
44705,174,72,55069.45025706
44706,174,73,80230.04766956
44707,174,74,70667.24525726
44708,174,75,57298.96321989
44709,174,76,76869.18650634
44710,174,77,80697.42777332
44711,174,78,81744.54560681
44712,174,79,59707.50117204
44713,174,80,74794.70675643
44714,174,81,73465.06602932
44715,174,82,62830.0202839
44716,174,83,35385.36151167
44717,174,84,75894.63720478
44718,174,85,65225.11878023
44719,174,86,35969.01879699
44720,174,87,43607.46428286
44721,174,88,37477.94021285
44722,174,89,35165.19926775
44723,174,90,32536.27931075
44724,174,91,30040.6479181
44725,174,92,33859.07500274
44726,174,93,31848.80103042
44727,174,94,30476.96898529
44728,174,95,30767.77166505
44729,174,96,38385.762299
44730,174,97,40588.96405134
44731,174,98,40125.95654673
44732,174,99,28759.80563617
44733,174,100,37142.83033885
44734,174,101,29503.75432453
44735,174,102,29261.34501618
44736,174,103,41467.47425303
44737,174,104,35023.97953648
44738,174,105,33240.66970571
44739,174,106,30538.61280949
44740,174,107,30527.86464232
44741,174,108,39647.96759565
44742,174,109,34771.00130119
44743,174,110,31924.66979712
44744,174,111,27860.27748988
44745,174,112,29465.47695524
44746,174,113,33758.40223912
44747,174,114,28579.08346239
44748,174,115,36401.5003367
44749,174,116,31876.67529714
44750,174,117,27571.52231876
44751,174,118,29067.41764856
44752,174,119,38101.10530142
44753,174,120,27573.54688838
44754,174,121,26966.07261749
44755,174,122,30178.71125066
44756,174,123,31660.06672969
44757,174,124,32109.84555259
44758,174,125,29864.92021898
44759,174,126,28171.61064501
44760,174,127,32373.7852048
44761,174,128,26328.72966999
44762,174,129,29432.09677212
44763,174,130,31721.12259545
44764,174,131,35109.20848729
44765,174,132,32511.07150332
44766,174,133,35835.35867429
44767,174,134,51779.34061602
44768,174,135,47927.00115534
44769,174,136,46354.15814789
44770,174,137,45113.80499205
44771,174,138,45814.27699119
44772,174,139,47121.40010453
44773,174,140,46090.39099382
44774,174,141,46934.47771487
44775,174,142,51170.66622014
44776,174,143,52209.17020179
44777,174,144,49593.6315143
44778,174,145,50564.07779731
44779,174,146,45738.41347494
44780,174,147,34138.60141708
44781,174,148,25522.27869071
44782,174,149,34983.09823991
44783,174,150,19763.57477486
44784,174,151,31438.37363715
44785,174,152,26323.4895516
44786,174,153,33302.22799317
44787,174,154,35231.28669198
44788,174,155,22296.96099447
44789,174,156,36218.10365488
44790,174,157,34658.63842663
44791,174,158,18183.74857028
44792,174,159,36611.71225814
44793,174,160,21051.43389132
44794,174,161,23633.6617975
44795,174,162,24376.12826258
44796,174,163,35653.66718928
44797,174,164,27128.02849958
44798,174,165,34983.37147655
44799,174,166,35600.03839072
44800,174,167,34824.66067695
44801,174,168,2664.54576968
44802,174,169,5210.88841112
44803,174,170,3845.08111398
44804,174,171,1549.50643192
44805,174,172,2602.48663152
44806,174,173,1592.12969072
44807,174,174,0.0
44808,174,175,4962.91775513
44809,174,176,7399.42279141
44810,174,177,3488.85749117
44811,174,178,45008.75821213
44812,174,179,41473.89941994
44813,174,180,46420.91721617
44814,174,181,47968.88901884
44815,174,182,49199.44516211
44816,174,183,52565.7803842
44817,174,184,47021.17145275
44818,174,185,42644.01719595
44819,174,186,49012.82067456
44820,174,187,51460.66884074
44821,174,188,27025.15835307
44822,174,189,31452.85126599
44823,174,190,38297.29464498
44824,174,191,33736.67464557
44825,174,192,27975.35145594
44826,174,193,34725.40030842
44827,174,194,36475.88346467
44828,174,195,29504.75712029
44829,174,196,24992.76442536
44830,174,197,40031.09999378
44831,174,198,19277.28543009
44832,174,199,17125.35697516
44833,174,200,31230.90568637
44834,174,201,18414.27622363
44835,174,202,40636.7664114
44836,174,203,36254.4144996
44837,174,204,28091.69006708
44838,174,205,23267.66514723
44839,174,206,15977.25368453
44840,174,207,42750.1594796
44841,174,208,17024.70410236
44842,174,209,37474.29077825
44843,174,210,32351.33401373
44844,174,211,42199.9554347
44845,174,212,77646.41320268
44846,174,213,85046.96869296
44847,174,214,41945.33549144
44848,174,215,35377.55484354
44849,174,216,34493.87077207
44850,174,217,33751.42529173
44851,174,218,34893.1953757
44852,174,219,51010.06736295
44853,174,220,55142.95448076
44854,174,221,32205.19861237
44855,174,222,35365.26616579
44856,174,223,33789.79228426
44857,174,224,59791.15393617
44858,174,225,34108.96770071
44859,174,226,38406.40048268
44860,174,227,34545.29150074
44861,174,228,62038.30433562
44862,174,229,45075.66532456
44863,174,230,47854.61772146
44864,174,231,32930.53406827
44865,174,232,32579.50180551
44866,174,233,33308.6142019
44867,174,234,31336.49872431
44868,174,235,32107.83680929
44869,174,236,33724.27174193
44870,174,237,31638.87847403
44871,174,238,49553.3419759
44872,174,239,38958.19071788
44873,174,240,46630.80753784
44874,174,241,35309.36873965
44875,174,242,37255.44349201
44876,174,243,36443.65122725
44877,174,244,42629.72112562
44878,174,245,42386.68198391
44879,174,246,42964.61006626
44880,174,247,40271.69975744
44881,174,248,41785.18470692
44882,174,249,47674.04925801
44883,174,250,49224.1479578
44884,174,251,37672.48120072
44885,174,252,36435.14260574
44886,174,253,37473.27753231
44887,174,254,43926.16593195
44888,174,255,45191.41769709
44889,174,256,49735.06094987
44890,174,257,41277.72663714
44891,174,258,37104.65212888
44892,175,1,30047.03603183
44893,175,2,33742.94095124
44894,175,3,29682.80814853
44895,175,4,29645.62335527
44896,175,5,32874.56896083
44897,175,6,31668.9854711
44898,175,7,31087.45673465
44899,175,8,29236.81755018
44900,175,9,29470.05877991
44901,175,10,29433.92792714
44902,175,11,31114.30158817
44903,175,12,30836.95312888
44904,175,13,30655.93768583
44905,175,14,30514.2366025
44906,175,15,28954.6515131
44907,175,16,35147.95429486
44908,175,17,22559.01079233
44909,175,18,23187.63743248
44910,175,19,31673.98129298
44911,175,20,25664.88482852
44912,175,21,20644.08252751
44913,175,22,42068.70228051
44914,175,23,36117.259319
44915,175,24,34532.29023604
44916,175,25,27856.81043408
44917,175,26,40034.78705843
44918,175,27,21438.31062066
44919,175,28,24867.18432252
44920,175,29,39204.47596447
44921,175,30,23821.78632152
44922,175,31,32722.56310263
44923,175,32,28709.99686177
44924,175,33,19318.89220236
44925,175,34,26835.92808873
44926,175,35,30607.89899388
44927,175,36,43878.97571587
44928,175,37,44257.92185074
44929,175,38,33514.40178122
44930,175,39,36954.70209618
44931,175,40,15939.45237917
44932,175,41,21247.42064481
44933,175,42,26210.36057982
44934,175,43,12829.61783501
44935,175,44,21887.50828807
44936,175,45,26797.1427695
44937,175,46,25173.52422711
44938,175,47,12569.05581249
44939,175,48,12920.70161566
44940,175,49,28603.70362632
44941,175,50,12107.58510767
44942,175,51,30220.92394549
44943,175,52,31394.95701676
44944,175,53,36437.01812292
44945,175,54,31653.46106723
44946,175,55,51154.89174921
44947,175,56,30693.74617213
44948,175,57,42631.36362459
44949,175,58,40506.01558212
44950,175,59,31423.04206791
44951,175,60,32245.27967018
44952,175,61,28568.7101387
44953,175,62,45443.29262179
44954,175,63,34528.15103117
44955,175,64,53558.05598419
44956,175,65,33632.35370126
44957,175,66,38690.5527736
44958,175,67,41350.26898633
44959,175,68,40064.8087951
44960,175,69,69041.74477862
44961,175,70,45782.3966684
44962,175,71,78724.14777464
44963,175,72,55144.42672836
44964,175,73,80220.35788561
44965,175,74,70575.41174458
44966,175,75,57369.03608818
44967,175,76,76735.22433141
44968,175,77,80944.18289205
44969,175,78,81835.49196805
44970,175,79,59758.41870711
44971,175,80,74715.38210911
44972,175,81,73344.99298455
44973,175,82,62695.6995657
44974,175,83,35852.50109338
44975,175,84,75792.05922696
44976,175,85,65099.48585279
44977,175,86,36300.77329348
44978,175,87,43554.5021344
44979,175,88,37607.40710612
44980,175,89,35845.60841821
44981,175,90,31892.59230068
44982,175,91,29071.21986568
44983,175,92,33643.68877643
44984,175,93,29586.32636759
44985,175,94,28600.11853145
44986,175,95,30111.56349802
44987,175,96,38914.78671178
44988,175,97,41563.14161428
44989,175,98,40960.15230344
44990,175,99,27066.32139532
44991,175,100,37557.01135727
44992,175,101,28383.28963097
44993,175,102,27493.83740621
44994,175,103,42518.35662612
44995,175,104,35225.56345804
44996,175,105,32846.60458032
44997,175,106,28430.96574323
44998,175,107,29707.93445275
44999,175,108,40318.00008943
45000,175,109,34779.53934833
45001,175,110,33462.48894407
45002,175,111,28225.47825603
45003,175,112,27357.14651189
45004,175,113,35391.23102442
45005,175,114,28319.313642
45006,175,115,38235.19289055
45007,175,116,30682.73652299
45008,175,117,25374.48457379
45009,175,118,30247.34224038
45010,175,119,40058.80394464
45011,175,120,28310.29226409
45012,175,121,24694.07445258
45013,175,122,31498.3053992
45014,175,123,30345.11333267
45015,175,124,30579.30780801
45016,175,125,29130.35063549
45017,175,126,29083.51036554
45018,175,127,31326.30717886
45019,175,128,23969.78250608
45020,175,129,28853.56604088
45021,175,130,29800.84616646
45022,175,131,36728.57468534
45023,175,132,30849.63137415
45024,175,133,37508.29705026
45025,175,134,49636.76943094
45026,175,135,45900.24312337
45027,175,136,44556.9157827
45028,175,137,44558.70657835
45029,175,138,45487.61280304
45030,175,139,45187.11215262
45031,175,140,44710.23031949
45032,175,141,45757.87529256
45033,175,142,49131.96061184
45034,175,143,49933.76695239
45035,175,144,47598.52234358
45036,175,145,48251.20041297
45037,175,146,44926.60445235
45038,175,147,32539.38589258
45039,175,148,23806.72091969
45040,175,149,33895.16096656
45041,175,150,17858.190765
45042,175,151,29769.58643253
45043,175,152,24566.06969482
45044,175,153,31667.78602332
45045,175,154,33797.05877026
45046,175,155,20846.17659474
45047,175,156,36018.96876298
45048,175,157,33418.67812491
45049,175,158,16244.21613053
45050,175,159,36529.95324127
45051,175,160,19385.11600669
45052,175,161,22090.1021475
45053,175,162,22756.73388804
45054,175,163,35154.90061766
45055,175,164,25364.08449134
45056,175,165,34119.33951306
45057,175,166,35219.67814111
45058,175,167,33271.5142369
45059,175,168,6736.8341807
45060,175,169,8500.41251763
45061,175,170,7235.8987764
45062,175,171,6287.47921699
45063,175,172,3339.68797707
45064,175,173,3997.35259326
45065,175,174,4962.91775513
45066,175,175,0.0
45067,175,176,2587.25189803
45068,175,177,2270.75806407
45069,175,178,46143.86525217
45070,175,179,42323.24319374
45071,175,180,47713.38407315
45072,175,181,49838.92441163
45073,175,182,51440.01401416
45074,175,183,55049.37745231
45075,175,184,48583.06098035
45076,175,185,43667.62374819
45077,175,186,51132.6895615
45078,175,187,53892.75120306
45079,175,188,31460.09443299
45080,175,189,35447.22647831
45081,175,190,41824.42954313
45082,175,191,37585.57460873
45083,175,192,32211.79016616
45084,175,193,38514.02882205
45085,175,194,40139.26960452
45086,175,195,33612.62808333
45087,175,196,29551.62923709
45088,175,197,43550.9506701
45089,175,198,20051.03628505
45090,175,199,18519.29856585
45091,175,200,36079.12863298
45092,175,201,22562.9274864
45093,175,202,45560.27138166
45094,175,203,41142.06891799
45095,175,204,32872.78842426
45096,175,205,27657.11605038
45097,175,206,19543.49854786
45098,175,207,47706.62846454
45099,175,208,19273.27193221
45100,175,209,36965.78309521
45101,175,210,31950.65723835
45102,175,211,41430.16533112
45103,175,212,77277.03483623
45104,175,213,84786.23373582
45105,175,214,45518.87932215
45106,175,215,37317.31910634
45107,175,216,34950.9221528
45108,175,217,35019.32620272
45109,175,218,36350.31067725
45110,175,219,54649.70909105
45111,175,220,58872.19691335
45112,175,221,33132.0910206
45113,175,222,38304.70370543
45114,175,223,33853.0603342
45115,175,224,63593.99980813
45116,175,225,34889.81823283
45117,175,226,41815.81112238
45118,175,227,36826.95755282
45119,175,228,65857.6911599
45120,175,229,48657.54034685
45121,175,230,51467.14192509
45122,175,231,32433.34646977
45123,175,232,32102.98140099
45124,175,233,32787.65691034
45125,175,234,30924.05030706
45126,175,235,31656.52336114
45127,175,236,33172.90961666
45128,175,237,31214.67753729
45129,175,238,46412.64018111
45130,175,239,36060.12983897
45131,175,240,43388.43956312
45132,175,241,33553.51864158
45133,175,242,34778.60536283
45134,175,243,35007.34976627
45135,175,244,39448.34744633
45136,175,245,39304.31409949
45137,175,246,39687.3732211
45138,175,247,37389.18199753
45139,175,248,38775.81480653
45140,175,249,44440.65983376
45141,175,250,46204.30240568
45142,175,251,34781.4249187
45143,175,252,34569.39544444
45144,175,253,36198.9732183
45145,175,254,40632.47573706
45146,175,255,41924.26268921
45147,175,256,46814.407802
45148,175,257,38393.71404904
45149,175,258,34877.22385048
45150,176,1,30891.15490764
45151,176,2,34055.68213781
45152,176,3,30448.31768092
45153,176,4,30114.08772564
45154,176,5,33213.83384118
45155,176,6,32044.15436849
45156,176,7,32259.99235115
45157,176,8,29839.87876151
45158,176,9,30141.66573359
45159,176,10,30652.72415768
45160,176,11,32228.08658202
45161,176,12,31846.2839942
45162,176,13,31563.02476506
45163,176,14,30949.67742039
45164,176,15,29482.45693605
45165,176,16,35439.87042384
45166,176,17,23677.0012864
45167,176,18,24216.9557659
45168,176,19,32334.4949932
45169,176,20,26390.7591613
45170,176,21,21966.66045667
45171,176,22,42622.59956418
45172,176,23,36851.54090752
45173,176,24,35202.74030899
45174,176,25,28551.43944663
45175,176,26,40673.11276551
45176,176,27,22657.23508959
45177,176,28,25689.35781414
45178,176,29,39895.32297851
45179,176,30,24767.77779671
45180,176,31,33386.61173508
45181,176,32,29396.21498755
45182,176,33,20766.14248066
45183,176,34,27505.97322533
45184,176,35,31261.26427804
45185,176,36,44350.00952741
45186,176,37,44678.33152932
45187,176,38,34181.71802632
45188,176,39,37692.29111832
45189,176,40,17902.6423259
45190,176,41,22667.11321604
45191,176,42,27607.40852021
45192,176,43,15181.17082289
45193,176,44,23354.51265526
45194,176,45,28105.07971776
45195,176,46,26638.05761703
45196,176,47,15155.88035046
45197,176,48,15503.712823
45198,176,49,29881.02213522
45199,176,50,14596.44409788
45200,176,51,31391.96089413
45201,176,52,32581.73472508
45202,176,53,37361.93575345
45203,176,54,32895.67527303
45204,176,55,51968.53271399
45205,176,56,32086.45242709
45206,176,57,43395.29630429
45207,176,58,41313.0201742
45208,176,59,32723.79925976
45209,176,60,33310.02310322
45210,176,61,30001.97090178
45211,176,62,46198.1333241
45212,176,63,35506.03475297
45213,176,64,54440.73256288
45214,176,65,34663.27587996
45215,176,66,39532.89106594
45216,176,67,42555.22436069
45217,176,68,41255.88376836
45218,176,69,70173.08998182
45219,176,70,47029.59573021
45220,176,71,79850.50518008
45221,176,72,56390.8105339
45222,176,73,81381.48053247
45223,176,74,71712.65982693
45224,176,75,58607.50750993
45225,176,76,77843.23631194
45226,176,77,82221.40730086
45227,176,78,83040.90216423
45228,176,79,60982.52959068
45229,176,80,75851.87008558
45230,176,81,74464.58374179
45231,176,82,63828.09317
45232,176,83,37344.59801247
45233,176,84,76916.11397822
45234,176,85,66230.99030245
45235,176,86,37733.26463063
45236,176,87,44782.03135062
45237,176,88,38945.16431117
45238,176,89,37425.40355192
45239,176,90,32913.96645453
45240,176,91,29958.58787629
45241,176,92,34852.15829714
45242,176,93,29755.99921608
45243,176,94,29006.9262966
45244,176,95,31142.55380981
45245,176,96,40416.68196163
45246,176,97,43234.03210482
45247,176,98,42577.78165455
45248,176,99,27593.99658916
45249,176,100,39017.56704299
45250,176,101,29201.38020835
45251,176,102,27975.06848135
45252,176,103,44215.76093004
45253,176,104,36608.59396838
45254,176,105,33978.61378463
45255,176,106,28705.44516188
45256,176,107,30663.17880763
45257,176,108,41871.75270301
45258,176,109,36080.90142127
45259,176,110,35378.88552191
45260,176,111,29730.03244266
45261,176,112,27643.41099376
45262,176,113,37331.92584853
45263,176,114,29552.55527264
45264,176,115,40233.91374883
45265,176,116,31439.94516415
45266,176,117,25632.92721804
45267,176,118,32053.72010138
45268,176,119,42093.35738267
45269,176,120,29963.33080974
45270,176,121,24916.64232917
45271,176,122,33347.6788591
45272,176,123,31042.27268904
45273,176,124,31158.88282616
45274,176,125,30132.93591436
45275,176,126,30797.92528203
45276,176,127,32152.82417082
45277,176,128,24149.62070312
45278,176,129,29933.7555153
45279,176,130,30170.25219007
45280,176,131,38658.99250589
45281,176,132,31354.86974256
45282,176,133,39454.37854627
45283,176,134,49756.57317258
45284,176,135,46102.58937043
45285,176,136,44896.56802463
45286,176,137,45546.80838764
45287,176,138,46580.68593333
45288,176,139,45445.96346251
45289,176,140,45278.19507029
45290,176,141,46428.72480038
45291,176,142,49314.42688748
45292,176,143,49973.52018343
45293,176,144,47812.19326754
45294,176,145,48274.63093592
45295,176,146,45787.10639197
45296,176,147,33063.90436508
45297,176,148,24366.59930561
45298,176,149,34679.85776534
45299,176,150,18431.70714317
45300,176,151,30281.22473304
45301,176,152,25091.17786849
45302,176,153,32180.47409116
45303,176,154,34400.91841662
45304,176,155,21601.8922678
45305,176,156,37218.95619021
45306,176,157,34128.41851527
45307,176,158,16845.24400602
45308,176,159,37780.0368676
45309,176,160,20055.17377014
45310,176,161,22772.80265626
45311,176,162,23386.64178187
45312,176,163,36221.01388559
45313,176,164,25874.27546212
45314,176,165,35015.36695427
45315,176,166,36341.11190398
45316,176,167,33815.19915853
45317,176,168,9318.61742379
45318,176,169,11057.02077047
45319,176,170,9813.35295306
45320,176,171,8804.07399659
45321,176,172,5921.92541471
45322,176,173,6569.89682119
45323,176,174,7399.42279141
45324,176,175,2587.25189803
45325,176,176,0.0
45326,176,177,4819.77268184
45327,176,178,47862.0705991
45328,176,179,43941.55771801
45329,176,180,49487.64050212
45330,176,181,51818.98163393
45331,176,182,53542.28962352
45332,176,183,57224.03308189
45333,176,184,50455.74955832
45334,176,185,45350.27545556
45335,176,186,53195.60224774
45336,176,187,56052.78396197
45337,176,188,34047.29361243
45338,176,189,37999.49204839
45339,176,190,44291.20043847
45340,176,191,40115.30731333
45341,176,192,34790.5395759
45342,176,193,41033.17980437
45343,176,194,42634.63957275
45344,176,195,36179.31485751
45345,176,196,32135.86749326
45346,176,197,46014.59834161
45347,176,198,21812.07413974
45348,176,199,20515.97919877
45349,176,200,38607.14831517
45350,176,201,25139.61473975
45351,176,202,48035.86629884
45352,176,203,43648.37959439
45353,176,204,35424.80123096
45354,176,205,30243.90754885
45355,176,206,22057.27177164
45356,176,207,50124.12148169
45357,176,208,21509.41566571
45358,176,209,38015.52678881
45359,176,210,33086.62459809
45360,176,211,42327.98719705
45361,176,212,78272.53004065
45362,176,213,85823.8085483
45363,176,214,47992.08995997
45364,176,215,39354.81885925
45365,176,216,36444.06524251
45366,176,217,36830.85667021
45367,176,218,38224.67506146
45368,176,219,57130.82181148
45369,176,220,61369.43064552
45370,176,221,34824.94123957
45371,176,222,40637.53707064
45372,176,223,35184.7233944
45373,176,224,66103.74488702
45374,176,225,36515.20290675
45375,176,226,44257.30576879
45376,176,227,38975.51436716
45377,176,228,68369.88241901
45378,176,229,51130.20784275
45379,176,230,53944.39861036
45380,176,231,33520.18592983
45381,176,232,33202.20750776
45382,176,233,33860.46434021
45383,176,234,32063.086477
45384,176,235,32771.23333641
45385,176,236,34228.2959487
45386,176,237,32345.75875545
45387,176,238,45911.33932688
45388,176,239,35773.60932242
45389,176,240,42828.4765381
45390,176,241,33982.79272043
45391,176,242,34772.26304827
45392,176,243,35600.96031959
45393,176,244,38949.237655
45394,176,245,38874.4039521
45395,176,246,39119.59110258
45396,176,247,37104.76816897
45397,176,248,38398.45306911
45398,176,249,43882.70568563
45399,176,250,45785.90139468
45400,176,251,34508.08063345
45401,176,252,34928.67446403
45402,176,253,36870.29619806
45403,176,254,40048.44387897
45404,176,255,41353.14246629
45405,176,256,46459.81807546
45406,176,257,38102.45865615
45407,176,258,35022.71608478
45408,177,1,28937.97662108
45409,177,2,33066.367144
45410,177,3,28641.61644004
45411,177,4,28856.78900088
45412,177,5,32179.33612911
45413,177,6,30948.98364263
45414,177,7,29702.49268589
45415,177,8,28335.5511563
45416,177,9,28509.31495937
45417,177,10,28018.07645794
45418,177,11,29777.14764995
45419,177,12,29586.81032199
45420,177,13,29491.38759983
45421,177,14,29748.77367637
45422,177,15,28119.15408551
45423,177,16,34483.05402457
45424,177,17,21266.82834879
45425,177,18,21965.49343036
45426,177,19,30711.35275292
45427,177,20,24681.94731079
45428,177,21,19195.1074798
45429,177,22,41158.16870465
45430,177,23,35074.54202767
45431,177,24,33548.8956577
45432,177,25,26885.90705013
45433,177,26,39059.4442619
45434,177,27,20070.02416847
45435,177,28,23808.05329567
45436,177,29,38187.83663065
45437,177,30,22665.35133487
45438,177,31,31752.13962192
45439,177,32,27741.1540219
45440,177,33,17776.55343008
45441,177,34,25892.46473232
45442,177,35,29656.56365214
45443,177,36,43033.18586388
45444,177,37,43453.80032999
45445,177,38,32537.80228192
45446,177,39,35906.34159283
45447,177,40,14000.41344924
45448,177,41,19712.50562763
45449,177,42,24664.50124481
45450,177,43,10624.44395825
45451,177,44,20309.03649649
45452,177,45,25320.75464427
45453,177,46,23578.24603761
45454,177,47,10372.07925465
45455,177,48,10784.11193549
45456,177,49,27143.87299675
45457,177,50,9840.73016575
45458,177,51,28840.67254077
45459,177,52,29997.23787831
45460,177,53,35235.45132637
45461,177,54,30209.94769756
45462,177,55,50010.17082359
45463,177,56,29133.17327881
45464,177,57,41544.76203573
45465,177,58,39389.43190378
45466,177,59,29933.29240672
45467,177,60,30943.79507106
45468,177,61,26983.64283168
45469,177,62,44357.6254666
45470,177,63,33289.49195815
45471,177,64,52353.58531901
45472,177,65,32353.39693311
45473,177,66,37549.98716419
45474,177,67,39909.77535627
45475,177,68,38638.14681048
45476,177,69,67623.61903106
45477,177,70,44300.34822351
45478,177,71,77303.3494805
45479,177,72,53650.16036103
45480,177,73,78771.90019339
45481,177,74,69151.55270017
45482,177,75,55878.45730924
45483,177,76,75329.84406638
45484,177,77,79406.82052708
45485,177,78,80352.23216508
45486,177,79,58276.5118287
45487,177,80,73289.24338
45488,177,81,71932.86078091
45489,177,82,61282.15444192
45490,177,83,34199.73327249
45491,177,84,74374.8459864
45492,177,85,63684.46279463
45493,177,86,34693.059854
45494,177,87,42091.81089069
45495,177,88,36070.57473283
45496,177,89,34125.84394124
45497,177,90,30628.09747436
45498,177,91,27930.91413305
45499,177,92,32220.55429087
45500,177,93,29054.95634795
45501,177,94,27870.406014
45502,177,95,28846.75419495
45503,177,96,37248.15109234
45504,177,97,39765.75432305
45505,177,98,39202.91932853
45506,177,99,26242.97225275
45507,177,100,35924.79334853
45508,177,101,27304.88183051
45509,177,102,26707.41929884
45510,177,103,40700.36281833
45511,177,104,33659.09366039
45512,177,105,31488.01289837
45513,177,106,27816.28917315
45514,177,107,28507.79683987
45515,177,108,38609.55807145
45516,177,109,33278.71728653
45517,177,110,31500.97507969
45518,177,111,26585.19855054
45519,177,112,26739.56693453
45520,177,113,33410.22478
45521,177,114,26896.61341199
45522,177,115,36211.91836584
45523,177,116,29643.45794042
45524,177,117,24796.11148713
45525,177,118,28370.5832849
45526,177,119,38010.50276703
45527,177,120,26554.02009795
45528,177,121,24152.64369365
45529,177,122,29587.67891567
45530,177,123,29358.11709787
45531,177,124,29690.65862289
45532,177,125,27893.69435287
45533,177,126,27278.16938043
45534,177,127,30225.87965584
45535,177,128,23472.1005954
45536,177,129,27554.00392688
45537,177,130,29095.99199013
45538,177,131,34752.95210881
45539,177,132,30022.79298147
45540,177,133,35521.07812342
45541,177,134,49075.61554515
45542,177,135,45277.10204748
45543,177,136,43820.32216998
45544,177,137,43284.86371597
45545,177,138,44127.79110645
45546,177,139,44517.56577919
45547,177,140,43781.14114844
45548,177,141,44740.82371685
45549,177,142,48518.27774829
45550,177,143,49440.77121041
45551,177,144,46961.64144444
45552,177,145,47776.02705164
45553,177,146,43755.49959772
45554,177,147,31687.77409167
45555,177,148,22981.00899218
45556,177,149,32818.71759252
45557,177,150,17091.31414175
45558,177,151,28943.16859771
45559,177,152,23763.81595754
45560,177,153,30830.42882869
45561,177,154,32872.70440468
45562,177,155,19880.41668134
45563,177,156,34595.45655105
45564,177,157,32406.85720332
45565,177,158,15481.42998248
45566,177,159,35065.06585926
45567,177,160,18511.42788252
45568,177,161,21174.48342082
45569,177,162,21880.21603382
45570,177,163,33842.05133453
45571,177,164,24568.21824142
45572,177,165,32949.58919121
45573,177,166,33861.75636683
45574,177,167,32400.30842724
45575,177,168,4645.23967469
45576,177,169,6238.5340602
45577,177,170,5002.26934318
45578,177,171,4477.31078842
45579,177,172,1165.28914116
45580,177,173,2081.85384749
45581,177,174,3488.85749117
45582,177,175,2270.75806407
45583,177,176,4819.77268184
45584,177,177,0.0
45585,177,178,44306.68184546
45586,177,179,40563.5116852
45587,177,180,45834.84361262
45588,177,181,47819.24181951
45589,177,182,49342.98760055
45590,177,183,52908.96419449
45591,177,184,46635.63162086
45592,177,185,41858.91771594
45593,177,186,49059.81105006
45594,177,187,51760.96383278
45595,177,188,29262.32833698
45596,177,189,33184.44551805
45597,177,190,39558.57699292
45598,177,191,35316.15476665
45599,177,192,29975.14264346
45600,177,193,36243.51245709
45601,177,194,37869.20766457
45602,177,195,31359.58684187
45603,177,196,27391.94694539
45604,177,197,41285.67431591
45605,177,198,18246.01644751
45606,177,199,16539.46753428
45607,177,200,34073.97045562
45608,177,201,20322.8847736
45609,177,202,43646.30347068
45610,177,203,39176.10280952
45611,177,204,30816.49429449
45612,177,205,25452.49824203
45613,177,206,17272.74819555
45614,177,207,45884.97552234
45615,177,208,17123.41380497
45616,177,209,35660.67721823
45617,177,210,30592.13520624
45618,177,211,40236.67795052
45619,177,212,75959.16712721
45620,177,213,83430.9494063
45621,177,214,43251.68409627
45622,177,215,35269.47861928
45623,177,216,33299.45206383
45624,177,217,33129.67338461
45625,177,218,34414.04594628
45626,177,219,52381.08310227
45627,177,220,56601.84792307
45628,177,221,31333.01924237
45629,177,222,36086.90938109
45630,177,223,32330.87855474
45631,177,224,61323.24389941
45632,177,225,33137.60233232
45633,177,226,39556.0432824
45634,177,227,34709.7582512
45635,177,228,63586.96887986
45636,177,229,46390.3601195
45637,177,230,49199.13923457
45638,177,231,31113.07283876
45639,177,232,30773.84232635
45640,177,233,31477.52521729
45641,177,234,29567.03239215
45642,177,235,30316.46193611
45643,177,236,31875.60178857
45644,177,237,29862.98955493
45645,177,238,46401.83668833
45646,177,239,35893.3984349
45647,177,240,43438.13097042
45648,177,241,32778.2462093
45649,177,242,34372.60976625
45650,177,243,34086.68803619
45651,177,244,39456.43123808
45652,177,245,39251.51347057
45653,177,246,39755.76965267
45654,177,247,37215.17097812
45655,177,248,38678.44591876
45656,177,249,44485.57922998
45657,177,250,46120.43579104
45658,177,251,34608.72456043
45659,177,252,33849.35259001
45660,177,253,35208.55513398
45661,177,254,40712.18131155
45662,177,255,41988.3053782
45663,177,256,46672.58284703
45664,177,257,38221.86767135
45665,177,258,34339.34839961
45666,178,1,22202.03625593
45667,178,2,27158.6321941
45668,178,3,23228.28708453
45669,178,4,26441.69022243
45670,178,5,26988.10422983
45671,178,6,26842.49917548
45672,178,7,18224.19801871
45673,178,8,25165.27402708
45674,178,9,24326.77593289
45675,178,10,19130.23114618
45676,178,11,18766.67812391
45677,178,12,20003.99346844
45678,178,13,21180.89841289
45679,178,14,26492.35220795
45680,178,15,26090.22386322
45681,178,16,27232.70198069
45682,178,17,25599.89978402
45683,178,18,25584.01687809
45684,178,19,23425.58783763
45685,178,20,25987.8293596
45686,178,21,26400.6575647
45687,178,22,23004.90790283
45688,178,23,20860.88387138
45689,178,24,22228.32159732
45690,178,25,24955.50245337
45691,178,26,21624.01311153
45692,178,27,26090.50188523
45693,178,28,25741.99492312
45694,178,29,20865.95226892
45695,178,30,25615.41361149
45696,178,31,22955.79808178
45697,178,32,24570.31438937
45698,178,33,27280.23954998
45699,178,34,25768.90155247
45700,178,35,23978.39100338
45701,178,36,24600.89338242
45702,178,37,25528.24234086
45703,178,38,22617.51772841
45704,178,39,20583.86074395
45705,178,40,30337.174031
45706,178,41,25489.36889254
45707,178,42,20851.09182783
45708,178,43,34654.45211948
45709,178,44,24722.92356862
45710,178,45,20787.76991896
45711,178,46,21548.36523135
45712,178,47,38956.35845668
45713,178,48,39767.07770303
45714,178,49,19391.55274584
45715,178,50,36463.70405781
45716,178,51,18902.65039492
45717,178,52,17857.13245101
45718,178,53,18036.71553467
45719,178,54,17142.43563224
45720,178,55,20383.49210808
45721,178,56,16751.767234
45722,178,57,19446.55145997
45723,178,58,18825.84595563
45724,178,59,16817.73960208
45725,178,60,18494.7669189
45726,178,61,18459.60647684
45727,178,62,19846.01165832
45728,178,63,18185.82838569
45729,178,64,20187.31707833
45730,178,65,18020.05618397
45731,178,66,18571.69935571
45732,178,67,11842.8448347
45733,178,68,12532.28435307
45734,178,69,27471.91421022
45735,178,70,10422.75508756
45736,178,71,36391.93473468
45737,178,72,14401.19675945
45738,178,73,37411.58535484
45739,178,74,28763.96949943
45740,178,75,16146.6678321
45741,178,76,34756.16735484
45742,178,77,36939.98480305
45743,178,78,38485.42371337
45744,178,79,18239.38148095
45745,178,80,32546.43095828
45746,178,81,31497.79518973
45747,178,82,22024.78347319
45748,178,83,11389.02393797
45749,178,84,33690.45354851
45750,178,85,24043.00433594
45751,178,86,11557.83336932
45752,178,87,10918.05420775
45753,178,88,11669.92988378
45754,178,89,10763.33315752
45755,178,90,19192.48028127
45756,178,91,22362.3020144
45757,178,92,15977.4889284
45758,178,93,29790.26553349
45759,178,94,27516.87883169
45760,178,95,20279.88382697
45761,178,96,8669.71304535
45762,178,97,4730.47192673
45763,178,98,5699.60601135
45764,178,99,26982.35048988
45765,178,100,10233.76931411
45766,178,101,23459.64991053
45767,178,102,27229.53347838
45768,178,103,3668.70231849
45769,178,104,12935.87103538
45770,178,105,17363.36968216
45771,178,106,28981.07690509
45772,178,107,21289.12474433
45773,178,108,6923.62635013
45774,178,109,14137.94349948
45775,178,110,13310.84749973
45776,178,111,18448.43949603
45777,178,112,29239.07102554
45778,178,113,11775.10865074
45779,178,114,19948.39882874
45780,178,115,10268.2128485
45781,178,116,22786.08913639
45782,178,117,30291.02177317
45783,178,118,15956.99798919
45784,178,119,9826.09731812
45785,178,120,17914.61157116
45786,178,121,30900.90021685
45787,178,122,14838.06364964
45788,178,123,23616.63446837
45789,178,124,24822.9924545
45790,178,125,21231.85235084
45791,178,126,17068.0946251
45792,178,127,21678.15616482
45793,178,128,31580.49646477
45794,178,129,20739.88147829
45795,178,130,27484.76615943
45796,178,131,10510.71346128
45797,178,132,25567.71660509
45798,178,133,10044.60832016
45799,178,134,32344.85833242
45800,178,135,29622.48338826
45801,178,136,26958.84422861
45802,178,137,15439.98166967
45803,178,138,13480.72307499
45804,178,139,28473.20069396
45805,178,140,23061.97199439
45806,178,141,21421.73176056
45807,178,142,31055.45692323
45808,178,143,33854.84183668
45809,178,144,29959.95623802
45810,178,145,33455.55530445
45811,178,146,17842.70747717
45812,178,147,24751.30724009
45813,178,148,28491.39057073
45814,178,149,20962.68206272
45815,178,150,32326.03628926
45816,178,151,25916.90739429
45817,178,152,28334.89640831
45818,178,153,25186.66593897
45819,178,154,23341.51890477
45820,178,155,29099.99290088
45821,178,156,14485.694834
45822,178,157,22112.22152654
45823,178,158,33368.22855383
45824,178,159,13518.46795205
45825,178,160,30684.15937886
45826,178,161,28685.77926444
45827,178,162,28613.20538477
45828,178,163,16717.59892659
45829,178,164,28024.54762561
45830,178,165,19434.93728399
45831,178,166,15972.26238489
45832,178,167,24280.74513346
45833,178,168,42530.48590504
45834,178,169,39952.18004833
45835,178,170,41223.24090092
45836,178,171,43911.29640467
45837,178,172,43838.35767096
45838,178,173,44120.08723497
45839,178,174,45008.75821213
45840,178,175,46143.86525217
45841,178,176,47862.0705991
45842,178,177,44306.68184546
45843,178,178,0.0
45844,178,179,4490.17727818
45845,178,180,2126.50622238
45846,178,181,8057.75870286
45847,178,182,12305.21774492
45848,178,183,16653.17767021
45849,178,184,4728.78369989
45850,178,185,2630.25125072
45851,178,186,11002.24610561
45852,178,187,15469.36810283
45853,178,188,34952.7591403
45854,178,189,29540.95263978
45855,178,190,24233.87409498
45856,178,191,27822.52339226
45857,178,192,32489.05919151
45858,178,193,27127.88995346
45859,178,194,25718.55226147
45860,178,195,30927.62536236
45861,178,196,36617.06187396
45862,178,197,24310.75323296
45863,178,198,26093.00482898
45864,178,199,27895.39083469
45865,178,200,43389.47272158
45866,178,201,33811.31092027
45867,178,202,50574.87582668
45868,178,203,46695.77721154
45869,178,204,40815.43260205
45870,178,205,34656.66258773
45871,178,206,32157.25711228
45872,178,207,54509.62439374
45873,178,208,28360.56374437
45874,178,209,16027.7631709
45875,178,210,17946.69581627
45876,178,211,17185.59412012
45877,178,212,36671.72615925
45878,178,213,43111.87080115
45879,178,214,25295.43202352
45880,178,215,11560.55193196
45881,178,216,12189.08482898
45882,178,217,11264.70776937
45883,178,218,10333.33671873
45884,178,219,29546.44064814
45885,178,220,33102.25081401
45886,178,221,13038.71526172
45887,178,222,18590.38522706
45888,178,223,14549.43124956
45889,178,224,37145.48494904
45890,178,225,11466.58458122
45891,178,226,22909.13928696
45892,178,227,14027.53216705
45893,178,228,38946.5237717
45894,178,229,26256.15067645
45895,178,230,27706.99900722
45896,178,231,18131.27921154
45897,178,232,18221.315339
45898,178,233,18054.09369426
45899,178,234,18662.13820453
45900,178,235,18371.13835506
45901,178,236,18008.84806467
45902,178,237,18525.2254169
45903,178,238,41419.56006174
45904,178,239,35196.45903221
45905,178,240,41134.26474759
45906,178,241,25678.88154834
45907,178,242,31302.2362888
45908,178,243,23128.14939
45909,178,244,38917.85319485
45910,178,245,37862.61061214
45911,178,246,39997.77414199
45912,178,247,35358.73321318
45913,178,248,36966.74038496
45914,178,249,41511.74982613
45915,178,250,39987.10478048
45916,178,251,34881.98715283
45917,178,252,26399.67999313
45918,178,253,21735.40917877
45919,178,254,40533.97597536
45920,178,255,40773.87399623
45921,178,256,39196.49940905
45922,178,257,35634.95369851
45923,178,258,29250.47597934
45924,179,1,17718.36692884
45925,179,2,22881.34817563
45926,179,3,18747.32111207
45927,179,4,21989.27642796
45928,179,5,22664.0017742
45929,179,6,22462.18305125
45930,179,7,13741.7863336
45931,179,8,20692.50325014
45932,179,9,19851.37043585
45933,179,10,14690.26048953
45934,179,11,14277.58372341
45935,179,12,15514.77158456
45936,179,13,16697.88294674
45937,179,14,22065.83228351
45938,179,15,21619.35067104
45939,179,16,23039.84477112
45940,179,17,21285.1018666
45941,179,18,21217.33305237
45942,179,19,19004.1101703
45943,179,20,21508.79433668
45944,179,21,22243.3888896
45945,179,22,19500.7266235
45946,179,23,16677.14827429
45947,179,24,17943.61903136
45948,179,25,20465.74851891
45949,179,26,17873.55991208
45950,179,27,21854.2250728
45951,179,28,21285.56845862
45952,179,29,17012.23218233
45953,179,30,21206.96114909
45954,179,31,18574.55667166
45955,179,32,20085.2800757
45956,179,33,23230.06444072
45957,179,34,21279.33216301
45958,179,35,19527.05691769
45959,179,36,21295.48412199
45960,179,37,22240.71474766
45961,179,38,18273.97747645
45962,179,39,16474.97632094
45963,179,40,26700.26085121
45964,179,41,21387.53300499
45965,179,42,16622.81185902
45966,179,43,31259.25712494
45967,179,44,20648.49582379
45968,179,45,16469.36359347
45969,179,46,17411.59049458
45970,179,47,35872.04770952
45971,179,48,36745.74696695
45972,179,49,15002.84060409
45973,179,50,33170.33373545
45974,179,51,14431.41335049
45975,179,52,13373.85365314
45976,179,53,13811.145894
45977,179,54,12668.07682296
45978,179,55,18700.60063637
45979,179,56,12392.56948839
45980,179,57,16100.16582755
45981,179,58,15143.55080148
45982,179,59,12370.83402792
45983,179,60,14011.66520507
45984,179,61,14206.33389947
45985,179,62,16991.56964629
45986,179,63,13799.79892249
45987,179,64,19127.52700198
45988,179,65,13575.75452285
45989,179,66,14627.68120415
45990,179,67,8209.67296066
45991,179,68,8613.15259667
45992,179,69,29156.85300232
45993,179,70,8384.66145617
45994,179,71,38477.53103627
45995,179,72,15219.21476645
45996,179,73,39661.32702389
45997,179,74,30557.03390851
45998,179,75,17279.90870217
45999,179,76,36708.95398663
46000,179,77,39600.43614199
46001,179,78,40925.53292633
46002,179,79,19599.78907934
46003,179,80,34525.04467621
46004,179,81,33355.72775535
46005,179,82,23241.57553783
46006,179,83,6971.59955154
46007,179,84,35665.495617
46008,179,85,25462.51423203
46009,179,86,7075.0705517
46010,179,87,7974.29365184
46011,179,88,7243.45604864
46012,179,89,6542.46368052
46013,179,90,14710.88180039
46014,179,91,17872.12526894
46015,179,92,11489.88505014
46016,179,93,25360.10001436
46017,179,94,23049.31870585
46018,179,95,15790.58554654
46019,179,96,4179.59872223
46020,179,97,1343.74382769
46021,179,98,1363.89541837
46022,179,99,22493.42902961
46023,179,100,5744.52404811
46024,179,101,18969.49014041
46025,179,102,22744.47127537
46026,179,103,1737.93023216
46027,179,104,8451.55897751
46028,179,105,12877.98479636
46029,179,106,24519.14462078
46030,179,107,16798.95676064
46031,179,108,2433.47235618
46032,179,109,9648.26903966
46033,179,110,10633.48493685
46034,179,111,14294.22969234
46035,179,112,24760.88974302
46036,179,113,9610.85197881
46037,179,114,15541.98536161
46038,179,115,9351.41628444
46039,179,116,18321.97781992
46040,179,117,25801.07463183
46041,179,118,12502.55552915
46042,179,119,9839.40918491
46043,179,120,14014.6418735
46044,179,121,26410.83941665
46045,179,122,11621.62266826
46046,179,123,19153.60615484
46047,179,124,20380.86049193
46048,179,125,16746.19112238
46049,179,126,13311.52851308
46050,179,127,17217.32203135
46051,179,128,27091.69945851
46052,179,129,16268.52605429
46053,179,130,23045.28487578
46054,179,131,8632.33830825
46055,179,132,21143.01701626
46056,179,133,8524.47370137
46057,179,134,29404.42995152
46058,179,135,26374.75255336
46059,179,136,23656.82199403
46060,179,137,12618.6241413
46061,179,138,11037.34912192
46062,179,139,25189.08693112
46063,179,140,19933.25852848
46064,179,141,18541.64410028
46065,179,142,28127.70415731
46066,179,143,30862.53259384
46067,179,144,26900.69149191
46068,179,145,30295.07292902
46069,179,146,14987.34324612
46070,179,147,20387.53296836
46071,179,148,24019.48100456
46072,179,149,16609.32990159
46073,179,150,27976.45700304
46074,179,151,21462.95342397
46075,179,152,23852.68766529
46076,179,153,20788.81433035
46077,179,154,19027.0929337
46078,179,155,24713.3092885
46079,179,156,10068.64549002
46080,179,157,17753.73499454
46081,179,158,29066.27854242
46082,179,159,9097.03775525
46083,179,160,26314.73319136
46084,179,161,24257.56371545
46085,179,162,24164.53402084
46086,179,163,12326.37582963
46087,179,164,23536.5098119
46088,179,165,15058.08526356
46089,179,166,11557.10035543
46090,179,167,19949.13070054
46091,179,168,39066.77413973
46092,179,169,36517.25838056
46093,179,170,37742.85884824
46094,179,171,40450.95767094
46095,179,172,40159.95178543
46096,179,173,40503.13712727
46097,179,174,41473.89941994
46098,179,175,42323.24319374
46099,179,176,43941.55771801
46100,179,177,40563.5116852
46101,179,178,4490.17727818
46102,179,179,0.0
46103,179,180,6578.90642783
46104,179,181,11957.24881685
46105,179,182,15966.70274294
46106,179,183,20462.18571384
46107,179,184,8878.82129865
46108,179,185,1974.14009931
46109,179,186,14772.69301694
46110,179,187,19217.03287855
46111,179,188,33923.85594084
46112,179,189,29129.54969084
46113,179,190,24995.67489124
46114,179,191,27770.54440602
46115,179,192,31583.77852647
46116,179,193,27240.39455609
46117,179,194,26138.19283005
46118,179,195,30230.92052201
46119,179,196,35332.83546996
46120,179,197,25378.08113828
46121,179,198,22320.22340905
46122,179,199,24366.03592739
46123,179,200,42651.35915535
46124,179,201,31652.56939439
46125,179,202,50474.66775271
46126,179,203,46347.77276942
46127,179,204,39819.18602305
46128,179,205,33150.61480926
46129,179,206,29512.31115987
46130,179,207,54384.08835964
46131,179,208,25202.56784856
46132,179,209,11783.40242308
46133,179,210,13456.52312307
46134,179,211,13656.23695781
46135,179,212,38252.76447392
46136,179,213,45081.48594233
46137,179,214,26653.83350769
46138,179,215,10526.72729598
46139,179,216,7807.80082594
46140,179,217,8210.56668276
46141,179,218,7950.64066057
46142,179,219,32020.13090056
46143,179,220,35850.13810678
46144,179,221,9268.73250263
46145,179,222,18681.02395508
46146,179,223,10068.4950235
46147,179,224,40133.25227068
46148,179,225,7433.61660548
46149,179,226,23713.61069019
46150,179,227,13316.84673088
46151,179,228,42044.63625224
46152,179,229,28073.62160934
46153,179,230,29858.52020905
46154,179,231,13647.396831
46155,179,232,13733.20167053
46156,179,233,13577.57008536
46157,179,234,14176.45552599
46158,179,235,13880.96345821
46159,179,236,13544.21845705
46160,179,237,14036.78960468
46161,179,238,37759.24770878
46162,179,239,31023.31743766
46163,179,240,37274.63951484
46164,179,241,21379.32075021
46165,179,242,27087.12568001
46166,179,243,18891.98428471
46167,179,244,34873.22756823
46168,179,245,33829.03850859
46169,179,246,35945.96762056
46170,179,247,31254.70690822
46171,179,248,32918.15002066
46172,179,249,37710.00180591
46173,179,250,36362.24672631
46174,179,251,30649.36267066
46175,179,252,22166.29720938
46176,179,253,17574.39120105
46177,179,254,36523.40416292
46178,179,255,36832.80080837
46179,179,256,35649.4216744
46180,179,257,31584.98045922
46181,179,258,25043.97287033
46182,180,1,24296.85824711
46183,180,2,29282.2691888
46184,180,3,25326.21663947
46185,180,4,28556.14683421
46186,180,5,29114.19865146
46187,180,6,28968.31189078
46188,180,7,20276.37651651
46189,180,8,27270.00526265
46190,180,9,26429.61229522
46191,180,10,21133.69280296
46192,180,11,20834.59658453
46193,180,12,22087.90080633
46194,180,13,23276.56232147
46195,180,14,28613.2840335
46196,180,15,28196.20994072
46197,180,16,29348.08825716
46198,180,17,27499.95878041
46199,180,18,27520.63372158
46200,180,19,25547.12497714
46201,180,20,28030.39102606
46202,180,21,28200.2431883
46203,180,22,24990.05538115
46204,180,23,22977.49038295
46205,180,24,24353.04385039
46206,180,25,27036.20308035
46207,180,26,23667.65709237
46208,180,27,27938.79021487
46209,180,28,27755.50415399
46210,180,29,22931.48526145
46211,180,30,27584.4521712
46212,180,31,25081.38062154
46213,180,32,26663.14609178
46214,180,33,29015.58989889
46215,180,34,27837.18829883
46216,180,35,26093.02945214
46217,180,36,26531.47153982
46218,180,37,27451.42082282
46219,180,38,24744.0233655
46220,180,39,22691.59655133
46221,180,40,31839.37809823
46222,180,41,27258.97939326
46223,180,42,22707.43076948
46224,180,43,36016.63009516
46225,180,44,26479.22544949
46226,180,45,22699.54865659
46227,180,46,23350.04167587
46228,180,47,40145.54790828
46229,180,48,40921.75245952
46230,180,49,21354.0430056
46231,180,50,37767.66861183
46232,180,51,20938.29132358
46233,180,52,19911.09284829
46234,180,53,20158.41391638
46235,180,54,19183.61926395
46236,180,55,21840.78234928
46237,180,56,18700.46149175
46238,180,57,21405.67724254
46239,180,58,20862.10562426
46240,180,59,18830.72904702
46241,180,60,20590.39345072
46242,180,61,20338.48432979
46243,180,62,21675.04461938
46244,180,63,20310.69940404
46245,180,64,21421.63993569
46246,180,65,20136.09621007
46247,180,66,20656.99657451
46248,180,67,13900.35730508
46249,180,68,14627.70874015
46250,180,69,27382.0379409
46251,180,70,12165.10654158
46252,180,71,36029.44957061
46253,180,72,14964.49384419
46254,180,73,36954.23252045
46255,180,74,28606.0238531
46256,180,75,16508.65548523
46257,180,76,34473.85483404
46258,180,77,36251.53658485
46259,180,78,37917.04285566
46260,180,79,18440.09664978
46261,180,80,32262.66791431
46262,180,81,31285.58733118
46263,180,82,22235.93090888
46264,180,83,13393.99285278
46265,180,84,33401.95726
46266,180,85,24125.76039919
46267,180,86,13617.20333245
46268,180,87,12859.4267146
46269,180,88,13788.06955985
46270,180,89,12673.17173164
46271,180,90,21289.77030444
46272,180,91,24437.8742683
46273,180,92,18066.442858
46274,180,93,31910.72309729
46275,180,94,29624.85201592
46276,180,95,22348.16011602
46277,180,96,10752.97104195
46278,180,97,6662.60429394
46279,180,98,7729.65238226
46280,180,99,29066.58583299
46281,180,100,12307.90536617
46282,180,101,25534.09018779
46283,180,102,29322.23079367
46284,180,103,5548.22861348
46285,180,104,14995.92085024
46286,180,105,19456.03950469
46287,180,106,31091.92273637
46288,180,107,23364.31048826
46289,180,108,9008.27182049
46290,180,109,16221.19032367
46291,180,110,14541.46432206
46292,180,111,20272.16045409
46293,180,112,31339.70182864
46294,180,113,12844.41675182
46295,180,114,21923.09377078
46296,180,115,10887.0903977
46297,180,116,24895.57611867
46298,180,117,32369.75499437
46299,180,118,17467.82679798
46300,180,119,10050.41590015
46301,180,120,19611.87890322
46302,180,121,32972.37525125
46303,180,122,16262.22508636
46304,180,123,25726.68650227
46305,180,124,26940.4002519
46306,180,125,23288.83473612
46307,180,126,18703.8277349
46308,180,127,23789.03576217
46309,180,128,33644.0398704
46310,180,129,22774.21822307
46311,180,130,29603.04038659
46312,180,131,11520.51279743
46313,180,132,27688.89963497
46314,180,133,10933.93457911
46315,180,134,34150.00044857
46316,180,135,31524.56996642
46317,180,136,28882.1486147
46318,180,137,17295.29176194
46319,180,138,15262.47345908
46320,180,139,30387.99815743
46321,180,140,24950.44707081
46322,180,141,23248.73886957
46323,180,142,32859.98422583
46324,180,143,35672.47622654
46325,180,144,31806.90681373
46326,180,145,35324.62676342
46327,180,146,19685.90704589
46328,180,147,26877.6335496
46329,180,148,30522.32351144
46330,180,149,23089.10561363
46331,180,150,34242.702007
46332,180,151,28030.79267322
46333,180,152,30382.2564642
46334,180,153,27311.21368632
46335,180,154,25467.47723757
46336,180,155,31048.08680112
46337,180,156,16606.46740512
46338,180,157,24238.58923369
46339,180,158,35249.52886024
46340,180,159,15638.24671491
46341,180,160,32617.33947509
46342,180,161,30669.39742632
46343,180,162,30616.75217857
46344,180,163,18841.8560471
46345,180,164,30085.92809441
46346,180,165,21560.50596651
46347,180,166,18093.68795304
46348,180,167,26407.11049392
46349,180,168,43908.92749959
46350,180,169,41320.87975417
46351,180,170,42613.29325166
46352,180,171,45285.23029394
46353,180,172,45331.15316255
46354,180,173,45578.55164785
46355,180,174,46420.91721617
46356,180,175,47713.38407315
46357,180,176,49487.64050212
46358,180,177,45834.84361262
46359,180,178,2126.50622238
46360,180,179,6578.90642783
46361,180,180,0.0
46362,180,181,6171.12606162
46363,180,182,10473.55877867
46364,180,183,14714.87050623
46365,180,184,2787.24666882
46366,180,185,4652.53527544
46367,180,186,9132.03793377
46368,180,187,13565.4528362
46369,180,188,35155.49984895
46370,180,189,29487.34143081
46371,180,190,23674.52794407
46372,180,191,27613.42753976
46373,180,192,32648.04258178
46374,180,193,26847.28306843
46375,180,194,25306.12678829
46376,180,195,30998.49625432
46377,180,196,36932.81951191
46378,180,197,23604.46758393
46379,180,198,27682.01178654
46380,180,199,29351.4836121
46381,180,200,43414.83438142
46382,180,201,34562.46262505
46383,180,202,50275.1731365
46384,180,203,46524.46720035
46385,180,204,40974.12076518
46386,180,205,35089.02272844
46387,180,206,33153.44637906
46388,180,207,54211.87373512
46389,180,208,29628.45558501
46390,180,209,18151.51305516
46391,180,210,20024.04592154
46392,180,211,19195.74793655
46393,180,212,36575.80057304
46394,180,213,42784.84422127
46395,180,214,24440.14361543
46396,180,215,12158.9859912
46397,180,216,14168.45774089
46398,180,217,12706.03443843
46399,180,218,11551.66652605
46400,180,219,28139.54638477
46401,180,220,31558.24027272
46402,180,221,14727.14040947
46403,180,222,18439.33789738
46404,180,223,16602.3083708
46405,180,224,35486.84264476
46406,180,225,13287.75114818
46407,180,226,22345.31037861
46408,180,227,14377.06963174
46409,180,228,37237.98074062
46410,180,229,25174.6890715
46411,180,230,26458.63208502
46412,180,231,20225.96260482
46413,180,232,20308.80962056
46414,180,233,20155.87060388
46415,180,234,20720.39420093
46416,180,235,20448.22123082
46417,180,236,20117.65860642
46418,180,237,20590.80638258
46419,180,238,43418.60517755
46420,180,239,37307.37706231
46421,180,240,43182.6258379
46422,180,241,27804.03818126
46423,180,242,33419.33484293
46424,180,243,25249.15653494
46425,180,244,41006.31431735
46426,180,245,39949.31726518
46427,180,246,42087.26512647
46428,180,247,37458.89804002
46429,180,248,39056.58638638
46430,180,249,43546.23765683
46431,180,250,41977.96121905
46432,180,251,37000.52895669
46433,180,252,28519.69199367
46434,180,253,23849.0285821
46435,180,254,42615.28057761
46436,180,255,42840.62487732
46437,180,256,41167.31450612
46438,180,257,37725.52452996
46439,180,258,31366.9820062
46440,181,1,29224.54765711
46441,181,2,34814.38443812
46442,181,3,30271.42274385
46443,181,4,33656.58368066
46444,181,5,34566.84412308
46445,181,6,34301.9171131
46446,181,7,24953.75757674
46447,181,8,32264.87134807
46448,181,9,31412.05330334
46449,181,10,25519.27986638
46450,181,11,25603.36029194
46451,181,12,26952.67908446
46452,181,13,28223.08115018
46453,181,14,33815.74936974
46454,181,15,33197.17870197
46455,181,16,34995.96785395
46456,181,17,31260.03140032
46457,181,18,31453.62710467
46458,181,19,30781.34077389
46459,181,20,32535.23814534
46460,181,21,31506.81083525
46461,181,22,31059.67358502
46462,181,23,28634.38958655
46463,181,24,29879.50674965
46464,181,25,31818.27672508
46465,181,26,29638.67168925
46466,181,27,31458.66839619
46467,181,28,32088.60768307
46468,181,29,28846.84209527
46469,181,30,31678.73252694
46470,181,31,30426.15659328
46471,181,32,31549.42638576
46472,181,33,32042.87039119
46473,181,34,32517.8263508
46474,181,35,31213.80598367
46475,181,36,32654.75349939
46476,181,37,33580.14262422
46477,181,38,30169.68065834
46478,181,39,28423.31271118
46479,181,40,33923.05216046
46480,181,41,30460.29862885
46481,181,42,26373.61893976
46482,181,43,37523.2099857
46483,181,44,29643.4871895
46484,181,45,26607.9410405
46485,181,46,26773.23364783
46486,181,47,40991.74390642
46487,181,48,41640.7716961
46488,181,49,25529.28657043
46489,181,50,39042.4328055
46490,181,51,25504.70771356
46491,181,52,24606.31561672
46492,181,53,25767.12229516
46493,181,54,23817.28341145
46494,181,55,27889.40459227
46495,181,56,22879.923944
46496,181,57,27504.22095628
46497,181,58,26851.71597709
46498,181,59,23317.97862357
46499,181,60,25570.80559229
46500,181,61,24164.77745666
46501,181,62,27841.50178369
46502,181,63,25666.65505229
46503,181,64,27289.58262542
46504,181,65,25332.52880647
46505,181,66,26509.8377746
46506,181,67,19855.38107095
46507,181,68,20461.05413384
46508,181,69,31057.9406847
46509,181,70,18336.18869497
46510,181,71,38911.24598054
46511,181,72,20141.33221565
46512,181,73,39579.44627171
46513,181,74,32105.20926874
46514,181,75,21334.84063094
46515,181,76,37577.29635896
46516,181,77,38258.51143236
46517,181,78,40232.12033655
46518,181,79,22929.68854149
46519,181,80,35398.96344755
46520,181,81,34609.06255048
46521,181,82,26636.95619334
46522,181,83,18016.14674185
46523,181,84,36507.49485495
46524,181,85,28234.79567763
46525,181,86,18502.41824811
46526,181,87,18971.34196564
46527,181,88,19108.97725727
46528,181,89,16941.56260614
46529,181,90,26275.11726325
46530,181,91,29209.53437029
46531,181,92,23033.39005534
46532,181,93,37086.12047697
46533,181,94,34637.61972808
46534,181,95,27095.79917941
46535,181,96,15879.779802
46536,181,97,11523.60518951
46537,181,98,12785.35186315
46538,181,99,33858.22664306
46539,181,100,17322.34529631
46540,181,101,30284.48310943
46541,181,102,34184.25012598
46542,181,103,10448.41974151
46543,181,104,19842.45652243
46544,181,105,24428.70231978
46545,181,106,36129.33097654
46546,181,107,28146.71597692
46547,181,108,14221.46259327
46548,181,109,21183.70050146
46549,181,110,16486.01953693
46550,181,111,23873.89649448
46551,181,112,36262.2350102
46552,181,113,14504.82064572
46553,181,114,26145.44881523
46554,181,115,11607.3256554
46555,181,116,29962.89351158
46556,181,117,37090.43270181
46557,181,118,20070.4420014
46558,181,119,9872.9784131
46559,181,120,22755.56332486
46560,181,121,37631.95019515
46561,181,122,18661.21388092
46562,181,123,30793.23665164
46563,181,124,32094.29800477
46564,181,125,27947.15794234
46565,181,126,21666.61667699
46566,181,127,28882.74667724
46567,181,128,38239.58070405
46568,181,129,27300.56543594
46569,181,130,34753.16752078
46570,181,131,13200.05156358
46571,181,132,32901.86445878
46572,181,133,12381.98863566
46573,181,134,40320.64564631
46574,181,135,37666.94908932
46575,181,136,35010.95152681
46576,181,137,23453.91430128
46577,181,138,21433.06307048
46578,181,139,36522.65874237
46579,181,140,31098.72659984
46580,181,141,29415.85907625
46581,181,142,39030.62289322
46582,181,143,41842.11590011
46583,181,144,37971.02289161
46584,181,145,41482.43586241
46585,181,146,25848.76703305
46586,181,147,32255.75326635
46587,181,148,34927.62103838
46588,181,149,28500.80405515
46589,181,150,37989.30386282
46590,181,151,33127.16159925
46591,181,152,34893.64549692
46592,181,153,32605.6969065
46593,181,154,30944.22595684
46594,181,155,34988.76890054
46595,181,156,21917.64261589
46596,181,157,29636.16375923
46597,181,158,38815.24813502
46598,181,159,20948.67914128
46599,181,160,36464.12456174
46600,181,161,34800.53350727
46601,181,162,34859.02168656
46602,181,163,24195.13878813
46603,181,164,34695.53579834
46604,181,165,26930.10924134
46605,181,166,23396.06276438
46606,181,167,31851.17793478
46607,181,168,45362.60200239
46608,181,169,42771.54998252
46609,181,170,44123.91400666
46610,181,171,46707.33447372
46611,181,172,47187.37566662
46612,181,173,47304.71335973
46613,181,174,47968.88901884
46614,181,175,49838.92441163
46615,181,176,51818.98163393
46616,181,177,47819.24181951
46617,181,178,8057.75870286
46618,181,179,11957.24881685
46619,181,180,6171.12606162
46620,181,181,0.0
46621,181,182,4308.56081628
46622,181,183,8597.88201763
46623,181,184,3383.88818052
46624,181,185,10012.53937741
46625,181,186,2961.14266949
46626,181,187,7413.61305894
46627,181,188,33073.08552036
46628,181,189,26824.16799268
46629,181,190,19842.24943496
46630,181,191,24580.74169074
46631,181,192,30495.73690991
46632,181,193,23645.70503515
46633,181,194,21803.21942172
46634,181,195,28639.52169468
46635,181,196,35137.24213054
46636,181,197,19399.55243571
46637,181,198,30175.25226723
46638,181,199,31323.74048311
46639,181,200,40717.22972907
46640,181,201,34103.68117032
46641,181,202,46671.71877513
46642,181,203,43276.48659907
46643,181,204,38672.03167663
46644,181,205,33665.61458224
46645,181,206,33493.32852574
46646,181,207,50585.96980485
46647,181,208,30944.5303879
46648,181,209,23738.57912657
46649,181,210,24871.50512317
46650,181,211,25232.60033257
46651,181,212,40088.45967587
46652,181,213,45671.03382172
46653,181,214,19847.26805335
46654,181,215,12591.40858792
46655,181,216,18643.85539682
46656,181,217,15459.15367761
46657,181,218,13804.09987397
46658,181,219,22371.03457446
46659,181,220,25583.6073769
46660,181,221,18089.19770199
46661,181,222,15992.60993979
46662,181,223,21363.77091376
46663,181,224,29389.62050659
46664,181,225,17197.44444815
46665,181,226,18550.24662937
46666,181,227,13775.60643705
46667,181,228,31104.31556446
46668,181,229,20052.94603458
46669,181,230,20980.8164182
46670,181,231,25203.59524713
46671,181,232,25227.0836835
46672,181,233,25197.09085933
46673,181,234,25427.80876846
46674,181,235,25286.8109605
46675,181,236,25229.07693093
46676,181,237,25348.03512975
46677,181,238,49466.0003692
46678,181,239,42979.90494317
46679,181,240,49129.97344972
46680,181,241,33301.99842148
46681,181,242,39038.72550338
46682,181,243,30843.11217006
46683,181,244,46814.36087963
46684,181,245,45766.49113481
46685,181,246,47889.41052305
46686,181,247,43208.13477475
46687,181,248,44859.83366735
46688,181,249,49527.24658795
46689,181,250,48037.69725524
46690,181,251,42594.85974165
46691,181,252,34115.97532295
46692,181,253,29530.89446389
46693,181,254,48453.91496292
46694,181,255,48733.53600999
46695,181,256,47252.99066759
46696,181,257,43526.62118419
46697,181,258,36997.87158733
46698,182,1,32760.90463572
46699,182,2,38673.50087543
46700,182,3,33809.05242794
46701,182,4,37261.66769598
46702,182,5,38378.60393691
46703,182,6,38043.00011373
46704,182,7,28396.85548199
46705,182,8,35816.47708279
46706,182,9,34962.49074053
46707,182,10,28793.92117688
46708,182,11,29088.11691295
46709,182,12,30475.26374417
46710,182,13,31779.0885931
46711,182,14,37480.73421611
46712,182,15,36746.07386193
46713,182,16,38925.49535013
46714,182,17,34092.48072594
46715,182,18,34386.67230836
46716,182,19,34482.68516458
46717,182,20,35795.78925238
46718,182,21,34062.71269911
46719,182,22,35266.53127478
46720,182,23,32592.01550328
46721,182,24,33755.70937463
46722,182,25,35248.35567648
46723,182,26,33782.0413883
46724,182,27,34144.29953157
46725,182,28,35251.84891707
46726,182,29,32957.13947826
46727,182,30,34704.91736468
46728,182,31,34193.86673257
46729,182,32,35042.65953532
46730,182,33,34419.9726729
46731,182,34,35882.42705322
46732,182,35,34846.31724257
46733,182,36,36900.56146608
46734,182,37,37829.99564805
46735,182,38,33985.79054449
46736,182,39,32425.33499849
46737,182,40,35677.15335876
46738,182,41,32968.67232046
46739,182,42,29227.77942893
46740,182,43,38845.61381933
46741,182,44,32143.14871103
46742,182,45,29596.71953712
46743,182,46,29479.0641266
46744,182,47,41824.0434686
46745,182,48,42378.29148573
46746,182,49,28686.75976708
46747,182,50,40189.30939029
46748,182,51,28879.4804774
46749,182,52,28063.82785354
46750,182,53,29711.24321642
46751,182,54,27252.86249407
46752,182,55,32176.69350168
46753,182,56,26087.65031045
46754,182,57,31734.83921611
46755,182,58,31011.99115889
46756,182,59,26682.96367433
46757,182,60,29171.84420836
46758,182,61,27152.86806755
46759,182,62,32129.96266359
46760,182,63,29472.13696765
46761,182,64,31517.74165198
46762,182,65,29053.71380955
46763,182,66,30589.18532784
46764,182,67,24015.12229095
46765,182,68,24554.67612726
46766,182,69,34253.06193663
46767,182,70,22637.05214906
46768,182,71,41585.48635668
46769,182,72,24144.75751886
46770,182,73,42097.70248948
46771,182,74,35194.91715959
46772,182,75,25187.97112801
46773,182,76,40391.19642292
46774,182,77,40422.35185985
46775,182,78,42559.73749078
46776,182,79,26619.9051243
46777,182,80,38253.6237218
46778,182,81,37575.89725601
46779,182,82,30242.26760331
46780,182,83,21556.49302189
46781,182,84,39333.25948816
46782,182,85,31682.04191131
46783,182,86,22157.44415942
46784,182,87,23220.88772216
46785,182,88,22962.13081776
46786,182,89,20344.21581348
46787,182,90,29871.55951302
46788,182,91,32656.79816206
46789,182,92,26656.93709475
46790,182,93,40718.25842586
46791,182,94,38184.45809616
46792,182,95,30551.41513493
46793,182,96,19698.74435872
46794,182,97,15372.06434799
46795,182,98,16656.38200042
46796,182,99,37278.1640533
46797,182,100,21061.38042451
46798,182,101,33709.41092532
46799,182,102,37643.85429209
46800,182,103,14358.59062421
46801,182,104,23453.35399689
46802,182,105,28038.22737869
46803,182,106,39682.41482064
46804,182,107,31610.65284107
46805,182,108,18113.48446087
46806,182,109,24830.6267372
46807,182,110,18715.34830535
46808,182,111,26742.73800972
46809,182,112,39744.97866783
46810,182,113,16716.0867573
46811,182,114,29319.4786281
46812,182,115,13589.46800481
46813,182,116,33573.3361894
46814,182,117,40445.44688912
46815,182,118,22492.450044
46816,182,119,11594.62854817
46817,182,120,25394.42161989
46818,182,121,40946.1798028
46819,182,122,21028.67491447
46820,182,123,34397.12899634
46821,182,124,35740.50990151
46822,182,125,31343.00875167
46823,182,126,24235.61661199
46824,182,127,32516.62139184
46825,182,128,41510.64075844
46826,182,129,30629.49936779
46827,182,130,38381.74217755
46828,182,131,15535.59508389
46829,182,132,36578.14914171
46830,182,133,14675.73086321
46831,182,134,44616.44325547
46832,182,135,41927.43400177
46833,182,136,39260.27472949
46834,182,137,27734.43741387
46835,182,138,25729.96531119
46836,182,139,40776.48541619
46837,182,140,35366.68140231
46838,182,141,33705.0574933
46839,182,142,43326.44749422
46840,182,143,46134.94384078
46841,182,144,42254.84032529
46842,182,145,45757.98154557
46843,182,146,30133.0625574
46844,182,147,36033.25345528
46845,182,148,38107.61825566
46846,182,149,32318.28659191
46847,182,150,40738.82088265
46848,182,151,36733.03381343
46849,182,152,38137.82536383
46850,182,153,36331.88628711
46851,182,154,34786.27094514
46852,182,155,37886.81132373
46853,182,156,25732.96943141
46854,182,157,33438.94047982
46855,182,158,41444.24998507
46856,182,159,24774.21827503
46857,182,160,39290.05726924
46858,182,161,37816.05405562
46859,182,162,37941.22064651
46860,182,163,28011.02069846
46861,182,164,38000.31339108
46862,182,165,30733.95420646
46863,182,166,27192.0532412
46864,182,167,35669.65539518
46865,182,168,46554.69098165
46866,182,169,43989.39085822
46867,182,170,45367.01068211
46868,182,171,47864.95609117
46869,182,172,48631.31299752
46870,182,173,48660.74421833
46871,182,174,49199.44516211
46872,182,175,51440.01401416
46873,182,176,53542.28962352
46874,182,177,49342.98760055
46875,182,178,12305.21774492
46876,182,179,15966.70274294
46877,182,180,10473.55877867
46878,182,181,4308.56081628
46879,182,182,0.0
46880,182,183,4536.30008787
46881,182,184,7687.66717719
46882,182,185,14075.30308627
46883,182,186,1380.94149455
46884,182,187,3261.0258441
46885,182,188,31950.25328365
46886,182,189,25398.10223912
46887,182,190,17678.97725238
46888,182,191,22924.81075462
46889,182,192,29373.41269359
46890,182,193,21881.36173975
46891,182,194,19850.12550678
46892,182,195,27402.9589228
46893,182,196,34191.00809884
46894,182,197,16916.3729691
46895,182,198,32254.5806788
46896,182,199,33052.94939432
46897,182,200,39016.99647737
46898,182,201,34143.8116338
46899,182,202,44232.54738639
46900,182,203,41133.92339916
46901,182,204,37294.28496377
46902,182,205,33020.60184789
46903,182,206,34100.45043027
46904,182,207,48104.44771878
46905,182,208,32257.6972829
46906,182,209,27683.07942222
46907,182,210,28408.14406066
46908,182,211,29425.25912553
46909,182,212,43110.73651383
46910,182,213,48291.66662056
46911,182,214,16987.22169562
46912,182,215,14280.45510553
46913,182,216,22097.98160501
46914,182,217,18185.75646154
46915,182,218,16388.05009658
46916,182,219,18365.27508944
46917,182,220,21390.87011268
46918,182,221,21001.52745934
46919,182,222,15260.05918804
46920,182,223,24905.34232851
46921,182,224,25106.69823274
46922,182,225,20419.16025795
46923,182,226,16479.1878438
46924,182,227,14658.84085241
46925,182,228,26802.29685311
46926,182,229,16685.04686302
46927,182,230,17257.08009102
46928,182,231,28807.08081952
46929,182,232,28798.00832462
46930,182,233,28835.21119489
46931,182,234,28881.10371383
46932,182,235,28813.60513474
46933,182,236,28905.01572947
46934,182,237,28829.62492
46935,182,238,53643.97242691
46936,182,239,46905.58342577
46937,182,240,53234.14147554
46938,182,241,37146.23276848
46939,182,242,42939.18309564
46940,182,243,34754.64894473
46941,182,244,50823.93353399
46942,182,245,49783.62381518
46943,182,246,51893.59782555
46944,182,247,47183.69454395
46945,182,248,48868.80427967
46946,182,249,53655.49069133
46947,182,250,52225.89025516
46948,182,251,46470.67244709
46949,182,252,38016.67132655
46950,182,253,33499.48753528
46951,182,254,52482.43577463
46952,182,255,52799.47423952
46953,182,256,51462.00745904
46954,182,257,47536.09337742
46955,182,258,40911.04277998
46956,183,1,37279.05204106
46957,183,2,43206.79148045
46958,183,3,38326.8466991
46959,183,4,41787.15393772
46960,183,5,42914.39753389
46961,183,6,42578.7602228
46962,183,7,32903.13432622
46963,183,8,40335.39111123
46964,183,9,39481.60980655
46965,183,10,33264.42078864
46966,183,11,33600.76532567
46967,183,12,34992.71637718
46968,183,13,36300.48468093
46969,183,14,42012.23454094
46970,183,15,41264.19438223
46971,183,16,43450.48961005
46972,183,17,38411.02613117
46973,183,18,38742.16306137
46974,183,19,39017.11410037
46975,183,20,40253.14743134
46976,183,21,38265.93335183
46977,183,22,39657.15138176
46978,183,23,37110.55084488
46979,183,24,38286.85089787
46980,183,25,39746.36554175
46981,183,26,38226.86786745
46982,183,27,38403.48255653
46983,183,28,39682.20795922
46984,183,29,37421.90262562
46985,183,30,39092.3958393
46986,183,31,38730.1644441
46987,183,32,39552.65515688
46988,183,33,38538.63067809
46989,183,34,40365.7458552
46990,183,35,39375.46206829
46991,183,36,41239.80278023
46992,183,37,42162.35856132
46993,183,38,38521.17201368
46994,183,39,36933.08160917
46995,183,40,39453.18759431
46996,183,41,37154.69440674
46997,183,42,33568.89155097
46998,183,43,42329.53594411
46999,183,44,36328.63431476
47000,183,45,33983.3403855
47001,183,46,33762.93969633
47002,183,47,44941.97505311
47003,183,48,45421.17868481
47004,183,49,33126.97018893
47005,183,50,43544.82881388
47006,183,51,33372.22814902
47007,183,52,32572.90022995
47008,183,53,34231.65588818
47009,183,54,31758.99305812
47010,183,55,36086.71260955
47011,183,56,30546.72122917
47012,183,57,36097.28124869
47013,183,58,35444.37127453
47014,183,59,31176.57444981
47015,183,60,33699.7423117
47016,183,61,31546.29739424
47017,183,62,36375.65659534
47018,183,63,34007.54535625
47019,183,64,35226.81864199
47020,183,65,33589.52937932
47021,183,66,35068.67239151
47022,183,67,28446.53670816
47023,183,68,29025.33734147
47024,183,69,36279.81973089
47025,183,70,26842.73767121
47026,183,71,42877.92192424
47027,183,72,27446.42272795
47028,183,73,43195.6661474
47029,183,74,37074.88299398
47030,183,75,28238.7064849
47031,183,76,41867.72645678
47032,183,77,41119.21007603
47033,183,78,43425.74712815
47034,183,79,29413.22861087
47035,183,80,39802.85833516
47036,183,81,39273.09603242
47037,183,82,32869.23913718
47038,183,83,26082.82196575
47039,183,84,40835.17670788
47040,183,85,34073.5023987
47041,183,86,26692.01975949
47042,183,87,27558.68741349
47043,183,88,27492.92931414
47044,183,89,24854.48206804
47045,183,90,34398.68488083
47046,183,91,37160.11766743
47047,183,92,31187.91449378
47048,183,93,45245.96015831
47049,183,94,42701.67956998
47050,183,95,35057.95719135
47051,183,96,24231.15526772
47052,183,97,19898.47578496
47053,183,98,21181.29987542
47054,183,99,41772.6253125
47055,183,100,25597.58293808
47056,183,101,38207.56837929
47057,183,102,42146.13343321
47058,183,103,18874.58867757
47059,183,104,27984.72771272
47060,183,105,32567.42650114
47061,183,106,44200.01973944
47062,183,107,36117.82079213
47063,183,108,22636.77833934
47064,183,109,29363.92255503
47065,183,110,22883.24327357
47066,183,111,31097.86051667
47067,183,112,44250.54170139
47068,183,113,20904.88342704
47069,183,114,33763.00312379
47070,183,115,17750.03543092
47071,183,116,38100.58333481
47072,183,117,44922.79074636
47073,183,118,26701.20021417
47074,183,119,15714.3342409
47075,183,120,29670.86580573
47076,183,121,45412.78752779
47077,183,122,25227.90266079
47078,183,123,38923.37642431
47079,183,124,40270.73108124
47080,183,125,35837.38762959
47081,183,126,28491.36072261
47082,183,127,37046.53756728
47083,183,128,45965.08364211
47084,183,129,35110.15364765
47085,183,130,42909.58972567
47086,183,131,19789.45095853
47087,183,132,41110.68893143
47088,183,133,18928.84215521
47089,183,134,48825.44985641
47090,183,135,46239.34149509
47091,183,136,43593.21419355
47092,183,137,32007.26903615
47093,183,138,29949.95860123
47094,183,139,45101.23646431
47095,183,140,39665.20127688
47096,183,141,37947.06380543
47097,183,142,47536.01200984
47098,183,143,50356.17728295
47099,183,144,46509.67668098
47100,183,145,50034.84704209
47101,183,146,34393.4172693
47102,183,147,40569.54763979
47103,183,148,42539.14682732
47104,183,149,36853.47081509
47105,183,150,45007.82427918
47106,183,151,41258.77096102
47107,183,152,42588.04633377
47108,183,153,40867.25500276
47109,183,154,39320.37280849
47110,183,155,42221.7702394
47111,183,156,30267.39353642
47112,183,157,37974.74834445
47113,183,158,45658.67440454
47114,183,159,29307.81587194
47115,183,160,43593.80553944
47116,183,161,42194.20415475
47117,183,162,42341.93596857
47118,183,163,32545.7869688
47119,183,164,42467.04078894
47120,183,165,35269.53823318
47121,183,166,31727.57194372
47122,183,167,40205.06188872
47123,183,168,49906.08811065
47124,183,169,47371.90354948
47125,183,170,48759.95097445
47126,183,171,51185.68753978
47127,183,172,52146.8415751
47128,183,173,52116.50289968
47129,183,174,52565.7803842
47130,183,175,55049.37745231
47131,183,176,57224.03308189
47132,183,177,52908.96419449
47133,183,178,16653.17767021
47134,183,179,20462.18571384
47135,183,180,14714.87050623
47136,183,181,8597.88201763
47137,183,182,4536.30008787
47138,183,183,0.0
47139,183,184,11945.83165619
47140,183,185,18549.88489127
47141,183,186,5693.056966
47142,183,187,1298.219037
47143,183,188,33467.36142935
47144,183,189,26738.25752816
47145,183,190,18471.76628738
47146,183,191,24088.1328716
47147,183,192,30938.17914979
47148,183,193,22958.91766103
47149,183,194,20790.21782704
47150,183,195,28892.53616416
47151,183,196,35850.89302896
47152,183,197,17339.43572706
47153,183,198,36233.46456864
47154,183,199,36831.36212852
47155,183,200,39808.80763191
47156,183,201,36706.03353029
47157,183,202,44064.93838439
47158,183,203,41375.7199826
47159,183,204,38464.9319822
47160,183,205,34989.22857065
47161,183,206,37114.81913021
47162,183,207,47848.05270303
47163,183,208,35785.56155993
47164,183,209,32202.75512151
47165,183,210,32928.87383062
47166,183,211,33830.26583849
47167,183,212,44827.19402255
47168,183,213,49462.08782383
47169,183,214,16866.58520658
47170,183,215,18301.26080448
47171,183,216,26613.15339359
47172,183,217,22541.47614217
47173,183,218,20715.39907922
47174,183,219,15914.26504454
47175,183,220,18257.36526938
47176,183,221,25396.09259481
47177,183,222,17678.77854398
47178,183,223,29429.1109314
47179,183,224,21492.04349676
47180,183,225,24896.01818435
47181,183,226,17454.96032771
47182,183,227,18257.27409579
47183,183,228,23011.73566914
47184,183,229,15733.83794654
47185,183,230,15554.75217953
47186,183,231,33335.37788615
47187,183,232,33322.79101461
47188,183,233,33366.59791302
47189,183,234,33388.69998354
47190,183,235,33332.73204298
47191,183,236,33438.96262072
47192,183,237,33341.97600201
47193,183,238,58063.15546946
47194,183,239,51432.18786037
47195,183,240,57704.93666542
47196,183,241,41680.42680567
47197,183,242,47468.82604551
47198,183,243,39281.67146176
47199,183,244,55332.71482719
47200,183,245,54290.03182109
47201,183,246,56404.02990932
47202,183,247,51700.87444115
47203,183,248,53377.54082024
47204,183,249,58112.22256804
47205,183,250,56635.51900248
47206,183,251,51003.22932539
47207,183,252,42545.67816365
47208,183,253,38015.89359822
47209,183,254,56985.50634091
47210,183,255,57288.54363449
47211,183,256,55849.65999688
47212,183,257,52044.52356155
47213,183,258,45438.78774966
47214,184,1,26454.84458053
47215,184,2,31749.43681697
47216,184,3,27495.34676575
47217,184,4,30808.40756296
47218,184,5,31541.72693722
47219,184,6,31336.61215047
47220,184,7,22295.75153559
47221,184,8,29467.78640417
47222,184,9,28619.60115907
47223,184,10,23009.61415119
47224,184,11,22902.35527115
47225,184,12,24208.29282786
47226,184,13,25441.41385055
47227,184,14,30916.12944434
47228,184,15,30398.68789417
47229,184,16,31872.88738567
47230,184,17,29092.37385009
47231,184,18,29197.25181823
47232,184,19,27860.99650659
47233,184,20,29988.12726847
47234,184,21,29575.8530248
47235,184,22,27724.96139438
47236,184,23,25500.88111346
47237,184,24,26811.99892343
47238,184,25,29128.17512828
47239,184,26,26351.78737238
47240,184,27,29416.35516066
47241,184,28,29628.30764672
47242,184,29,25586.76807293
47243,184,30,29339.94325445
47244,184,31,27449.90043195
47245,184,32,28805.89448341
47246,184,33,30260.26340743
47247,184,34,29880.89934058
47248,184,35,28351.21558976
47249,184,36,29293.97117686
47250,184,37,30216.76417975
47251,184,38,27152.69344517
47252,184,39,25252.81388339
47253,184,40,32647.88845127
47254,184,41,28580.10730984
47255,184,42,24233.53813947
47256,184,43,36571.00837973
47257,184,44,27779.09649159
47258,184,45,24345.0637974
47259,184,46,24760.34314918
47260,184,47,40408.26795761
47261,184,48,41128.4178076
47262,184,49,23125.69955915
47263,184,50,38220.42671568
47264,184,51,22904.29623197
47265,184,52,21938.02546741
47266,184,53,22653.28101604
47267,184,54,21176.11080487
47268,184,55,24566.18197111
47269,184,56,20459.95301405
47270,184,57,24154.77628776
47271,184,58,23554.51066571
47272,184,59,20747.0318123
47273,184,60,22764.66010728
47274,184,61,21930.63230133
47275,184,62,24459.68421349
47276,184,63,22675.92715187
47277,184,64,24054.77465419
47278,184,65,22419.19344222
47279,184,66,23278.48496141
47280,184,67,16569.06259609
47281,184,68,17231.58278134
47282,184,69,28941.51755567
47283,184,70,14952.34449912
47284,184,71,37236.72703397
47285,184,72,17224.54803905
47286,184,73,38043.23235982
47287,184,74,30084.56566325
47288,184,75,18593.42429302
47289,184,76,35781.70556991
47290,184,77,37049.25335396
47291,184,78,38863.34423825
47292,184,79,20362.68806
47293,184,80,33579.6654596
47294,184,81,32688.7707333
47295,184,82,24131.48802356
47296,184,83,15343.87606025
47297,184,84,34707.76572519
47298,184,85,25884.29412914
47299,184,86,15708.82067506
47300,184,87,15613.44329005
47301,184,88,16113.77191303
47302,184,89,14427.82438734
47303,184,90,23468.68633004
47304,184,91,26518.32770421
47305,184,92,20224.77699409
47306,184,93,34204.52583266
47307,184,94,31835.52890593
47308,184,95,24410.43702671
47309,184,96,12953.37381568
47310,184,97,8650.55211313
47311,184,98,9854.06966503
47312,184,99,31167.47039755
47313,184,100,14459.33407638
47314,184,101,27606.81854718
47315,184,102,31458.19958644
47316,184,103,7530.51555718
47317,184,104,17076.19549322
47318,184,105,21622.56231542
47319,184,106,33316.91215141
47320,184,107,25447.12932282
47321,184,108,11240.61804499
47322,184,109,18368.98259849
47323,184,110,15136.82986556
47324,184,111,21752.23404465
47325,184,112,33508.72294957
47326,184,113,13263.65509573
47327,184,114,23720.87542752
47328,184,115,10784.39460208
47329,184,116,27124.73477928
47330,184,117,34441.79015556
47331,184,118,18429.4682587
47332,184,119,9480.73654548
47333,184,120,20860.57394207
47334,184,121,35015.6578472
47335,184,122,17108.61021718
47336,184,123,27957.14411529
47337,184,124,29216.5575811
47338,184,125,25309.37248444
47339,184,126,19855.54356261
47340,184,127,26029.04470514
47341,184,128,35657.324562
47342,184,129,24727.09758342
47343,184,130,31881.41059774
47344,184,131,11913.17100084
47345,184,132,29995.60077635
47346,184,133,11191.74689405
47347,184,134,36936.94058223
47348,184,135,34297.04839685
47349,184,136,31647.62967857
47350,184,137,20075.60526171
47351,184,138,18049.35986143
47352,184,139,33156.52939083
47353,184,140,27725.66593786
47354,184,141,26033.74931295
47355,184,142,35646.91998089
47356,184,143,38458.87375951
47357,184,144,34590.4252643
47358,184,145,38104.97884448
47359,184,146,22468.58494485
47360,184,147,29265.43022614
47361,184,148,32437.15807468
47362,184,149,25488.1475542
47363,184,150,35847.79685617
47364,184,151,30280.19768954
47365,184,152,32348.51968618
47366,184,153,29657.90402655
47367,184,154,27902.83035881
47368,184,155,32738.7392828
47369,184,156,18938.21063333
47370,184,157,26632.35292817
47371,184,158,36770.44836057
47372,184,159,17966.12651686
47373,184,160,34266.6720081
47374,184,161,32451.30621639
47375,184,162,32452.48622227
47376,184,163,21202.15331414
47377,184,164,32099.56692466
47378,184,165,23935.36417717
47379,184,166,20425.5563731
47380,184,167,28827.26813648
47381,184,168,44460.39044681
47382,184,169,41864.77129099
47383,184,170,43188.03000435
47384,184,171,45825.15672206
47385,184,172,46071.58786055
47386,184,173,46259.34279654
47387,184,174,47021.17145275
47388,184,175,48583.06098035
47389,184,176,50455.74955832
47390,184,177,46635.63162086
47391,184,178,4728.78369989
47392,184,179,8878.82129865
47393,184,180,2787.24666882
47394,184,181,3383.88818052
47395,184,182,7687.66717719
47396,184,183,11945.83165619
47397,184,184,0.0
47398,184,185,6905.27303919
47399,184,186,6344.88358468
47400,184,187,10784.57498997
47401,184,188,34087.74459287
47402,184,189,28143.84419396
47403,184,190,21807.20629702
47404,184,191,26102.55617248
47405,184,192,31540.05870683
47406,184,193,25260.8203708
47407,184,194,23584.6682569
47408,184,195,29793.4502538
47409,184,196,35997.18840157
47410,184,197,21584.83633794
47411,184,198,28666.04436272
47412,184,199,30097.01359077
47413,184,200,42101.29418957
47414,184,201,34213.30566955
47415,184,202,48579.52587174
47416,184,203,44977.36802555
47417,184,204,39827.78447804
47418,184,205,34311.23161724
47419,184,206,33160.32259192
47420,184,207,52511.26198432
47421,184,208,30068.49228821
47422,184,209,20631.57671155
47423,184,210,22128.76587321
47424,184,211,21912.0038061
47425,184,212,38082.97244573
47426,184,213,44009.36484754
47427,184,214,22268.06756937
47428,184,215,11963.24741371
47429,184,216,16047.54650777
47430,184,217,13671.38396124
47431,184,218,12234.61750032
47432,184,219,25509.01678733
47433,184,220,28848.2272721
47434,184,221,16035.85342771
47435,184,222,17098.71626381
47436,184,223,18647.50973045
47437,184,224,32728.76135156
47438,184,225,14860.8587655
47439,184,226,20484.58069835
47440,184,227,13765.13500634
47441,184,228,34465.43972331
47442,184,229,22794.28937236
47443,184,230,23940.45178616
47444,184,231,22397.64067275
47445,184,232,22450.55456578
47446,184,233,22359.73534697
47447,184,234,22756.70307018
47448,184,235,22549.97149739
47449,184,236,22357.24156959
47450,184,237,22651.83291942
47451,184,238,46144.86956727
47452,184,239,39849.02809262
47453,184,240,45860.08607093
47454,184,241,30252.74092119
47455,184,242,35932.81945577
47456,184,243,27743.22601537
47457,184,244,43615.46333712
47458,184,245,42562.61350047
47459,184,246,44693.84316567
47460,184,247,40038.14844522
47461,184,248,41662.81236774
47462,184,249,46240.14348545
47463,184,250,44710.13557097
47464,184,251,39503.79366249
47465,184,252,31018.11578789
47466,184,253,26386.06066247
47467,184,254,45239.73648758
47468,184,255,45491.52878684
47469,184,256,43912.14598454
47470,184,257,40330.26509832
47471,184,258,33884.80046137
47472,185,1,19657.7931575
47473,185,2,24849.74385715
47474,185,3,20690.33314582
47475,185,4,23951.27450862
47476,185,5,24636.67965644
47477,185,6,24436.10345675
47478,185,7,15624.7627769
47479,185,8,22643.30578988
47480,185,9,21800.10054314
47481,185,10,16505.80604581
47482,185,11,16182.39267995
47483,185,12,17440.79244218
47484,185,13,18638.67302692
47485,185,14,24035.1003985
47486,185,15,23571.43092607
47487,185,16,24995.8958364
47488,185,17,22975.30994692
47489,185,18,22954.40113865
47490,185,19,20974.6390135
47491,185,20,23381.79195246
47492,185,21,23808.21380805
47493,185,22,21266.00988018
47494,185,23,18628.86184537
47495,185,24,19911.94282294
47496,185,25,22386.90394558
47497,185,26,19713.88942647
47498,185,27,23479.6468503
47499,185,28,23121.42987308
47500,185,29,18881.83686725
47501,185,30,22985.70291853
47502,185,31,20548.55886608
47503,185,32,22021.64931512
47504,185,33,24717.89776924
47505,185,34,23184.83639385
47506,185,35,21489.9055249
47507,185,36,22997.7565392
47508,185,37,23938.70664092
47509,185,38,20247.44235292
47510,185,39,18410.79430051
47511,185,40,27921.29680274
47512,185,41,22911.11584902
47513,185,42,18239.71514337
47514,185,43,32340.41258132
47515,185,44,22151.83503806
47516,185,45,18161.79854816
47517,185,46,18958.20152165
47518,185,47,36781.4002477
47519,185,48,37621.25164343
47520,185,49,16761.35460817
47521,185,50,34194.5965863
47522,185,51,16291.73862296
47523,185,52,15259.16613943
47524,185,53,15768.82560075
47525,185,54,14534.77296263
47526,185,55,19777.37827283
47527,185,56,14121.85375136
47528,185,57,17803.35596417
47529,185,58,16956.97600845
47530,185,59,14195.97721927
47531,185,60,15953.41040234
47532,185,61,15842.28929677
47533,185,62,18519.34609529
47534,185,63,15773.85300919
47535,185,64,19950.78492846
47536,185,65,15542.40653102
47537,185,66,16519.13851378
47538,185,67,9974.16119813
47539,185,68,10479.70522855
47540,185,69,28831.71349623
47541,185,70,9493.53810476
47542,185,71,37984.68943244
47543,185,72,15204.08994631
47544,185,73,39092.3193923
47545,185,74,30185.81307069
47546,185,75,17145.7763412
47547,185,76,36275.73597654
47548,185,77,38832.86115035
47549,185,78,40266.72857833
47550,185,79,19381.62391662
47551,185,80,34076.06223095
47552,185,81,32960.65054986
47553,185,82,23107.18249912
47554,185,83,8763.44182135
47555,185,84,35220.1710365
47556,185,85,25246.26289974
47557,185,86,8964.68093114
47558,185,87,9462.69057313
47559,185,88,9216.11426402
47560,185,89,8142.90793027
47561,185,90,16654.45727835
47562,185,91,19786.9881838
47563,185,92,13423.98524128
47564,185,93,27328.27864951
47565,185,94,25003.44355785
47566,185,95,17695.94014652
47567,185,96,6111.71443937
47568,185,97,2126.7664568
47569,185,98,3080.67115379
47570,185,99,24418.76503051
47571,185,100,7658.99426311
47572,185,101,20882.83349925
47573,185,102,24680.18036069
47574,185,103,1189.11200265
47575,185,104,10343.39017653
47576,185,105,14816.39152288
47577,185,106,26476.36595613
47578,185,107,18713.39531526
47579,185,108,4372.83534108
47580,185,109,11575.30049737
47581,185,110,11230.78255422
47582,185,111,15851.36687815
47583,185,112,26705.87869308
47584,185,113,9906.28866308
47585,185,114,17318.90658047
47586,185,115,8999.80944748
47587,185,116,20279.17995632
47588,185,117,27719.38948811
47589,185,118,13578.67828602
47590,185,119,9076.21701102
47591,185,120,15387.38474556
47592,185,121,28320.29789665
47593,185,122,12545.65895392
47594,185,123,21111.2135524
47595,185,124,22346.62141277
47596,185,125,18636.64952671
47597,185,126,14585.5412761
47598,185,127,19176.55574323
47599,185,128,28991.5229008
47600,185,129,18128.41416975
47601,185,130,25011.42071096
47602,185,131,8752.61439748
47603,185,132,23112.73163722
47604,185,133,8452.55134528
47605,185,134,30993.42900745
47606,185,135,28065.8511311
47607,185,136,25362.18687737
47608,185,137,14109.19754198
47609,185,138,12361.62136169
47610,185,139,26890.77647866
47611,185,140,21570.93436865
47612,185,141,20084.91073436
47613,185,142,29710.36280753
47614,185,143,32471.64765273
47615,185,144,28527.77823066
47616,185,145,31961.48898856
47617,185,146,16505.99901822
47618,185,147,22361.65636089
47619,185,148,25878.65509837
47620,185,149,18583.10028297
47621,185,150,29698.0963407
47622,185,151,23424.41615755
47623,185,152,25732.2712097
47624,185,153,22761.89148291
47625,185,154,20998.67251386
47626,185,155,26469.77956308
47627,185,156,12041.39526108
47628,185,157,19727.7178544
47629,185,158,30746.60727127
47630,185,159,11069.59156206
47631,185,160,28054.60937207
47632,185,161,26057.84833317
47633,185,162,25989.62298774
47634,185,163,14300.37762031
47635,185,164,25433.48225415
47636,185,165,17032.22219058
47637,185,166,13529.70614686
47638,185,167,21922.07335204
47639,185,168,40193.82363957
47640,185,169,37625.87580376
47641,185,170,38878.84908018
47642,185,171,41576.84164779
47643,185,172,41415.45792586
47644,185,173,41721.64511614
47645,185,174,42644.01719595
47646,185,175,43667.62374819
47647,185,176,45350.27545556
47648,185,177,41858.91771594
47649,185,178,2630.25125072
47650,185,179,1974.14009931
47651,185,180,4652.53527544
47652,185,181,10012.53937741
47653,185,182,14075.30308627
47654,185,183,18549.88489127
47655,185,184,6905.27303919
47656,185,185,0.0
47657,185,186,12856.9266165
47658,185,187,17315.11918317
47659,185,188,33801.67097305
47660,185,189,28718.48953794
47661,185,190,24079.304913
47662,185,191,27199.74682926
47663,185,192,31399.98373138
47664,185,193,26598.11962873
47665,185,194,25364.38235302
47666,185,195,29949.49520368
47667,185,196,35331.64502807
47668,185,197,24343.34408299
47669,185,198,23621.69923093
47670,185,199,25518.80396185
47671,185,200,42411.49379076
47672,185,201,32068.91102899
47673,185,202,49964.44020726
47674,185,203,45940.14983457
47675,185,204,39692.15549835
47676,185,205,33250.07758419
47677,185,206,30175.87426009
47678,185,207,53888.21343562
47679,185,208,26139.46874655
47680,185,209,13742.90705575
47681,185,210,15374.20522189
47682,185,211,15414.27763372
47683,185,212,37993.88097742
47684,185,213,44651.2081756
47685,185,214,25512.51790731
47686,185,215,10258.4645107
47687,185,216,9559.31713385
47688,185,217,9001.17583753
47689,185,218,8335.76572341
47690,185,219,30496.62211772
47691,185,220,34243.02967306
47692,185,221,10535.72414991
47693,185,222,18006.19057502
47694,185,223,11950.32490185
47695,185,224,38455.49665964
47696,185,225,8883.57699342
47697,185,226,22775.05591482
47698,185,227,12942.1659194
47699,185,228,40334.96060229
47700,185,229,26767.9345561
47701,185,230,28439.69808374
47702,185,231,15588.0842161
47703,185,232,15664.43043195
47704,185,233,15527.35385382
47705,185,234,16068.01505317
47706,185,235,15798.22111943
47707,185,236,15502.65149287
47708,185,237,15938.38802789
47709,185,238,39589.97849447
47710,185,239,32977.79194471
47711,185,240,39160.35642079
47712,185,241,23349.86486569
47713,185,242,29047.77528427
47714,185,243,20853.86576493
47715,185,244,36803.02894908
47716,185,245,35756.12850916
47717,185,246,37877.58138487
47718,185,247,33196.1882225
47719,185,248,34848.32844727
47720,185,249,39580.47469842
47721,185,250,38181.91842603
47722,185,251,32613.13397556
47723,185,252,24128.68790573
47724,185,253,19522.16337128
47725,185,254,38445.9818546
47726,185,255,38739.00749601
47727,185,256,37445.34551834
47728,185,257,33515.09508125
47729,185,258,27002.83710604
47730,186,1,31766.17308453
47731,186,2,37556.34320594
47732,186,3,32814.59581936
47733,186,4,36243.80789944
47734,186,5,37280.5104528
47735,186,6,36972.86246234
47736,186,7,27432.58108288
47737,186,8,34818.07102104
47738,186,9,33963.99435804
47739,186,10,27890.86725897
47740,186,11,28109.3289993
47741,186,12,29483.81709348
47742,186,13,30776.26948554
47743,186,14,36440.00075805
47744,186,15,35749.23776098
47745,186,16,37779.29360953
47746,186,17,33351.42062134
47747,186,18,33610.80818092
47748,186,19,33426.3597785
47749,186,20,34904.68248821
47750,186,21,33416.99057334
47751,186,22,33991.44145975
47752,186,23,31431.95864035
47753,186,24,32629.75288495
47754,186,25,34294.89026154
47755,186,26,32539.2634486
47756,186,27,33454.13122514
47757,186,28,34395.31153967
47758,186,29,31729.95860642
47759,186,30,33896.60373283
47760,186,31,33111.48928728
47761,186,32,34065.62751587
47762,186,33,33835.62410516
47763,186,34,34953.49974153
47764,186,35,33816.65772426
47765,186,36,35603.11512423
47766,186,37,36530.07025997
47767,186,38,32884.13890368
47768,186,39,31246.36261729
47769,186,40,35303.37245684
47770,186,41,32337.73728056
47771,186,42,28472.81749045
47772,186,43,38618.43698773
47773,186,44,31514.01363688
47774,186,45,28795.57774239
47775,186,46,28775.49358622
47776,186,47,41760.11936229
47777,186,48,42345.63348743
47778,186,49,27825.17851273
47779,186,50,40021.21786555
47780,186,51,27940.54108045
47781,186,52,27093.93079281
47782,186,53,28555.59453298
47783,186,54,26290.00583301
47784,186,55,30801.57503217
47785,186,56,25204.55811966
47786,186,57,30446.09903376
47787,186,58,29760.41992208
47788,186,59,25744.85167942
47789,186,60,28150.02146275
47790,186,61,26348.24507049
47791,186,62,30802.1545394
47792,186,63,28372.21607736
47793,186,64,30136.80477929
47794,186,65,27986.24926477
47795,186,66,29375.61699619
47796,186,67,22762.06641253
47797,186,68,23332.50493468
47798,186,69,33054.54496089
47799,186,70,21296.90630349
47800,186,71,40518.76470277
47801,186,72,22782.92124851
47802,186,73,41071.44977745
47803,186,74,34021.63775955
47804,186,75,23849.44874184
47805,186,76,39288.48348068
47806,186,77,39488.5048662
47807,186,78,41583.87072393
47808,186,79,25311.26140187
47809,186,80,37139.32906128
47810,186,81,36433.67881785
47811,186,82,28952.3002009
47812,186,83,20547.38835243
47813,186,84,38226.88158682
47814,186,85,30425.72525599
47815,186,86,21107.55355944
47816,186,87,21919.9920027
47817,186,88,21838.29590549
47818,186,89,19381.5682015
47819,186,90,28852.06111593
47820,186,91,31695.02774953
47821,186,92,25624.29688208
47822,186,93,39691.65237574
47823,186,94,37189.19412697
47824,186,95,29584.73992898
47825,186,96,18584.02087857
47826,186,97,14238.03442394
47827,186,98,15516.81673395
47828,186,99,36329.80643652
47829,186,100,19978.71064888
47830,186,101,32756.70264476
47831,186,102,36680.99997298
47832,186,103,13199.292909
47833,186,104,22421.56629257
47834,186,105,27012.19411691
47835,186,106,38685.55014431
47836,186,107,30641.86475133
47837,186,108,16968.53007902
47838,186,109,23787.25661292
47839,186,110,18140.39778591
47840,186,111,25978.56215543
47841,186,112,38774.6573364
47842,186,113,16136.01612163
47843,186,114,28452.86817085
47844,186,115,13057.91328978
47845,186,116,32551.29079554
47846,186,117,39522.96029331
47847,186,118,21868.83628299
47848,186,119,11120.74704059
47849,186,120,24705.8657412
47850,186,121,40038.97196363
47851,186,122,20418.16993666
47852,186,123,33378.0896407
47853,186,124,34706.11151045
47854,186,125,30398.93695685
47855,186,126,23567.82540509
47856,186,127,31484.9837561
47857,186,128,40619.55689881
47858,186,129,29709.01112489
47859,186,130,37355.45698783
47860,186,131,14907.62473859
47861,186,132,35532.60892839
47862,186,133,14054.7214596
47863,186,134,43281.76943913
47864,186,135,40620.75481032
47865,186,136,37960.74691872
47866,186,137,26413.00884268
47867,186,138,24394.18428039
47868,186,139,39474.14608366
47869,186,140,34054.69281461
47870,186,141,32376.62009822
47871,186,142,41991.7471655
47872,186,143,44803.22292293
47873,186,144,40931.05496438
47874,186,145,44440.72566636
47875,186,146,28808.71582032
47876,186,147,34947.87737919
47877,186,148,37247.34468443
47878,186,149,31215.26627462
47879,186,150,40032.98363377
47880,186,151,35714.59255488
47881,186,152,37254.38515301
47882,186,153,35266.83087925
47883,186,154,33674.57992527
47884,186,155,37126.58356768
47885,186,156,24626.43441644
47886,186,157,32342.33016294
47887,186,158,40780.8801075
47888,186,159,23662.86831477
47889,186,160,38556.32183441
47890,186,161,37014.30814041
47891,186,162,37115.86526857
47892,186,163,26906.02732546
47893,186,164,37094.73790089
47894,186,165,29635.45683617
47895,186,166,26094.23369901
47896,186,167,34567.80497623
47897,186,168,46378.44174348
47898,186,169,43802.28157221
47899,186,170,45172.96034616
47900,186,171,47701.13111425
47901,186,172,48373.98745597
47902,186,173,48432.44041881
47903,186,174,49012.82067456
47904,186,175,51132.6895615
47905,186,176,53195.60224774
47906,186,177,49059.81105006
47907,186,178,11002.24610561
47908,186,179,14772.69301694
47909,186,180,9132.03793377
47910,186,181,2961.14266949
47911,186,182,1380.94149455
47912,186,183,5693.056966
47913,186,184,6344.88358468
47914,186,185,12856.9266165
47915,186,186,0.0
47916,186,187,4473.20320506
47917,186,188,32489.65335645
47918,186,189,26017.20007008
47919,186,190,18500.2830986
47920,186,191,23608.01651496
47921,186,192,29907.75088258
47922,186,193,22594.81088379
47923,186,194,20614.93946759
47924,186,195,27968.3557498
47925,186,196,34679.49675497
47926,186,197,17833.25583321
47927,186,198,31767.3078082
47928,186,199,32683.37279699
47929,186,200,39742.13142957
47930,186,201,34322.78083722
47931,186,202,45179.7740306
47932,186,203,41992.62480648
47933,186,204,37919.77744937
47934,186,205,33413.40128039
47935,186,206,34098.24953255
47936,186,207,49066.03352244
47937,186,208,32023.41112333
47938,186,209,26526.23148485
47939,186,210,27409.56189011
47940,186,211,28156.98509468
47941,186,212,41958.33638826
47942,186,213,47242.60752381
47943,186,214,18018.88280475
47944,186,215,13848.95723158
47945,186,216,21120.755164
47946,186,217,17445.19181924
47947,186,218,15685.1574803
47948,186,219,19710.6379729
47949,186,220,22768.43655917
47950,186,221,20209.13258907
47951,186,222,15613.53042863
47952,186,223,23900.93246518
47953,186,224,26484.9364491
47954,186,225,19519.60462508
47955,186,226,17266.21593531
47956,186,227,14488.35748446
47957,186,228,28173.31049333
47958,186,229,17864.64347348
47959,186,230,18534.5634879
47960,186,231,27784.0171566
47961,186,232,27787.08884644
47962,186,233,27799.16364479
47963,186,234,27913.62834848
47964,186,235,27819.06179068
47965,186,236,27854.71653715
47966,186,237,27851.73734781
47967,186,238,52385.63090914
47968,186,239,45762.84625991
47969,186,240,52012.57131143
47970,186,241,36034.59195393
47971,186,242,41806.18493758
47972,186,243,33614.59970313
47973,186,244,49645.5121553
47974,186,245,48601.70904265
47975,186,246,50717.69756409
47976,186,247,46019.6478176
47977,186,248,47690.38656659
47978,186,249,52422.31457827
47979,186,250,50962.06270906
47980,186,251,45348.73279739
47981,186,252,36882.21599262
47982,186,253,32335.13685044
47983,186,254,51295.75924824
47984,186,255,51595.79923064
47985,186,256,50186.77854662
47986,186,257,46357.26169887
47987,186,258,39772.22671581
47988,187,1,35984.65620664
47989,187,2,41933.6104472
47990,187,3,37032.34927557
47991,187,4,40494.86037373
47992,187,5,41636.25552054
47993,187,6,41294.53498293
47994,187,7,31606.76983028
47995,187,8,39041.12382468
47996,187,9,38187.40744362
47997,187,10,31966.20213446
47998,187,11,32305.33393542
47999,187,12,33698.2081964
48000,187,13,35006.94954119
48001,187,14,40722.99305965
48002,187,15,39969.72284915
48003,187,16,42186.32482458
48004,187,17,37124.70527747
48005,187,18,37451.64528223
48006,187,19,37730.6274987
48007,187,20,38955.1168569
48008,187,21,36995.39417244
48009,187,22,38464.01260461
48010,187,23,35851.59004764
48011,187,24,37016.50687187
48012,187,25,38449.05982904
48013,187,26,37009.22397813
48014,187,27,37124.8833315
48015,187,28,38385.32375882
48016,187,29,36194.4741828
48017,187,30,37798.73077188
48018,187,31,37448.74374746
48019,187,32,38256.68578894
48020,187,33,37281.42919752
48021,187,34,39067.68024529
48022,187,35,38084.84195234
48023,187,36,40068.28435575
48024,187,37,40993.75245159
48025,187,38,37244.22170039
48026,187,39,35681.60722293
48027,187,40,38258.40554053
48028,187,41,35886.58831796
48029,187,42,32279.56546751
48030,187,43,41195.39984785
48031,187,44,35060.47359848
48032,187,45,32689.51533661
48033,187,46,32480.49399338
48034,187,47,43889.06841859
48035,187,48,44385.50242962
48036,187,49,31829.45916098
48037,187,50,42438.71920173
48038,187,51,32074.63112257
48039,187,52,31276.92173486
48040,187,53,32971.22283356
48041,187,54,30462.63444084
48042,187,55,35068.70845893
48043,187,56,29248.58892333
48044,187,57,34915.50234252
48045,187,58,34232.2764708
48046,187,59,29879.06381249
48047,187,60,32408.63203257
48048,187,61,30251.76070519
48049,187,62,35239.64146081
48050,187,63,32730.58687646
48051,187,64,34274.52801193
48052,187,65,32305.61588084
48053,187,66,33833.49794198
48054,187,67,27233.94292338
48055,187,68,27794.24965314
48056,187,69,35842.30164711
48057,187,70,25717.81341666
48058,187,71,42663.6852176
48059,187,72,26613.97426106
48060,187,73,43038.27020497
48061,187,74,36681.67255206
48062,187,75,27483.6953676
48063,187,76,41598.68565803
48064,187,77,41075.18661836
48065,187,78,43335.69593928
48066,187,79,28737.51126953
48067,187,80,39510.13583109
48068,187,81,38936.4017398
48069,187,82,32248.70931027
48070,187,83,24791.29397289
48071,187,84,40557.52867048
48072,187,85,33524.91740937
48073,187,86,25406.06222222
48074,187,87,26384.82641281
48075,187,88,26223.03343733
48076,187,89,23558.92536852
48077,187,90,33107.20838092
48078,187,91,35863.33530541
48079,187,92,29898.5652821
48080,187,93,43954.5360208
48081,187,94,41406.98267038
48082,187,95,33761.58450383
48083,187,96,22959.35356281
48084,187,97,18632.89775886
48085,187,98,19917.02635085
48086,187,99,40475.04756117
48087,187,100,24317.98576137
48088,187,101,36910.29151678
48089,187,102,40849.18212941
48090,187,103,17616.88228991
48091,187,104,26695.75560043
48092,187,105,31276.99373342
48093,187,106,42905.38771951
48094,187,107,34821.51015115
48095,187,108,21373.87153487
48096,187,109,28076.43974226
48097,187,110,21613.93506524
48098,187,111,29806.83526346
48099,187,112,42953.92366694
48100,187,113,19631.73565996
48101,187,114,32465.36370959
48102,187,115,16478.67546557
48103,187,116,36809.07625319
48104,187,117,43624.59759584
48105,187,118,25427.5228267
48106,187,119,14446.4586525
48107,187,120,28388.77646424
48108,187,121,44114.60383402
48109,187,122,23955.09981525
48110,187,123,37631.43195101
48111,187,124,38980.69584484
48112,187,125,34539.86302827
48113,187,126,27211.73523944
48114,187,127,35756.38832042
48115,187,128,44667.17035806
48116,187,129,33812.04737884
48117,187,130,41618.2675882
48118,187,131,18507.50025959
48119,187,132,39822.25198271
48120,187,133,17646.59751152
48121,187,134,47705.68852451
48122,187,135,45079.47647693
48123,187,136,42424.56329841
48124,187,137,30859.80281623
48125,187,138,28821.35121956
48126,187,139,43936.08138064
48127,187,140,38509.65341878
48128,187,141,36812.82192703
48129,187,142,46415.83715157
48130,187,143,49232.03107615
48131,187,144,45372.1691426
48132,187,145,48889.27716939
48133,187,146,33251.35658121
48134,187,147,39288.6294869
48135,187,148,41242.24379067
48136,187,149,35577.00140389
48137,187,150,43728.47386991
48138,187,151,39966.58244408
48139,187,152,41290.25291413
48140,187,153,39582.18761858
48141,187,154,38045.94714221
48142,187,155,40933.75189105
48143,187,156,28992.51371205
48144,187,157,36696.61612165
48145,187,158,44387.30992919
48146,187,159,28034.29669456
48147,187,160,42309.70680718
48148,187,161,40901.53652629
48149,187,162,41047.23086199
48150,187,163,31270.24139246
48151,187,164,41168.84996673
48152,187,165,33992.10631392
48153,187,166,30450.36979262
48154,187,167,38928.03160137
48155,187,168,48803.38610975
48156,187,169,46261.50914938
48157,187,170,47647.7927987
48158,187,171,50090.15774188
48159,187,172,51009.34621494
48160,187,173,50991.81498009
48161,187,174,51460.66884074
48162,187,175,53892.75120306
48163,187,176,56052.78396197
48164,187,177,51760.96383278
48165,187,178,15469.36810283
48166,187,179,19217.03287855
48167,187,180,13565.4528362
48168,187,181,7413.61305894
48169,187,182,3261.0258441
48170,187,183,1298.219037
48171,187,184,10784.57498997
48172,187,185,17315.11918317
48173,187,186,4473.20320506
48174,187,187,0.0
48175,187,188,32790.65705448
48176,187,189,26092.99350916
48177,187,190,17936.18958267
48178,187,191,23480.66358413
48179,187,192,30244.85067125
48180,187,193,22369.76668134
48181,187,194,20228.01169397
48182,187,195,28214.19092219
48183,187,196,35141.30533855
48184,187,197,16895.86611579
48185,187,198,34999.66471124
48186,187,199,35635.12769503
48187,187,200,39332.16577538
48188,187,201,35775.6136518
48189,187,202,43859.14979822
48190,187,203,41051.70756597
48191,187,204,37885.57608664
48192,187,205,34200.82685575
48193,187,206,36080.28048414
48194,187,207,47671.30157445
48195,187,208,34638.99960977
48196,187,209,30942.86228823
48197,187,210,31635.23230678
48198,187,211,32630.16659214
48199,187,212,44490.87531804
48200,187,213,49289.63311327
48201,187,214,16571.07159305
48202,187,215,17050.33536185
48203,187,216,25318.40567134
48204,187,217,21249.36265831
48205,187,218,19425.64423382
48206,187,219,16339.75466656
48207,187,220,18932.56745426
48208,187,221,24101.04780453
48209,187,222,16739.61604973
48210,187,223,28136.49989277
48211,187,224,22351.79063366
48212,187,225,23597.90890823
48213,187,226,16864.96893126
48214,187,227,17077.54741487
48215,187,228,23940.61996755
48216,187,229,15674.00977987
48217,187,230,15728.99064748
48218,187,231,32044.4669772
48219,187,232,32030.41462735
48220,187,233,32077.45957323
48221,187,234,32092.49725201
48222,187,235,32038.66045715
48223,187,236,32152.02468869
48224,187,237,32046.49897748
48225,187,238,56858.61713491
48226,187,239,50166.5666087
48227,187,240,56475.20916853
48228,187,241,40405.8265765
48229,187,242,46200.1503431
48230,187,243,38015.64014291
48231,187,244,54080.84597809
48232,187,245,53039.71688507
48233,187,246,55151.05741342
48234,187,247,50443.06321618
48235,187,248,52125.68187888
48236,187,249,56889.72275703
48237,187,250,55435.26531078
48238,187,251,49731.05008699
48239,187,252,41277.68188666
48240,187,253,36758.51965569
48241,187,254,55737.36318539
48242,187,255,56048.80373887
48243,187,256,54659.10805249
48244,187,257,50792.8537914
48245,187,258,44172.0650002
48246,188,1,36557.57324949
48247,188,2,44020.85281347
48248,188,3,37155.01506465
48249,188,4,39966.39937205
48250,188,5,43192.00596351
48251,188,6,42074.20580502
48252,188,7,33505.2430828
48253,188,8,38480.16422845
48254,188,9,37957.64402857
48255,188,10,32186.09045828
48256,188,11,34197.1655905
48257,188,12,35223.44787563
48258,188,13,36228.36753291
48259,188,14,40794.13879341
48260,188,15,39019.45372193
48261,188,16,45180.77082364
48262,188,17,30705.08290467
48263,188,18,31723.96589883
48264,188,19,39336.54499222
48265,188,20,35495.53085937
48266,188,21,28362.19247718
48267,188,22,47468.04413628
48268,188,23,41345.75817219
48269,188,24,41000.48205876
48270,188,25,36869.3201353
48271,188,26,45068.2007367
48272,188,27,29479.82101307
48273,188,28,34264.85900211
48274,188,29,43905.93688519
48275,188,30,32714.8051608
48276,188,31,39934.38848483
48277,188,32,37401.29082848
48278,188,33,27055.81286571
48279,188,34,36573.1634062
48280,188,35,38780.78535232
48281,188,36,49729.58123878
48282,188,37,50565.95372251
48283,188,38,40390.40263815
48284,188,39,41861.06401124
48285,188,40,22644.05417764
48286,188,41,27510.8190917
48287,188,42,28886.68695817
48288,188,43,20793.62233761
48289,188,44,27118.188595
48290,188,45,30102.78637515
48291,188,46,27807.71277206
48292,188,47,18892.89484035
48293,188,48,18592.05654065
48294,188,49,31150.1371807
48295,188,50,20200.58174837
48296,188,51,33100.58154678
48297,188,52,33491.55824329
48298,188,53,39426.01869031
48299,188,54,32958.4345809
48300,188,55,51451.41589898
48301,188,56,30643.72201102
48302,188,57,45522.38267521
48303,188,58,43505.83242027
48304,188,59,32130.7209287
48305,188,60,35350.92599876
48306,188,61,29263.87200193
48307,188,62,47715.60520776
48308,188,63,37643.56838262
48309,188,64,52528.46251508
48310,188,65,36511.20215287
48311,188,66,41850.25927797
48312,188,67,39193.30277116
48313,188,68,38516.05732487
48314,188,69,62422.76694956
48315,188,70,41745.07505284
48316,188,71,71182.48360888
48317,188,72,49002.61912096
48318,188,73,72073.855632
48319,188,74,63700.01953633
48320,188,75,50936.70960051
48321,188,76,69624.75144629
48322,188,77,71129.45709031
48323,188,78,72945.55493186
48324,188,79,53129.97727042
48325,188,80,67413.1620738
48326,188,81,66411.84000463
48327,188,82,56885.47490272
48328,188,83,31875.15192338
48329,188,84,68553.67043087
48330,188,85,58970.12192953
48331,188,86,32961.41752292
48332,188,87,40414.86605693
48333,188,88,35021.82997832
48334,188,89,30601.10489382
48335,188,90,35650.79564879
48336,188,91,35605.66453574
48337,188,92,34407.57086084
48338,188,93,42563.88013965
48339,188,94,39903.15033497
48340,188,95,34615.14805345
48341,188,96,33514.65646086
48342,188,97,32592.50991418
48343,188,98,33046.95564555
48344,188,99,37971.44927264
48345,188,100,33294.5922136
48346,188,101,35951.50729982
48347,188,102,38614.58514905
48348,188,103,32789.0562122
48349,188,104,33034.32324168
48350,188,105,34894.97338093
48351,188,106,40949.88312405
48352,188,107,35224.31511614
48353,188,108,33617.76643983
48354,188,109,33862.55929321
48355,188,110,24021.91243019
48356,188,111,28243.55167833
48357,188,112,40208.00770213
48358,188,113,24444.36357725
48359,188,114,31538.46568838
48360,188,115,24811.26409214
48361,188,116,37791.24041182
48362,188,117,39295.14984362
48363,188,118,24663.9228621
48364,188,119,25157.09127621
48365,188,120,26304.87265332
48366,188,121,39196.29246213
48367,188,122,24404.81119582
48368,188,123,38199.81942955
48369,188,124,39478.73977979
48370,188,125,34435.88263441
48371,188,126,25677.09863178
48372,188,127,37442.51357221
48373,188,128,39120.81161338
48374,188,129,33471.84495656
48375,188,130,40956.66792125
48376,188,131,25299.86759066
48377,188,132,40347.75109789
48378,188,133,25421.00963364
48379,188,134,58046.45626721
48380,188,135,54151.86843577
48381,188,136,51657.26401579
48382,188,137,44233.5926887
48383,188,138,43578.91513522
48384,188,139,52998.9607411
48385,188,140,49298.21879084
48386,188,141,48931.84275887
48387,188,142,56974.80580046
48388,188,143,59121.34463688
48389,188,144,55398.41588983
48390,188,145,57893.26033605
48391,188,146,46070.5398232
48392,188,147,41208.2028751
48393,188,148,36057.18588575
48394,188,149,39396.15321769
48395,188,150,33609.47936029
48396,188,151,39641.84486202
48397,188,152,36707.10056832
48398,188,153,40778.40406533
48399,188,154,41216.13141715
48400,188,155,33274.12399344
48401,188,156,35865.26652692
48402,188,157,39892.8131206
48403,188,158,32961.75824021
48404,188,159,35530.88626234
48405,188,160,33430.96051238
48406,188,161,34317.00322084
48407,188,162,35017.62315083
48408,188,163,36988.42754687
48409,188,164,37230.60347051
48410,188,165,38320.71954851
48411,188,166,36363.21672942
48412,188,167,41483.97363305
48413,188,168,24752.8530388
48414,188,169,23125.49551831
48415,188,170,24266.33375092
48416,188,171,25486.8389739
48417,188,172,28131.27671531
48418,188,173,27509.78291399
48419,188,174,27025.15835307
48420,188,175,31460.09443299
48421,188,176,34047.29361243
48422,188,177,29262.32833698
48423,188,178,34952.7591403
48424,188,179,33923.85594084
48425,188,180,35155.49984895
48426,188,181,33073.08552036
48427,188,182,31950.25328365
48428,188,183,33467.36142935
48429,188,184,34087.74459287
48430,188,185,33801.67097305
48431,188,186,32489.65335645
48432,188,187,32790.65705448
48433,188,188,0.0
48434,188,189,6765.97708631
48435,188,190,15231.5315799
48436,188,191,9503.91033978
48437,188,192,2582.84599757
48438,188,193,10678.82951989
48439,188,194,12891.2782244
48440,188,195,4576.61433943
48441,188,196,2580.66662616
48442,188,197,16704.38463923
48443,188,198,23882.1445169
48444,188,199,21475.66740384
48445,188,200,8964.22215505
48446,188,201,9206.11981667
48447,188,202,18306.92153647
48448,188,203,13571.58204205
48449,188,204,5895.7230395
48450,188,205,3822.5206809
48451,188,206,13396.2497271
48452,188,207,21876.28441098
48453,188,208,18150.06604207
48454,188,209,38290.99741334
48455,188,210,34371.94943348
48456,188,211,43090.45204251
48457,188,212,71623.78151978
48458,188,213,77940.1698997
48459,188,214,18034.22884829
48460,188,215,23543.75721898
48461,188,216,31373.40197287
48462,188,217,26535.18883738
48463,188,218,26116.83128869
48464,188,219,26054.07382207
48465,188,220,29654.33790653
48466,188,221,27555.43909909
48467,188,222,17087.66753506
48468,188,223,32968.48275224
48469,188,224,33922.89080377
48470,188,225,29421.04648396
48471,188,226,16077.42460159
48472,188,227,20932.84524617
48473,188,228,36075.59837629
48474,188,229,20792.32495677
48475,188,230,23204.43108985
48476,188,231,35198.77808108
48477,188,232,34878.63591959
48478,188,233,35554.01745339
48479,188,234,33811.89399576
48480,188,235,34465.2771681
48481,188,236,35968.97569921
48482,188,237,34049.72129869
48483,188,238,61392.92958222
48484,188,239,51056.92081159
48485,188,240,59355.9444253
48486,188,241,42784.75656983
48487,188,242,47660.40627317
48488,188,243,42102.72668383
48489,188,244,55560.88280454
48490,188,245,54850.01372148
48491,188,246,56340.25741904
48492,188,247,52069.49068155
48493,188,248,53970.84968442
48494,188,249,60227.02760342
48495,188,250,60456.52701001
48496,188,251,49967.78977917
48497,188,252,44138.23743222
48498,188,253,42074.88702721
48499,188,254,57259.54549269
48500,188,255,58224.70470675
48501,188,256,60378.51612042
48502,188,257,52917.23911481
48503,188,258,46360.65430006
48504,189,1,34770.54742734
48505,189,2,42363.19370389
48506,189,3,35514.15658744
48507,189,4,38659.52533022
48508,189,5,41606.27975972
48509,189,6,40597.7930716
48510,189,7,31161.4476369
48511,189,8,37086.40386239
48512,189,9,36453.34947673
48513,189,10,30098.50668087
48514,189,11,31918.6613838
48515,189,12,33116.04757298
48516,189,13,34270.12870991
48517,189,14,39401.94283151
48518,189,15,37749.50094633
48519,189,16,43387.02589112
48520,189,17,30123.68450245
48521,189,18,31056.53779195
48522,189,19,37514.22563368
48523,189,20,34571.77517871
48524,189,21,28147.09165784
48525,189,22,44563.17517286
48526,189,23,38823.87912284
48527,189,24,38771.45448388
48528,189,25,35599.62298265
48529,189,26,42235.53827231
48530,189,27,29106.80783043
48531,189,28,33407.58643829
48532,189,29,41082.35207473
48533,189,30,31970.07758479
48534,189,31,37958.77351893
48535,189,32,36001.46735757
48536,189,33,27154.41384812
48537,189,34,35497.2464754
48538,189,35,37123.48627662
48539,189,36,46791.98129806
48540,189,37,47677.72413706
48541,189,38,38301.51124708
48542,189,39,39230.08825286
48543,189,40,23910.21752734
48544,189,41,27131.23058589
48545,189,42,27323.02023523
48546,189,43,23498.1080357
48547,189,44,26571.03423384
48548,189,45,28474.30853208
48549,189,46,26447.35979817
48550,189,47,23097.42310447
48551,189,48,23070.52789381
48552,189,49,29167.98363654
48553,189,50,23503.85607203
48554,189,51,30916.30336457
48555,189,52,31075.58939633
48556,189,53,36586.76421571
48557,189,54,30427.94806934
48558,189,55,47351.34909967
48559,189,56,28115.21949268
48560,189,57,42223.26026791
48561,189,58,40357.51640827
48562,189,59,29570.53728192
48563,189,60,32940.81222792
48564,189,61,27139.88140045
48565,189,62,44169.22930256
48566,189,63,34994.72867514
48567,189,64,48142.81806748
48568,189,65,33924.24334624
48569,189,66,38852.68747642
48570,189,67,35287.67473959
48571,189,68,34788.69926521
48572,189,69,56868.99899212
48573,189,70,37296.57950613
48574,189,71,65376.71577957
48575,189,72,43852.25802103
48576,189,73,66182.14640847
48577,189,74,58088.26861445
48578,189,75,45676.9241878
48579,189,76,63894.21606551
48580,189,77,65050.50945801
48581,189,78,66955.32550475
48582,189,79,47776.92260069
48583,189,80,61687.03927411
48584,189,81,60749.66100191
48585,189,82,51565.14229824
48586,189,83,28251.71260373
48587,189,84,62820.43120072
48588,189,85,53554.68829725
48589,189,86,29361.25200463
48590,189,87,36224.6559515
48591,189,88,31377.56794507
48592,189,89,26834.13250571
48593,189,90,33352.97564423
48594,189,91,33934.49271555
48595,189,92,31576.8801141
48596,189,93,41598.49777012
48597,189,94,38814.52701898
48598,189,95,32607.798829
48599,189,96,29396.52839383
48600,189,97,27786.05444316
48601,189,98,28426.42569657
48602,189,99,36993.39066707
48603,189,100,29450.73839854
48604,189,101,34469.43976285
48605,189,102,37615.1940841
48606,189,103,27808.55300448
48607,189,104,29687.89356193
48608,189,105,32298.90921933
48609,189,106,40025.69925233
48610,189,107,33370.91842335
48611,189,108,29207.32511882
48612,189,109,30712.52461444
48613,189,110,20182.52329659
48614,189,111,26132.35727196
48615,189,112,39424.19619109
48616,189,113,20117.85770884
48617,189,114,29656.61978785
48618,189,115,19789.75779983
48619,189,116,36002.38677864
48620,189,117,38831.24898698
48621,189,118,21776.5682778
48622,189,119,19741.07027825
48623,189,120,24048.74205789
48624,189,121,38867.56892695
48625,189,122,21148.1361537
48626,189,123,36531.93254948
48627,189,124,37910.89999137
48628,189,125,32632.87454882
48629,189,126,23175.03270441
48630,189,127,35472.303676
48631,189,128,38939.21200399
48632,189,129,31638.62399547
48633,189,130,39738.43634255
48634,189,131,20716.81156383
48635,189,132,38827.66594861
48636,189,133,20654.1825483
48637,189,134,55252.8012493
48638,189,135,51486.33321866
48639,189,136,48874.92682543
48640,189,137,40367.21648293
48641,189,138,39438.98773309
48642,189,139,50296.7586338
48643,189,140,46129.28483577
48644,189,141,45500.57294592
48645,189,142,54108.99681846
48646,189,143,56444.07700948
48647,189,144,52587.89886836
48648,189,145,55354.50217987
48649,189,146,42390.20228375
48650,189,147,39433.04050223
48651,189,148,35594.68063515
48652,189,149,37100.2476278
48653,189,150,34241.3064289
48654,189,151,38268.98526069
48655,189,152,36141.68046163
48656,189,153,39135.87863259
48657,189,154,39172.36581598
48658,189,155,33235.18308553
48659,189,156,32673.86239714
48660,189,157,37761.81379621
48661,189,158,33900.37143373
48662,189,159,32186.22469385
48663,189,160,33722.30424466
48664,189,161,34080.15971112
48665,189,162,34691.74489828
48666,189,163,34122.96227155
48667,189,164,36544.33261077
48668,189,165,35843.49768601
48669,189,166,33408.08123124
48670,189,167,39587.44017783
48671,189,168,28961.76127521
48672,189,169,26946.97496187
48673,189,170,28233.01615579
48674,189,171,29906.1762977
48675,189,172,32121.663497
48676,189,173,31660.3653643
48677,189,174,31452.85126599
48678,189,175,35447.22647831
48679,189,176,37999.49204839
48680,189,177,33184.44551805
48681,189,178,29540.95263978
48682,189,179,29129.54969084
48683,189,180,29487.34143081
48684,189,181,26824.16799268
48685,189,182,25398.10223912
48686,189,183,26738.25752816
48687,189,184,28143.84419396
48688,189,185,28718.48953794
48689,189,186,26017.20007008
48690,189,187,26092.99350916
48691,189,188,6765.97708631
48692,189,189,0.0
48693,189,190,8473.93566065
48694,189,191,2760.60468015
48695,189,192,4353.55406007
48696,189,193,3940.17174656
48697,189,194,6143.13635784
48698,189,195,2287.68291951
48699,189,196,9254.49787361
48700,189,197,9988.99654399
48701,189,198,23862.12641467
48702,189,199,22101.97378162
48703,189,200,13957.57146591
48704,189,201,13058.00691043
48705,189,202,21393.07734512
48706,189,203,17226.08308507
48707,189,204,11902.81184228
48708,189,205,9106.83471508
48709,189,206,16055.02444125
48710,189,207,25279.98113834
48711,189,208,19075.48511935
48712,189,209,35193.76613025
48713,189,210,31921.56805473
48714,189,211,39695.05660425
48715,189,212,66062.91480237
48716,189,213,72148.49240728
48717,189,214,11450.64469083
48718,189,215,18604.23188174
48719,189,216,27903.51436909
48720,189,217,22526.83956498
48721,189,218,21722.7822316
48722,189,219,19956.60369695
48723,189,220,23863.53066491
48724,189,221,24133.56720271
48725,189,222,11062.74436667
48726,189,223,29930.0684394
48727,189,224,28400.27662531
48728,189,225,25752.17805888
48729,189,226,9316.16258278
48730,189,227,15818.26112496
48731,189,228,30628.95600654
48732,189,229,14364.35791626
48733,189,230,16943.72436196
48734,189,231,32729.53374593
48735,189,232,32448.60507705
48736,189,233,33045.01171665
48737,189,234,31537.00765397
48738,189,235,32091.7141108
48739,189,236,33421.15465251
48740,189,237,31732.94094548
48741,189,238,59843.93229624
48742,189,239,49959.47974102
48743,189,240,58096.40531242
48744,189,241,40999.44563966
48745,189,242,46306.7472735
48746,189,243,39916.8860166
48747,189,244,54487.62667088
48748,189,245,53684.60228319
48749,189,246,55352.31799309
48750,189,247,50850.61815493
48751,189,248,52769.85954335
48752,189,249,58895.41886844
48753,189,250,58783.88006885
48754,189,251,48971.26355162
48755,189,252,42321.16219386
48756,189,253,39632.35176927
48757,189,254,56227.65483343
48758,189,255,57082.00839127
48759,189,256,58561.68314702
48760,189,257,51621.93855375
48761,189,258,44793.71251614
48762,190,1,34891.66845322
48763,190,2,42330.88469623
48764,190,3,35790.18467305
48765,190,4,39225.11285386
48766,190,5,41695.41095198
48767,190,6,40867.03954909
48768,190,7,30736.73974321
48769,190,8,37608.89567133
48770,190,9,36862.13503209
48771,190,10,30095.5047947
48772,190,11,31536.72816931
48773,190,12,32897.41922536
48774,190,13,34189.25256986
48775,190,14,39827.21086386
48776,190,15,38401.32936483
48777,190,16,43139.86202353
48778,190,17,32035.89177691
48779,190,18,32806.51360453
48780,190,19,37456.54961072
48781,190,20,35810.44758272
48782,190,21,30623.16459898
48783,190,22,42751.20201344
48784,190,23,37756.52947568
48785,190,24,38111.07819115
48786,190,25,36351.35323933
48787,190,26,40601.64705657
48788,190,27,31332.96203853
48789,190,28,34789.88869517
48790,190,29,39502.03124666
48791,190,30,33571.43992316
48792,190,31,37676.62477831
48793,190,32,36566.8751423
48794,190,33,30057.51819651
48795,190,34,36499.43978181
48796,190,35,37301.44055143
48797,190,36,44868.72092054
48798,190,37,45800.53591874
48799,190,38,37851.73549931
48800,190,39,37993.21047222
48801,190,40,28283.35301869
48802,190,41,29492.33388607
48803,190,42,28220.78834385
48804,190,43,29215.48393876
48805,190,44,28780.72946082
48806,190,45,29197.87806914
48807,190,46,27677.63754375
48808,190,47,30024.6832387
48809,190,48,30196.78355165
48810,190,49,29372.95104799
48811,190,50,29717.88941981
48812,190,51,30726.99613103
48813,190,52,30556.0670902
48814,190,53,35167.47584825
48815,190,54,29790.45439336
48816,190,55,43695.03101631
48817,190,56,27648.11946091
48818,190,57,39915.38344413
48819,190,58,38335.65340637
48820,190,59,28950.24062787
48821,190,60,32315.97453322
48822,190,61,27311.71163588
48823,190,62,41434.7406216
48824,190,63,33923.74304416
48825,190,64,44025.53880133
48826,190,65,32996.71512214
48827,190,66,37107.82641856
48828,190,67,32325.73886195
48829,190,68,32128.73565765
48830,190,69,50730.99664766
48831,190,70,33379.52309833
48832,190,71,58753.38275793
48833,190,72,38579.20675202
48834,190,73,59410.02229155
48835,190,74,51842.00834373
48836,190,75,40182.50127024
48837,190,76,57405.65704902
48838,190,77,57964.1501879
48839,190,78,60012.51402672
48840,190,79,42088.53089484
48841,190,80,55220.74531209
48842,190,81,54397.31047186
48843,190,82,45877.42798708
48844,190,83,26142.63415754
48845,190,84,56334.43317598
48846,190,85,47683.13336946
48847,190,86,27209.58954227
48848,190,87,32769.09325032
48849,190,88,29028.23057035
48850,190,89,24606.81284724
48851,190,90,32860.33559525
48852,190,91,34252.67521659
48853,190,92,30436.81648879
48854,190,93,42483.50613717
48855,190,94,39651.55304528
48856,190,95,32553.91006895
48857,190,96,26409.6070368
48858,190,97,23712.69923913
48859,190,98,24644.59288498
48860,190,99,38048.08792471
48861,190,100,26906.92014395
48862,190,101,35005.57453868
48863,190,102,38615.55379062
48864,190,103,23414.05103776
48865,190,104,27905.61396843
48866,190,105,31450.61006276
48867,190,106,41021.13704159
48868,190,107,33479.35004484
48869,190,108,25740.92781617
48870,190,109,29158.24755204
48871,190,110,18563.20049379
48872,190,111,26408.91843283
48873,190,112,40618.07561099
48874,190,113,17662.2086879
48875,190,114,29960.6629814
48876,190,115,16045.98582612
48877,190,116,36059.42126672
48878,190,117,40441.05292391
48879,190,118,21427.8874399
48880,190,119,15161.98823207
48881,190,120,24330.64772866
48882,190,121,40639.14359904
48883,190,122,20327.09032451
48884,190,123,36723.34495714
48885,190,124,38170.85832146
48886,190,125,32850.5205891
48887,190,126,23211.18052981
48888,190,127,35313.38185597
48889,190,128,40883.99833574
48890,190,129,31876.17713816
48891,190,130,40373.48296405
48892,190,131,17708.20861553
48893,190,132,39110.75496718
48894,190,133,17304.01790962
48895,190,134,53334.51743169
48896,190,135,49827.16093367
48897,190,136,47115.89400109
48898,190,137,37267.75651631
48899,190,138,35943.72460641
48900,190,139,48614.61917679
48901,190,140,43892.64473915
48902,190,141,42898.56426934
48903,190,142,52112.86094111
48904,190,143,54664.37360819
48905,190,144,50701.56969712
48906,190,145,53787.34019968
48907,190,146,39508.67851861
48908,190,147,39356.30983871
48909,190,148,37347.11790161
48910,190,149,36420.90383816
48911,190,150,37323.53951374
48912,190,151,38766.28376346
48913,190,152,37744.09548889
48914,190,153,39246.17419673
48915,190,154,38747.11706006
48916,190,155,35605.50893955
48917,190,156,30939.39662643
48918,190,157,37278.34722521
48919,190,158,37335.08892782
48920,190,159,30249.62379159
48921,190,160,36447.02330325
48922,190,161,36175.60801724
48923,190,162,36651.24077208
48924,190,163,32787.19992492
48925,190,164,37980.82374834
48926,190,165,34971.8525582
48927,190,166,31980.72791141
48928,190,167,39343.02941946
48929,190,168,35691.73097778
48930,190,169,33427.77318189
48931,190,170,34787.82646993
48932,190,171,36780.94304449
48933,190,172,38582.37863683
48934,190,173,38269.21887316
48935,190,174,38297.29464498
48936,190,175,41824.42954313
48937,190,176,44291.20043847
48938,190,177,39558.57699292
48939,190,178,24233.87409498
48940,190,179,24995.67489124
48941,190,180,23674.52794407
48942,190,181,19842.24943496
48943,190,182,17678.97725238
48944,190,183,18471.76628738
48945,190,184,21807.20629702
48946,190,185,24079.304913
48947,190,186,18500.2830986
48948,190,187,17936.18958267
48949,190,188,15231.5315799
48950,190,189,8473.93566065
48951,190,190,0.0
48952,190,191,5728.22544243
48953,190,192,12812.1033842
48954,190,193,4558.09432211
48955,190,194,2347.30325891
48956,190,195,10734.49187514
48957,190,196,17727.58002892
48958,190,197,1733.84079974
48959,190,198,26906.04136798
48960,190,199,25997.04418385
48961,190,200,21412.72320361
48962,190,201,20409.57525581
48963,190,202,26834.81009216
48964,190,203,23496.96177591
48965,190,204,20000.45158944
48966,190,205,17355.60982659
48967,190,206,22350.14440235
48968,190,207,30754.97100684
48969,190,208,23588.85169916
48970,190,209,33465.9300022
48971,190,210,31300.92384818
48972,190,211,37333.47214423
48973,190,212,59839.80507918
48974,190,213,65513.04600665
48975,190,214,3716.78202816
48976,190,215,15199.88943812
48977,190,216,26060.77109974
48978,190,217,20318.66755585
48979,190,218,18935.72841896
48980,190,219,12866.42811624
48981,190,220,17195.44504185
48982,190,221,22702.4734637
48983,190,222,6817.77643949
48984,190,223,28593.40297064
48985,190,224,22028.32838837
48986,190,225,23774.70746244
48987,190,226,1329.23976126
48988,190,227,12558.14797066
48989,190,228,24307.98442287
48990,190,229,6845.47599622
48991,190,230,9670.41460044
48992,190,231,32034.3676124
48993,190,232,31824.70075013
48994,190,233,32275.96591144
48995,190,234,31183.69675917
48996,190,235,31567.76030592
48997,190,236,32576.36602959
48998,190,237,31309.61786674
48999,190,238,59516.66412032
49000,190,239,50424.62076564
49001,190,240,58176.07846393
49002,190,241,40848.19491735
49003,190,242,46543.29214047
49004,190,243,39269.03902388
49005,190,244,54878.20268151
49006,190,245,53974.96929602
49007,190,246,55833.14019351
49008,190,247,51138.36807611
49009,190,248,53035.16478925
49010,190,249,58867.36253976
49011,190,250,58313.97605434
49012,190,251,49590.04347245
49013,190,252,42079.69635855
49014,190,253,38642.76206336
49015,190,254,56634.82458953
49016,190,255,57330.98633367
49017,190,256,57905.92598412
49018,190,257,51792.83292781
49019,190,258,44799.36347707
49020,191,1,34818.3619709
49021,191,2,42401.68074221
49022,191,3,35617.61816802
49023,191,4,38876.15565646
49024,191,5,41681.08285718
49025,191,6,40726.86160951
49026,191,7,31003.73842949
49027,191,8,37280.2825752
49028,191,9,36606.16323004
49029,191,10,30069.97641749
49030,191,11,31781.06914932
49031,191,12,33040.99589371
49032,191,13,34248.34004473
49033,191,14,39576.30060025
49034,191,15,37989.6300218
49035,191,16,43359.74985863
49036,191,17,30731.95479202
49037,191,18,31617.6689222
49038,191,19,37520.15255746
49039,191,20,34986.99571288
49040,191,21,28929.20239029
49041,191,22,44032.03685291
49042,191,23,38507.78573347
49043,191,24,38587.46762319
49044,191,25,35860.23041866
49045,191,26,41752.31505155
49046,191,27,29812.49469701
49047,191,28,33862.88783886
49048,191,29,40611.21264248
49049,191,30,32488.30872313
49050,191,31,37893.77149978
49051,191,32,36203.11176798
49052,191,33,28073.12741614
49053,191,34,35839.93327339
49054,191,35,37204.40373005
49055,191,36,46233.17170256
49056,191,37,47136.9408462
49057,191,38,38183.65680593
49058,191,39,38861.10066141
49059,191,40,25307.77385268
49060,191,41,27865.20993278
49061,191,42,27566.20902309
49062,191,43,25364.14567579
49063,191,44,27248.20511869
49064,191,45,28670.96772552
49065,191,46,26792.55165642
49066,191,47,25384.24912358
49067,191,48,25425.85021292
49068,191,49,29199.50126531
49069,191,50,25544.12929837
49070,191,51,30833.63393289
49071,191,52,30886.17781979
49072,191,53,36143.94211242
49073,191,54,30194.49401772
49074,191,55,46234.84220081
49075,191,56,27915.56747796
49076,191,57,41522.18176536
49077,191,58,39740.19580758
49078,191,59,29334.98746805
49079,191,60,32731.71938033
49080,191,61,27140.05720915
49081,191,62,43338.5869742
49082,191,63,34654.83561049
49083,191,64,46880.18243768
49084,191,65,33623.69274472
49085,191,66,38317.26000041
49086,191,67,34341.28370508
49087,191,68,33935.62501912
49088,191,69,54967.54194637
49089,191,70,36057.38303117
49090,191,71,63322.58599776
49091,191,72,42206.10941969
49092,191,73,64078.46216334
49093,191,74,56152.60902128
49094,191,75,43964.55906502
49095,191,76,61884.03270747
49096,191,77,62839.24199126
49097,191,78,64794.26915896
49098,191,79,46006.85669342
49099,191,80,59682.22020622
49100,191,81,58781.83453693
49101,191,82,49802.81872306
49102,191,83,27522.44935569
49103,191,84,60810.1175038
49104,191,85,51735.84599622
49105,191,86,28629.04277581
49106,191,87,35126.48934598
49107,191,88,30599.48682054
49108,191,89,26052.2143505
49109,191,90,33190.04262092
49110,191,91,34041.4633676
49111,191,92,31189.64792854
49112,191,93,41934.31709155
49113,191,94,39121.25628304
49114,191,95,32582.98298309
49115,191,96,28399.20795636
49116,191,97,26434.32639487
49117,191,98,27171.02156537
49118,191,99,37362.1444707
49119,191,100,28594.33395022
49120,191,101,34651.78109312
49121,191,102,37969.43323789
49122,191,103,26357.77310296
49123,191,104,29077.07160981
49124,191,105,32012.16079028
49125,191,106,40390.58938095
49126,191,107,33404.98345767
49127,191,108,28057.40110197
49128,191,109,30184.14684504
49129,191,110,19494.05272203
49130,191,111,26155.87601606
49131,191,112,39851.57630219
49132,191,113,19163.05650517
49133,191,114,29725.31944827
49134,191,115,18432.40950706
49135,191,116,36036.99203636
49136,191,117,39393.11169229
49137,191,118,21531.529659
49138,191,119,18134.286117
49139,191,120,24047.6293093
49140,191,121,39483.14477439
49141,191,122,20736.82794984
49142,191,123,36613.81230946
49143,191,124,38023.14526949
49144,191,125,32697.46593682
49145,191,126,23079.75729202
49146,191,127,35432.84766199
49147,191,128,39612.50231988
49148,191,129,31702.13526097
49149,191,130,39983.37468795
49150,191,131,19601.60515159
49151,191,132,38952.41524065
49152,191,133,19432.7545281
49153,191,134,54721.07129675
49154,191,135,51028.42078571
49155,191,136,48376.4699304
49156,191,137,39403.40448558
49157,191,138,38344.31533478
49158,191,139,49827.78589082
49159,191,140,45466.67617207
49160,191,141,44717.64781637
49161,191,142,53549.01785915
49162,191,143,55960.34915431
49163,191,144,52059.41897952
49164,191,145,54937.13516139
49165,191,146,41505.11704697
49166,191,147,39443.05659054
49167,191,148,36186.61886127
49168,191,149,36900.76162847
49169,191,150,35269.82328827
49170,191,151,38461.10691227
49171,191,152,36686.93043119
49172,191,153,39205.58946166
49173,191,154,39067.16105243
49174,191,155,34019.04839657
49175,191,156,32103.08551966
49176,191,157,37629.97713359
49177,191,158,35045.51209569
49178,191,159,31546.71777133
49179,191,160,34627.91290735
49180,191,161,34777.34350392
49181,191,162,35347.2831701
49182,191,163,33691.36481421
49183,191,164,37036.8448345
49184,191,165,35573.82071453
49185,191,166,32941.81506989
49186,191,167,39543.42496029
49187,191,168,31200.9518652
49188,191,169,29095.06655833
49189,191,170,30410.81330342
49190,191,171,32196.38059064
49191,191,172,34279.42210282
49192,191,173,33866.35067828
49193,191,174,33736.67464557
49194,191,175,37585.57460873
49195,191,176,40115.30731333
49196,191,177,35316.15476665
49197,191,178,27822.52339226
49198,191,179,27770.54440602
49199,191,180,27613.42753976
49200,191,181,24580.74169074
49201,191,182,22924.81075462
49202,191,183,24088.1328716
49203,191,184,26102.55617248
49204,191,185,27199.74682926
49205,191,186,23608.01651496
49206,191,187,23480.66358413
49207,191,188,9503.91033978
49208,191,189,2760.60468015
49209,191,190,5728.22544243
49210,191,191,0.0
49211,191,192,7113.88268993
49212,191,193,1179.63933717
49213,191,194,3388.03159056
49214,191,195,5043.41408705
49215,191,196,12010.50958884
49216,191,197,7228.46736265
49217,191,198,24796.59724177
49218,191,199,23313.52126462
49219,191,200,16151.62570132
49220,191,201,15442.69735079
49221,191,202,22772.69356316
49222,191,203,18911.2265339
49223,191,204,14412.18241628
49224,191,205,11808.93791397
49225,191,206,18068.04290774
49226,191,207,26702.41921863
49227,191,208,20470.00216295
49228,191,209,34642.60069125
49229,191,210,31706.0282691
49230,191,211,38965.03221761
49231,191,212,64143.39442002
49232,191,213,70095.22783628
49233,191,214,8726.09178484
49234,191,215,17324.29066028
49235,191,216,27255.95272774
49236,191,217,21693.48603327
49237,191,218,20694.22463004
49238,191,219,17405.5184131
49239,191,220,21426.0905378
49240,191,221,23572.73253645
49241,191,222,9234.07296501
49242,191,223,29465.09138702
49243,191,224,26055.21801669
49244,191,225,25037.33160593
49245,191,226,6634.21165397
49246,191,227,14504.72369084
49247,191,228,28305.83761699
49248,191,229,11695.00399829
49249,191,230,14336.09378797
49250,191,231,32495.93444208
49251,191,232,32236.10523169
49252,191,233,32789.69863841
49253,191,234,31405.72939671
49254,191,235,31909.06970997
49255,191,236,33143.93513765
49256,191,237,31580.33862201
49257,191,238,59840.92838406
49258,191,239,50188.9441022
49259,191,240,58222.07447174
49260,191,241,40992.80840702
49261,191,242,46449.05721542
49262,191,243,39742.9113611
49263,191,244,54705.76405816
49264,191,245,53867.86692349
49265,191,246,55602.1651971
49266,191,247,51024.86218576
49267,191,248,52942.40121724
49268,191,249,58987.80768598
49269,191,250,58732.00613095
49270,191,251,49247.82496148
49271,191,252,42291.12143795
49272,191,253,39345.73086351
49273,191,254,56455.66189642
49274,191,255,57260.48747264
49275,191,256,58448.7499706
49276,191,257,51760.33264683
49277,191,258,44854.77104301
49278,192,1,35060.55677869
49279,192,2,42588.71843679
49280,192,3,35707.57566482
49281,192,4,38638.90217445
49282,192,5,41781.33362579
49283,192,6,40696.5637943
49284,192,7,31821.13545957
49285,192,8,37118.76524886
49286,192,9,36557.83922839
49287,192,10,30575.58750092
49288,192,11,32535.95218517
49289,192,12,33619.50609419
49290,192,13,34675.31619834
49291,192,14,39440.7204262
49292,192,15,37701.23757264
49293,192,16,43707.10665074
49294,192,17,29586.69390627
49295,192,18,30581.05409535
49296,192,19,37837.60480768
49297,192,20,34281.61188032
49298,192,21,27359.43492569
49299,192,22,45653.08641597
49300,192,23,39632.8617617
49301,192,24,39377.23686532
49302,192,25,35543.55160642
49303,192,26,43270.07118317
49304,192,27,28427.77074535
49305,192,28,33068.49488468
49306,192,29,42108.03182346
49307,192,30,31550.06267007
49308,192,31,38388.12976197
49309,192,32,36034.07960909
49310,192,33,26157.90055202
49311,192,34,35311.63114113
49312,192,35,37333.58333175
49313,192,36,47908.85605618
49314,192,37,48761.33992254
49315,192,38,38809.51700883
49316,192,39,40116.29066693
49317,192,40,22155.70121688
49318,192,41,26443.48568442
49319,192,42,27425.75841864
49320,192,43,20893.38285343
49321,192,44,25988.91567344
49322,192,45,28627.87728776
49323,192,46,26406.50009172
49324,192,47,19685.316316
49325,192,48,19522.4364042
49326,192,49,29567.75792973
49327,192,50,20567.33882106
49328,192,51,31464.01147893
49329,192,52,31785.33225723
49330,192,53,37612.4708803
49331,192,54,31215.31910895
49332,192,55,49306.62243167
49333,192,56,28890.85340151
49334,192,57,43588.73329072
49335,192,58,41611.5766988
49336,192,59,30375.16325267
49337,192,60,33653.66957594
49338,192,61,27627.18940792
49339,192,62,45715.83760364
49340,192,63,35881.65021661
49341,192,64,50311.36207306
49342,192,65,34764.27640977
49343,192,66,39996.21598527
49344,192,67,37080.30873195
49345,192,68,36448.93510808
49346,192,69,59949.79509066
49347,192,70,39499.08899711
49348,192,71,68667.04136093
49349,192,72,46603.96096847
49350,192,73,69544.86027396
49351,192,74,61216.67919085
49352,192,75,48516.52146637
49353,192,76,67121.71118034
49354,192,77,68574.21463457
49355,192,78,70402.20430003
49356,192,79,50692.13033212
49357,192,80,64910.4077159
49358,192,81,63920.09719054
49359,192,82,54456.17173036
49360,192,83,29816.68012169
49361,192,84,66049.93777362
49362,192,85,56522.60941519
49363,192,86,30912.9235249
49364,192,87,38230.82494389
49365,192,88,32967.91235058
49366,192,89,28500.14222903
49367,192,90,33989.157433
49368,192,91,34142.53680771
49369,192,92,32580.77210672
49370,192,93,41360.02233166
49371,192,94,38649.09266623
49372,192,95,33040.32981836
49373,192,96,31333.29949606
49374,192,97,30247.02210452
49375,192,98,30744.00300478
49376,192,99,36748.49575497
49377,192,100,31182.67645554
49378,192,101,34551.63160302
49379,192,102,37386.61463436
49380,192,103,30406.7670963
49381,192,104,31055.33280988
49382,192,105,33139.66489805
49383,192,106,39755.36793759
49384,192,107,33700.90215017
49385,192,108,31365.20039527
49386,192,109,31941.58246827
49387,192,110,21871.41704719
49388,192,111,26604.91785314
49389,192,112,39059.62606504
49390,192,113,22179.76921146
49391,192,114,29989.7568964
49392,192,115,22400.8041286
49393,192,116,36298.01404608
49394,192,117,38255.85757017
49395,192,118,22771.33550091
49396,192,119,22676.43560405
49397,192,120,24609.29202038
49398,192,121,38204.72960261
49399,192,122,22408.14754714
49400,192,123,36747.22135178
49401,192,124,38063.10084545
49402,192,125,32925.44741522
49403,192,126,23903.3284554
49404,192,127,35889.96782947
49405,192,128,38181.77266111
49406,192,129,31947.61762006
49407,192,130,39662.04484765
49408,192,131,22981.67248673
49409,192,132,38950.56659328
49410,192,133,23063.96638352
49411,192,134,56281.03630906
49412,192,135,52420.19314888
49413,192,136,49886.25096201
49414,192,137,42140.60667283
49415,192,138,41413.10155205
49416,192,139,51254.35970587
49417,192,140,47408.68669825
49418,192,141,46966.37154482
49419,192,142,55186.19963264
49420,192,143,57392.77283949
49421,192,144,53624.41249762
49422,192,145,56205.82513222
49423,192,146,44031.01863846
49424,192,147,39730.15078552
49425,192,148,35006.28636229
49426,192,149,37747.44980785
49427,192,150,32948.98198873
49428,192,151,38291.26194849
49429,192,152,35622.50399593
49430,192,153,39342.28997719
49431,192,154,39651.90257709
49432,192,155,32362.81340441
49433,192,156,33939.15156419
49434,192,157,38297.17728016
49435,192,158,32415.75649368
49436,192,159,33560.59503444
49437,192,160,32641.78787811
49438,192,161,33339.05759231
49439,192,162,34010.90830751
49440,192,163,35160.04810449
49441,192,164,36105.71099535
49442,192,165,36612.90084899
49443,192,166,34506.62925744
49444,192,167,39967.53476961
49445,192,168,25584.58785843
49446,192,169,23759.73979159
49447,192,170,24977.26112203
49448,192,171,26426.55257432
49449,192,172,28872.10551899
49450,192,173,28325.37928109
49451,192,174,27975.35145594
49452,192,175,32211.79016616
49453,192,176,34790.5395759
49454,192,177,29975.14264346
49455,192,178,32489.05919151
49456,192,179,31583.77852647
49457,192,180,32648.04258178
49458,192,181,30495.73690991
49459,192,182,29373.41269359
49460,192,183,30938.17914979
49461,192,184,31540.05870683
49462,192,185,31399.98373138
49463,192,186,29907.75088258
49464,192,187,30244.85067125
49465,192,188,2582.84599757
49466,192,189,4353.55406007
49467,192,190,12812.1033842
49468,192,191,7113.88268993
49469,192,192,0.0
49470,192,193,8293.22359837
49471,192,194,10491.31822933
49472,192,195,2077.71081901
49473,192,196,4929.71520948
49474,192,197,14342.33999274
49475,192,198,22914.56500156
49476,192,199,20724.44677867
49477,192,200,11092.8942221
49478,192,201,9653.54564162
49479,192,202,19888.75991467
49480,192,203,15294.89791468
49481,192,204,8329.74361593
49482,192,205,4945.3511773
49483,192,206,13363.87049836
49484,192,207,23599.98154952
49485,192,208,17470.27810068
49486,192,209,36398.92485785
49487,192,210,32658.73555239
49488,192,211,41124.74717181
49489,192,212,69152.03137988
49490,192,213,75428.18530507
49491,192,214,15780.3598692
49492,192,215,21144.7269598
49493,192,216,29354.42389769
49494,192,217,24356.16749703
49495,192,218,23844.28110418
49496,192,219,24096.57286679
49497,192,220,27859.81369146
49498,192,221,25532.64428173
49499,192,222,14515.25013928
49500,192,223,31076.07474183
49501,192,224,32267.00619562
49502,192,225,27341.11851355
49503,192,226,13598.49619485
49504,192,227,18490.54978796
49505,192,228,34459.9094566
49506,192,229,18641.55347571
49507,192,230,21153.62611619
49508,192,231,33482.9286995
49509,192,232,33173.54708741
49510,192,233,33827.37297686
49511,192,234,32150.24468602
49512,192,235,32775.87793499
49513,192,236,34232.03120619
49514,192,237,32376.12141369
49515,192,238,60028.45623733
49516,192,239,49828.03019095
49517,192,240,58085.88987353
49518,192,241,41307.78476583
49519,192,242,46337.71534022
49520,192,243,40496.00615481
49521,192,244,54348.40798674
49522,192,245,53604.88630895
49523,192,246,55158.35419763
49524,192,247,50801.24484498
49525,192,248,52712.11422502
49526,192,249,58933.83650344
49527,192,250,59049.82146779
49528,192,251,48771.25529083
49529,192,252,42654.4620459
49530,192,253,40388.21257398
49531,192,254,56063.99760565
49532,192,255,56992.71207786
49533,192,256,58924.33684358
49534,192,257,51624.71478282
49535,192,258,44964.0408998
49536,193,1,34889.87256818
49537,193,2,42457.30416727
49538,193,3,35711.32759475
49539,193,4,39012.49682668
49540,193,5,41753.13514809
49541,193,6,40823.31825392
49542,193,7,30995.5368926
49543,193,8,37409.50748649
49544,193,9,36719.09681077
49545,193,10,30119.43197624
49546,193,11,31779.67398749
49547,193,12,33063.61884559
49548,193,13,34291.26231034
49549,193,14,39693.65478818
49550,193,15,38137.30950808
49551,193,16,43386.08255831
49552,193,17,31048.22101153
49553,193,18,31912.30096241
49554,193,19,37569.00144141
49555,193,20,35213.72367714
49556,193,21,29321.78601402
49557,193,22,43840.6937309
49558,193,23,38416.86239279
49559,193,24,38553.2831258
49560,193,25,36020.16141338
49561,193,26,41584.53286206
49562,193,27,30171.35139138
49563,193,28,34108.58339708
49564,193,29,40450.19069263
49565,193,30,32763.15031978
49566,193,31,37911.69696354
49567,193,32,36337.46628266
49568,193,33,28523.95495398
49569,193,34,36034.57266097
49570,193,35,37285.74787371
49571,193,36,46027.40705626
49572,193,37,46938.05405474
49573,193,38,38178.48323448
49574,193,39,38746.80075386
49575,193,40,25958.81617663
49576,193,41,28240.73549732
49577,193,42,27737.97455087
49578,193,43,26198.95431961
49579,193,44,27602.0205236
49580,193,45,28819.88485252
49581,193,46,27009.59311357
49582,193,47,26380.98702648
49583,193,48,26448.68494673
49584,193,49,29276.87137443
49585,193,50,26446.05125659
49586,193,51,30858.02441102
49587,193,52,30864.63604487
49588,193,53,36002.11198956
49589,193,54,30155.71018863
49590,193,55,45785.67430473
49591,193,56,27897.60139514
49592,193,57,41260.03155366
49593,193,58,39516.91712658
49594,193,59,29297.54542803
49595,193,60,32697.48269789
49596,193,61,27210.08777286
49597,193,62,43017.69446981
49598,193,63,34560.27950396
49599,193,64,46366.12355597
49600,193,65,33548.16704015
49601,193,66,38131.68501521
49602,193,67,33982.29178715
49603,193,68,33618.53344002
49604,193,69,54165.9765959
49605,193,70,35565.73561928
49606,193,71,62450.78180951
49607,193,72,41525.85302118
49608,193,73,63184.62361697
49609,193,74,55335.42353051
49610,193,75,43253.29640052
49611,193,76,61032.00587765
49612,193,77,61898.23429499
49613,193,78,63874.98368388
49614,193,79,45268.39219477
49615,193,80,58833.22165462
49616,193,81,57949.47817191
49617,193,82,49065.48769985
49618,193,83,27274.82095126
49619,193,84,59958.34780326
49620,193,85,50972.38742707
49621,193,86,28377.03433141
49622,193,87,34698.96634873
49623,193,88,30322.35303494
49624,193,89,25785.78058896
49625,193,90,33174.67074337
49626,193,91,34139.67082306
49627,193,92,31081.96188399
49628,193,93,42116.83550788
49629,193,94,39295.38140282
49630,193,95,32628.07506472
49631,193,96,28030.24330887
49632,193,97,25910.79632634
49633,193,98,26689.28791268
49634,193,99,37565.19957025
49635,193,100,28287.5237492
49636,193,101,34780.79681707
49637,193,102,38165.39405467
49638,193,103,25789.24799393
49639,193,104,28877.22009656
49640,193,105,31946.04633056
49641,193,106,40587.46430268
49642,193,107,33473.45022806
49643,193,108,27620.97505581
49644,193,109,30017.50883879
49645,193,110,19297.57560474
49646,193,111,26239.06496125
49647,193,112,40075.56941994
49648,193,113,18848.65613941
49649,193,114,29817.11558041
49650,193,115,17936.45167178
49651,193,116,36100.62066038
49652,193,117,39674.3024055
49653,193,118,21518.56563472
49654,193,119,17521.93078342
49655,193,120,24128.08138826
49656,193,121,39786.72522198
49657,193,122,20655.70556043
49658,193,123,36696.5700423
49659,193,124,38116.48295098
49660,193,125,32780.43734743
49661,193,126,23124.01637432
49662,193,127,35465.95430943
49663,193,128,39940.05705838
49664,193,129,31786.86967074
49665,193,130,40130.08020252
49666,193,131,19211.58481587
49667,193,132,39049.62069943
49668,193,133,18994.72203599
49669,193,134,54519.49119779
49670,193,135,50861.70929839
49671,193,136,48194.67365605
49672,193,137,39028.96469313
49673,193,138,37913.58300829
49674,193,139,49657.36937059
49675,193,140,45216.67396132
49676,193,141,44416.06251574
49677,193,142,53336.12502026
49678,193,143,55778.58228345
49679,193,144,51861.34461539
49680,193,145,54784.74175442
49681,193,146,41162.56077689
49682,193,147,39490.63568149
49683,193,148,36485.35510833
49684,193,149,36862.6621366
49685,193,150,35751.22346373
49686,193,151,38587.69033951
49687,193,152,36965.28985736
49688,193,153,39278.98240528
49689,193,154,39066.03322357
49690,193,155,34401.50354705
49691,193,156,31913.48254784
49692,193,157,37619.70343395
49693,193,158,35575.16411118
49694,193,159,31328.29660859
49695,193,160,35059.68265155
49696,193,161,35122.42501972
49697,193,162,35674.01318995
49698,193,163,33558.99440812
49699,193,164,37292.5091467
49700,193,165,35507.84949619
49701,193,166,32795.93206768
49702,193,167,39567.77074355
49703,193,168,32173.89396082
49704,193,169,30034.29696516
49705,193,170,31360.37079575
49706,193,171,33188.62024532
49707,193,172,35217.89086225
49708,193,173,34824.22177978
49709,193,174,34725.40030842
49710,193,175,38514.02882205
49711,193,176,41033.17980437
49712,193,177,36243.51245709
49713,193,178,27127.88995346
49714,193,179,27240.39455609
49715,193,180,26847.28306843
49716,193,181,23645.70503515
49717,193,182,21881.36173975
49718,193,183,22958.91766103
49719,193,184,25260.8203708
49720,193,185,26598.11962873
49721,193,186,22594.81088379
49722,193,187,22369.76668134
49723,193,188,10678.82951989
49724,193,189,3940.17174656
49725,193,190,4558.09432211
49726,193,191,1179.63933717
49727,193,192,8293.22359837
49728,193,193,0.0
49729,193,194,2213.05263165
49730,193,195,6221.69941863
49731,193,196,13189.39735628
49732,193,197,6049.16662988
49733,193,198,25263.29618792
49734,193,199,23896.4968121
49735,193,200,17147.38841587
49736,193,201,16490.65244777
49737,193,202,23449.38290464
49738,193,203,19716.66872494
49739,193,204,15515.91516481
49740,193,205,12968.44870008
49741,193,206,18975.99869742
49742,193,207,27385.2950049
49743,193,208,21135.29043634
49744,193,209,34456.41395499
49745,193,210,31671.30553332
49746,193,211,38693.70841774
49747,193,212,63330.66373976
49748,193,213,69222.20881379
49749,193,214,7573.26195324
49750,193,215,16871.12546476
49751,193,216,27045.09950868
49752,193,217,21420.85835262
49753,193,218,20338.25633585
49754,193,219,16343.09453328
49755,193,220,20417.86130116
49756,193,221,23412.86256116
49757,193,222,8591.97761209
49758,193,223,29327.91886948
49759,193,224,25087.9707171
49760,193,225,24804.0047668
49761,193,226,5506.76499421
49762,193,227,14057.09615708
49763,193,228,27347.12232592
49764,193,229,10573.64859109
49765,193,230,13246.87705776
49766,193,231,32451.66142113
49767,193,232,32201.49012879
49768,193,233,32735.43252051
49769,193,234,31407.91570374
49770,193,235,31888.03242001
49771,193,236,33079.47028614
49772,193,237,31572.96444222
49773,193,238,59862.87813454
49774,193,239,50317.39739604
49775,193,240,58300.01032725
49776,193,241,41031.05167929
49777,193,242,46544.1539217
49778,193,243,39711.27997175
49779,193,244,54825.61523667
49780,193,245,53973.54016573
49781,193,246,55734.81832009
49782,193,247,51129.08558574
49783,193,248,53044.26084101
49784,193,249,59051.03869964
49785,193,250,58733.7988657
49786,193,251,49397.14957941
49787,193,252,42317.62586604
49788,193,253,39266.23880354
49789,193,254,56578.40496039
49790,193,255,57361.58404483
49791,193,256,58424.60578837
49792,193,257,51848.65287381
49793,193,258,44917.02923384
49794,194,1,34888.0674396
49795,194,2,42406.49736072
49796,194,3,35748.7231836
49797,194,4,39121.12341282
49798,194,5,41734.6640592
49799,194,6,40852.73231888
49800,194,7,30857.69953245
49801,194,8,37508.85827221
49802,194,9,36789.71812593
49803,194,10,30093.28620875
49804,194,11,31651.61559698
49805,194,12,32976.02654648
49806,194,13,34237.68650257
49807,194,14,39764.94818512
49808,194,15,38269.44522415
49809,194,16,43278.42254672
49810,194,17,31519.06234385
49811,194,18,32339.41009057
49812,194,19,37516.98964153
49813,194,20,35502.55788484
49814,194,21,29942.44773837
49815,194,22,43325.14045419
49816,194,23,38100.68036735
49817,194,24,38343.01419089
49818,194,25,36181.05993497
49819,194,26,41117.3972356
49820,194,27,30725.43224682
49821,194,28,34436.44241715
49822,194,29,39998.12976891
49823,194,30,33150.15538099
49824,194,31,37800.7648704
49825,194,32,36449.39893834
49826,194,33,29257.0416545
49827,194,34,36260.68190288
49828,194,35,37295.49282103
49829,194,36,45481.10666149
49830,194,37,46403.04437452
49831,194,38,38023.54322221
49832,194,39,38386.05656142
49833,194,40,27077.64417166
49834,194,41,28833.85629367
49835,194,42,27951.77915581
49836,194,43,27663.858239
49837,194,44,28157.30079291
49838,194,45,28985.86291558
49839,194,46,27311.74235095
49840,194,47,28159.02630384
49841,194,48,28278.66260058
49842,194,49,29306.67182636
49843,194,50,28038.87747492
49844,194,51,30781.87085554
49845,194,52,30702.28577307
49846,194,53,35597.10370329
49847,194,54,29963.86811689
49848,194,55,44789.09633262
49849,194,56,27754.89694631
49850,194,57,40617.67945995
49851,194,58,38950.77109384
49852,194,59,29111.86273279
49853,194,60,32504.50945185
49854,194,61,27235.85197372
49855,194,62,42262.76047806
49856,194,63,34248.07677555
49857,194,64,45249.59007059
49858,194,65,33274.8771097
49859,194,66,37639.22298733
49860,194,67,33177.27996013
49861,194,68,32892.83188745
49862,194,69,52524.8718763
49863,194,70,34509.79520392
49864,194,71,60683.87079343
49865,194,72,40112.94674938
49866,194,73,61379.85230078
49867,194,74,53666.28603716
49868,194,75,41782.17251482
49869,194,76,59299.64154517
49870,194,77,60014.34782261
49871,194,78,62026.9430639
49872,194,79,43746.20209948
49873,194,80,57107.03505181
49874,194,81,56252.5453046
49875,194,82,47541.77180789
49876,194,83,26703.6218404
49877,194,84,58226.87985482
49878,194,85,49400.6690757
49879,194,86,27792.51932662
49880,194,87,33764.28160365
49881,194,88,29682.67537781
49882,194,89,25186.72593731
49883,194,90,33015.42849367
49884,194,91,34190.3402848
49885,194,92,30757.16615059
49886,194,93,42305.31935123
49887,194,94,39474.38445894
49888,194,95,32584.15463697
49889,194,96,27227.47804878
49890,194,97,24826.60528324
49891,194,98,25680.32175933
49892,194,99,37802.97287298
49893,194,100,27600.43339425
49894,194,101,34887.29583645
49895,194,102,38388.27380317
49896,194,103,24620.92883491
49897,194,104,28388.48203359
49898,194,105,31695.98013719
49899,194,106,40806.29392489
49900,194,107,33470.48404149
49901,194,108,26693.19593746
49902,194,109,29586.32262082
49903,194,110,18878.0822193
49904,194,111,26294.58892978
49905,194,112,40346.64079592
49906,194,113,18209.2526067
49907,194,114,29871.65453414
49908,194,115,16957.48707181
49909,194,116,36080.41326647
49910,194,117,40054.13736012
49911,194,118,21425.19069183
49912,194,119,16321.49805472
49913,194,120,24190.95781533
49914,194,121,40208.56354155
49915,194,122,20441.47614306
49916,194,123,36710.58427778
49917,194,124,38146.55842586
49918,194,125,32807.06046751
49919,194,126,23125.83861048
49920,194,127,35390.33329898
49921,194,128,40406.83513378
49922,194,129,31820.37541652
49923,194,130,40255.53368958
49924,194,131,18424.13042455
49925,194,132,39084.61147559
49926,194,133,18117.23722386
49927,194,134,53968.87559781
49928,194,135,50380.66015125
49929,194,136,47689.47680687
49930,194,137,38182.58716467
49931,194,138,36965.19890586
49932,194,139,49171.14920768
49933,194,140,44589.47897627
49934,194,141,43694.45864168
49935,194,142,52765.95703726
49936,194,143,55263.28230217
49937,194,144,51320.60146035
49938,194,145,54325.2330994
49939,194,146,40370.95676208
49940,194,147,39431.37604141
49941,194,148,36906.17684233
49942,194,149,36649.50770596
49943,194,150,36518.95666468
49944,194,151,38679.02876025
49945,194,152,37346.43670727
49946,194,153,39268.69118811
49947,194,154,38916.44600363
49948,194,155,34985.95884957
49949,194,156,31432.00933291
49950,194,157,37456.66090895
49951,194,158,36434.78029582
49952,194,159,30794.9254424
49953,194,160,35735.36151108
49954,194,161,35634.35728528
49955,194,162,36149.80879476
49956,194,163,33179.13904875
49957,194,164,37630.04176597
49958,194,165,35246.33238719
49959,194,166,32393.30976975
49960,194,167,39464.73540658
49961,194,168,33895.69125314
49962,194,169,31692.47673183
49963,194,170,33036.80108459
49964,194,171,34947.92967212
49965,194,172,36866.97296743
49966,194,173,36512.51423917
49967,194,174,36475.88346467
49968,194,175,40139.26960452
49969,194,176,42634.63957275
49970,194,177,37869.20766457
49971,194,178,25718.55226147
49972,194,179,26138.19283005
49973,194,180,25306.12678829
49974,194,181,21803.21942172
49975,194,182,19850.12550678
49976,194,183,20790.21782704
49977,194,184,23584.6682569
49978,194,185,25364.38235302
49979,194,186,20614.93946759
49980,194,187,20228.01169397
49981,194,188,12891.2782244
49982,194,189,6143.13635784
49983,194,190,2347.30325891
49984,194,191,3388.03159056
49985,194,192,10491.31822933
49986,194,193,2213.05263165
49987,194,194,0.0
49988,194,195,8415.60740717
49989,194,196,15396.97689893
49990,194,197,3868.33012914
49991,194,198,26040.67523087
49992,194,199,24897.40113258
49993,194,200,19175.29978408
49994,194,201,18392.20586172
49995,194,202,24997.82274165
49996,194,203,21473.53290142
49997,194,204,17674.76702908
49998,194,205,15104.24093159
49999,194,206,20604.65505893
50000,194,207,28931.62694544
50001,194,208,22303.74652852
50002,194,209,33972.9447684
50003,194,210,31481.13417083
50004,194,211,38039.8934929
50005,194,212,61665.37736282
50006,194,213,67450.96613807
50007,194,214,5535.9124545
50008,194,215,15986.26923799
50009,194,216,26544.19341127
50010,194,217,20838.27143628
50011,194,218,19605.97583713
50012,194,219,14535.94162092
50013,194,220,18734.7932104
50014,194,221,23028.97742308
50015,194,222,7506.24208621
50016,194,223,28954.9173663
50017,194,224,23489.82029629
50018,194,225,24272.85565199
50019,194,226,3380.57739909
50020,194,227,13222.52755861
50021,194,228,25763.30839819
50022,194,229,8626.09648331
50023,194,230,11380.78463484
50024,194,231,32240.73345042
50025,194,232,32009.57236788
50026,194,233,32504.76489289
50027,194,234,31287.97488487
50028,194,235,31722.72704103
50029,194,236,32828.49216612
50030,194,237,31434.46358155
50031,194,238,59723.19845474
50032,194,239,50389.67064012
50033,194,240,58267.07616451
50034,194,241,40950.703073
50035,194,242,46559.72472911
50036,194,243,39502.96466629
50037,194,244,54875.58230932
50038,194,245,53997.90974356
50039,194,246,55807.77392965
50040,194,247,51154.59182533
50041,194,248,53062.67466108
50042,194,249,58989.66462171
50043,194,250,58557.55949906
50044,194,251,49510.10262059
50045,194,252,42212.47285952
50046,194,253,38969.36209857
50047,194,254,56631.6999585
50048,194,255,57373.2427544
50049,194,256,58200.16063571
50050,194,257,51843.24253785
50051,194,258,44873.8344499
50052,195,1,34695.05111246
50053,195,2,42265.66208742
50054,195,3,35388.9696066
50055,195,4,38427.05227692
50056,195,5,41481.09666865
50057,195,6,40431.00097946
50058,195,7,31275.35518091
50059,195,8,36879.16110691
50060,195,9,36282.95737084
50061,195,10,30112.11714814
50062,195,11,32011.57057938
50063,195,12,33150.70093563
50064,195,13,34254.79070427
50065,195,14,39201.82324524
50066,195,15,37501.04854506
50067,195,16,43340.80479977
50068,195,17,29604.81287041
50069,195,18,30571.84810748
50070,195,19,37461.3276953
50071,195,20,34191.1116736
50072,195,21,27493.77103676
50073,195,22,44930.1439577
50074,195,23,39032.18028793
50075,195,24,38870.82513024
50076,195,25,35343.27925215
50077,195,26,42569.91268316
50078,195,27,28511.98275712
50079,195,28,32999.06111281
50080,195,29,41410.50105242
50081,195,30,31516.32138291
50082,195,31,37962.85832982
50083,195,32,35792.43274064
50084,195,33,26391.53817461
50085,195,34,35172.9077113
50086,195,35,37009.97966173
50087,195,36,47175.82555723
50088,195,37,48044.4587924
50089,195,38,38347.99659394
50090,195,39,39480.50884073
50091,195,40,22757.33557176
50092,195,41,26525.98307442
50093,195,42,27130.05010964
50094,195,43,21935.58309079
50095,195,44,26018.28504447
50096,195,45,28311.67771536
50097,195,46,26175.89716362
50098,195,47,21166.68237613
50099,195,48,21080.60536927
50100,195,49,29137.930396
50101,195,50,21787.54789884
50102,195,51,30969.65919405
50103,195,52,31216.17072068
50104,195,53,36908.43485731
50105,195,54,30608.7628292
50106,195,55,48194.10462143
50107,195,56,28283.68082352
50108,195,57,42737.1597352
50109,195,58,40808.49056404
50110,195,59,29758.53213837
50111,195,60,33087.16896618
50112,195,61,27150.6200049
50113,195,62,44784.18300789
50114,195,63,35238.71736053
50115,195,64,49104.56163091
50116,195,65,34140.96468035
50117,195,66,39241.60926644
50118,195,67,36027.17314639
50119,195,68,35454.20164968
50120,195,69,58350.63312731
50121,195,70,38267.25377544
50122,195,71,66981.52815039
50123,195,72,45139.31236253
50124,195,73,67829.13615682
50125,195,74,59597.68149153
50126,195,75,47015.30408355
50127,195,76,65462.35415029
50128,195,77,66791.42574889
50129,195,78,68651.53422252
50130,195,79,49159.73358141
50131,195,80,63252.23828812
50132,195,81,62284.06727749
50133,195,82,52936.00412346
50134,195,83,28851.73132484
50135,195,84,64389.46587602
50136,195,85,54970.36530344
50137,195,86,29956.52121856
50138,195,87,37084.17880248
50139,195,88,31998.45550429
50140,195,89,27486.62184539
50141,195,90,33459.06466243
50142,195,91,33813.95392654
50143,195,92,31877.33915546
50144,195,93,41256.39565733
50145,195,94,38506.45916687
50146,195,95,32603.56408135
50147,195,96,30206.01831632
50148,195,97,28888.85045969
50149,195,98,29448.71063775
50150,195,99,36640.82455915
50151,195,100,30146.09880732
50152,195,101,34283.5728821
50153,195,102,37272.20080076
50154,195,103,28990.08814022
50155,195,104,30182.43858341
50156,195,105,32512.7293083
50157,195,106,39664.74564691
50158,195,107,33313.80274174
50159,195,108,30140.69053186
50160,195,109,31133.60349085
50161,195,110,20824.89790015
50162,195,111,26131.94385679
50163,195,112,39013.29935636
50164,195,113,20971.33070801
50165,195,114,29592.43079257
50166,195,115,20959.22858203
50167,195,116,35932.1675801
50168,195,117,38310.21995966
50169,195,118,22041.33929816
50170,195,119,21101.52986668
50171,195,120,24087.88146518
50172,195,121,38301.49540451
50173,195,122,21555.82309434
50174,195,123,36420.14493513
50175,195,124,37768.14562093
50176,195,125,32554.332706
50177,195,126,23301.0166713
50178,195,127,35465.8929574
50179,195,128,38324.59224035
50180,195,129,31566.54210683
50181,195,130,39478.38603341
50182,195,131,21688.82057868
50183,195,132,38670.9330562
50184,195,133,21709.52645358
50185,195,134,55595.93610933
50186,195,135,51775.80581051
50187,195,136,49203.79306311
50188,195,137,41102.72332549
50189,195,138,40284.62606135
50190,195,139,50597.97913536
50191,195,140,46600.52315293
50192,195,141,46072.6769192
50193,195,142,54477.67282056
50194,195,143,56745.28954655
50195,195,144,52933.48815688
50196,195,145,55602.70648607
50197,195,146,43054.9541023
50198,195,147,39369.25613439
50199,195,148,35061.39471427
50200,195,149,37219.11543053
50201,195,150,33346.30952299
50202,195,151,38058.41497354
50203,195,152,35645.16075847
50204,195,153,39023.6793968
50205,195,154,39205.02990293
50206,195,155,32551.33914388
50207,195,156,33118.79753672
50208,195,157,37822.022685
50209,195,158,32908.12061874
50210,195,159,32689.88392896
50211,195,160,32933.43712607
50212,195,161,33465.31687702
50213,195,162,34109.09692327
50214,195,163,34446.52310469
50215,195,164,36090.2485127
50216,195,165,36025.74499673
50217,195,166,33763.6341987
50218,195,167,39567.87543047
50219,195,168,27055.78854524
50220,195,169,25123.71144689
50221,195,170,26380.74198409
50222,195,171,27955.56425805
50223,195,172,30277.20618754
50224,195,173,29776.55542093
50225,195,174,29504.75712029
50226,195,175,33612.62808333
50227,195,176,36179.31485751
50228,195,177,31359.58684187
50229,195,178,30927.62536236
50230,195,179,30230.92052201
50231,195,180,30998.49625432
50232,195,181,28639.52169468
50233,195,182,27402.9589228
50234,195,183,28892.53616416
50235,195,184,29793.4502538
50236,195,185,29949.49520368
50237,195,186,27968.3557498
50238,195,187,28214.19092219
50239,195,188,4576.61433943
50240,195,189,2287.68291951
50241,195,190,10734.49187514
50242,195,191,5043.41408705
50243,195,192,2077.71081901
50244,195,193,6221.69941863
50245,195,194,8415.60740717
50246,195,195,0.0
50247,195,196,7002.69086741
50248,195,197,12270.42568355
50249,195,198,23112.15822422
50250,195,199,21127.86915227
50251,195,200,12469.04263718
50252,195,201,11092.82438836
50253,195,202,20654.0919191
50254,195,203,16240.39638798
50255,195,204,10044.52801649
50256,195,205,6852.01749764
50257,195,206,14418.48549455
50258,195,207,24465.03860925
50259,195,208,17972.48427769
50260,195,209,35610.50253182
50261,195,210,32078.80520832
50262,195,211,40240.92918247
50263,195,212,67552.0121091
50264,195,213,73748.51911929
50265,195,214,13735.6724744
50266,195,215,19728.16180707
50267,195,216,28439.65904745
50268,195,217,23257.6015047
50269,195,218,22616.25401436
50270,195,219,22166.19326544
50271,195,220,26007.61938469
50272,195,221,24629.93245021
50273,195,222,12708.5985506
50274,195,223,30304.04339891
50275,195,224,30484.4240172
50276,195,225,26358.85423605
50277,195,226,11527.18398847
50278,195,227,17007.74567572
50279,195,228,32696.90327397
50280,195,229,16631.66257905
50281,195,230,19183.50180151
50282,195,231,32897.2291739
50283,195,232,32600.41567206
50284,195,233,33228.93817093
50285,195,234,31626.88326434
50286,195,235,32220.85749453
50287,195,236,33621.1873759
50288,195,237,31839.30580538
50289,195,238,59740.9794483
50290,195,239,49682.82548038
50291,195,240,57889.7320229
50292,195,241,40943.87159384
50293,195,242,46111.47759934
50294,195,243,40003.71396356
50295,195,244,54210.85451945
50296,195,245,53438.31362953
50297,195,246,55047.62198267
50298,195,247,50617.76474833
50299,195,248,52534.31369222
50300,195,249,58714.97741784
50301,195,250,58723.16370407
50302,195,251,48657.82783122
50303,195,252,42280.58705362
50304,195,253,39813.31735235
50305,195,254,55939.45557783
50306,195,255,56833.33099919
50307,195,256,58551.9393378
50308,195,257,51417.12907452
50309,195,258,44670.06278509
50310,196,1,36759.49775105
50311,196,2,44117.56356228
50312,196,3,37295.4683897
50313,196,4,39955.82115585
50314,196,5,43266.17580603
50315,196,6,42113.65425577
50316,196,7,33950.83984328
50317,196,8,38514.57448829
50318,196,9,38038.79404684
50319,196,10,32547.43240599
50320,196,11,34610.61825537
50321,196,12,35561.01057989
50322,196,13,36499.17325387
50323,196,14,40810.18701169
50324,196,15,39002.05144633
50325,196,16,45323.15947531
50326,196,17,30508.95829539
50327,196,18,31547.92267241
50328,196,19,39529.08133111
50329,196,20,35376.56004921
50330,196,21,28058.98609408
50331,196,22,48033.79898362
50332,196,23,41795.55846755
50333,196,24,41338.4200758
50334,196,25,36869.88042221
50335,196,26,45617.73998836
50336,196,27,29220.67232649
50337,196,28,34132.80385708
50338,196,29,44458.41566961
50339,196,30,32556.62797277
50340,196,31,40181.65674783
50341,196,32,37447.06282428
50342,196,33,26653.22061573
50343,196,34,36502.24403509
50344,196,35,38914.06062667
50345,196,36,50297.81097116
50346,196,37,51110.8166028
50347,196,38,40678.22421675
50348,196,39,42350.21249598
50349,196,40,21874.75808923
50350,196,41,27283.6945459
50351,196,42,29089.99976733
50352,196,43,19497.46218582
50353,196,44,26961.46898792
50354,196,45,30314.03161289
50355,196,46,27949.797453
50356,196,47,17036.5077121
50357,196,48,16632.69070327
50358,196,49,31483.23778839
50359,196,50,18678.15656352
50360,196,51,33489.01920713
50361,196,52,33965.11099317
50362,196,53,40013.39638268
50363,196,54,33481.65311628
50364,196,55,52486.40557759
50365,196,56,31192.21000846
50366,196,57,46255.28206714
50367,196,58,44189.33725074
50368,196,59,32674.24953069
50369,196,60,35804.19271503
50370,196,61,29675.45374135
50371,196,62,48537.72101981
50372,196,63,38169.91637481
50373,196,64,53680.13975505
50374,196,65,37022.77842314
50375,196,66,42483.82189551
50376,196,67,40205.94200016
50377,196,68,39461.42969364
50378,196,69,64076.79756149
50379,196,70,42965.80266319
50380,196,71,72950.91601596
50381,196,72,50497.68138105
50382,196,73,73885.89799402
50383,196,74,65380.36203507
50384,196,75,52475.8124511
50385,196,76,71356.62294372
50386,196,77,73042.63575222
50387,196,78,74809.02124955
50388,196,79,54706.49357147
50389,196,80,69145.33229984
50390,196,81,68113.37554058
50391,196,82,58438.805477
50392,196,83,32833.15547115
50393,196,84,70288.09841892
50394,196,85,60563.88981402
50395,196,86,33899.97151255
50396,196,87,41535.94463913
50397,196,88,35959.87948773
50398,196,89,31627.97001008
50399,196,90,36057.89484296
50400,196,91,35771.78036488
50401,196,92,35032.58182811
50402,196,93,42404.1187936
50403,196,94,39809.45457726
50404,196,95,34920.0412079
50405,196,96,34653.01787969
50406,196,97,34015.74336746
50407,196,98,34391.01476276
50408,196,99,37850.93269428
50409,196,100,34326.01565353
50410,196,101,36041.80841362
50411,196,102,38496.9029045
50412,196,103,34282.65755688
50413,196,104,33872.99507822
50414,196,105,35424.44354542
50415,196,106,40785.59241832
50416,196,107,35464.08087881
50417,196,108,34872.49901875
50418,196,109,34616.86202417
50419,196,110,25162.43435902
50420,196,111,28664.68716128
50421,196,112,39995.62696926
50422,196,113,25761.8998021
50423,196,114,31828.50624432
50424,196,115,26391.266015
50425,196,116,37983.23778592
50426,196,117,38968.04544942
50427,196,118,25436.68756499
50428,196,119,26890.43279398
50429,196,120,26811.34207243
50430,196,121,38818.66098342
50431,196,122,25320.59436974
50432,196,123,38341.86061578
50433,196,124,39572.12646892
50434,196,125,34664.01143681
50435,196,126,26287.12229295
50436,196,127,37707.36583972
50437,196,128,38688.02468152
50438,196,129,33721.51589407
50439,196,130,40904.80002161
50440,196,131,26703.91876913
50441,196,132,40416.21897014
50442,196,133,26894.65458774
50443,196,134,58525.18261766
50444,196,135,54593.39898905
50445,196,136,52155.28637945
50446,196,137,45202.29133498
50447,196,138,44662.93226396
50448,196,139,53459.60163482
50449,196,140,49960.9607022
50450,196,141,49701.94867917
50451,196,142,57486.04828174
50452,196,143,59550.02419764
50453,196,144,55893.08166784
50454,196,145,58270.85468159
50455,196,146,46954.61756152
50456,196,147,41368.79543354
50457,196,148,35757.14521983
50458,196,149,39771.62538509
50459,196,150,32918.59209269
50460,196,151,39659.05488761
50461,196,152,36440.27081916
50462,196,153,40890.87665197
50463,196,154,41480.6252793
50464,196,155,32841.04352787
50465,196,156,36618.15663498
50466,196,157,40200.58423452
50467,196,158,32161.66132751
50468,196,159,36346.70068636
50469,196,160,32870.84153285
50470,196,161,33948.14932147
50471,196,162,34675.58094026
50472,196,163,37604.56248463
50473,196,164,37005.14508806
50474,196,165,38774.90098333
50475,196,166,37019.50103564
50476,196,167,41689.57594266
50477,196,168,22817.78050177
50478,196,169,21353.09268806
50479,196,170,22425.58711845
50480,196,171,23469.32977812
50481,196,172,26245.31521678
50482,196,173,25571.57072209
50483,196,174,24992.76442536
50484,196,175,29551.62923709
50485,196,176,32135.86749326
50486,196,177,27391.94694539
50487,196,178,36617.06187396
50488,196,179,35332.83546996
50489,196,180,36932.81951191
50490,196,181,35137.24213054
50491,196,182,34191.00809884
50492,196,183,35850.89302896
50493,196,184,35997.18840157
50494,196,185,35331.64502807
50495,196,186,34679.49675497
50496,196,187,35141.30533855
50497,196,188,2580.66662616
50498,196,189,9254.49787361
50499,196,190,17727.58002892
50500,196,191,12010.50958884
50501,196,192,4929.71520948
50502,196,193,13189.39735628
50503,196,194,15396.97689893
50504,196,195,7002.69086741
50505,196,196,0.0
50506,196,197,19231.03571746
50507,196,198,23584.41753637
50508,196,199,20984.24431973
50509,196,200,8597.04613788
50510,196,201,7936.3705557
50511,196,202,18487.00710478
50512,196,203,13668.28519243
50513,196,204,5029.29783592
50514,196,205,2756.80929497
50515,196,206,12380.38025882
50516,196,207,21813.50896174
50517,196,208,17641.89391864
50518,196,209,38987.97100363
50519,196,210,34850.02047898
50520,196,211,43874.92765408
50521,196,212,73269.1766394
50522,196,213,79695.1288658
50523,196,214,20595.81818412
50524,196,215,25107.35054347
50525,196,216,32276.65920473
50526,196,217,27702.79123169
50527,196,218,27437.86351667
50528,196,219,28628.3817045
50529,196,220,32202.07404853
50530,196,221,28485.33527647
50531,196,222,19153.00286636
50532,196,223,33687.99707925
50533,196,224,36434.11427255
50534,196,225,30422.68242989
50535,196,226,18528.0886292
50536,196,227,22599.51075173
50537,196,228,38573.63634923
50538,196,229,23369.8063892
50539,196,230,25784.84858572
50540,196,231,35676.3263327
50541,196,232,35344.00052406
50542,196,233,36043.7237286
50543,196,234,34227.81372053
50544,196,235,34912.77569143
50545,196,236,36470.03956991
50546,196,237,34479.3962229
50547,196,238,61370.75655075
50548,196,239,50900.48156738
50549,196,240,59228.75679433
50550,196,241,42938.62700352
50551,196,242,47619.12469361
50552,196,243,42416.4232351
50553,196,244,55376.06306638
50554,196,245,54703.31500645
50555,196,246,56119.81180982
50556,196,247,51955.02531075
50557,196,248,53841.37668422
50558,196,249,60124.65318087
50559,196,250,60485.33662323
50560,196,251,49777.88927257
50561,196,252,44295.87689755
50562,196,253,42488.8694212
50563,196,254,57052.47344775
50564,196,255,58056.58452488
50565,196,256,60463.70415724
50566,196,257,52828.43955761
50567,196,258,46408.62017445
50568,197,1,36022.26868919
50569,197,2,43404.74559167
50570,197,3,36939.84307982
50571,197,4,40402.88575002
50572,197,5,42790.86959651
50573,197,6,41993.65067134
50574,197,7,31806.64073652
50575,197,8,38787.03160266
50576,197,9,38026.6851587
50577,197,10,31236.04037471
50578,197,11,32608.07334803
50579,197,12,33986.2257725
50580,197,13,35292.29924284
50581,197,14,40981.62615275
50582,197,15,39595.13566628
50583,197,16,44176.06744744
50584,197,17,33426.13015652
50585,197,18,34173.33680174
50586,197,19,38546.62930014
50587,197,20,37097.65130205
50588,197,21,32084.60189501
50589,197,22,43511.7889214
50590,197,23,38676.55221977
50591,197,24,39099.58417918
50592,197,25,37568.45680456
50593,197,26,41405.17658371
50594,197,27,32763.26906166
50595,197,28,36100.70518175
50596,197,29,40320.62691767
50597,197,30,34916.09270337
50598,197,31,38729.76242719
50599,197,32,37755.9760514
50600,197,33,31566.18071828
50601,197,34,37751.27536508
50602,197,35,38428.96546893
50603,197,36,45599.58819536
50604,197,37,46536.89210248
50605,197,38,38876.63604903
50606,197,39,38881.9124606
50607,197,40,29924.12736275
50608,197,41,30946.63948331
50609,197,42,29503.94541397
50610,197,43,30927.99394967
50611,197,44,30221.98882138
50612,197,45,30450.48469466
50613,197,46,29008.27782133
50614,197,47,31757.86035355
50615,197,48,31927.17229216
50616,197,49,30549.8887624
50617,197,50,31445.20303044
50618,197,51,31834.35509469
50619,197,52,31611.89177091
50620,197,53,36038.43489496
50621,197,54,30832.57795281
50622,197,55,44064.17913082
50623,197,56,28735.00714102
50624,197,57,40591.3162945
50625,197,58,39075.87794856
50626,197,59,30001.67153962
50627,197,60,33342.5743758
50628,197,61,28499.45499958
50629,197,62,42016.1633767
50630,197,63,34864.26869758
50631,197,64,44284.49979637
50632,197,65,33967.87936978
50633,197,66,37907.57411471
50634,197,67,32910.43728923
50635,197,68,32778.49928955
50636,197,69,50417.58280955
50637,197,70,33740.90645148
50638,197,71,58267.99280921
50639,197,72,38561.28623816
50640,197,73,58873.22932075
50641,197,74,51492.13559722
50642,197,75,40094.77823881
50643,197,76,56967.01005183
50644,197,77,57317.73695339
50645,197,78,59415.17962043
50646,197,79,41936.88998442
50647,197,80,54793.34490694
50648,197,81,54008.30335887
50649,197,82,45712.99948361
50650,197,83,26954.92084177
50651,197,84,55898.53413447
50652,197,85,47458.90962524
50653,197,86,28002.84069745
50654,197,87,33241.90750446
50655,197,88,29765.78106574
50656,197,89,25413.18535222
50657,197,90,33905.25015885
50658,197,91,35416.51710293
50659,197,92,31388.8666315
50660,197,93,43696.08659664
50661,197,94,40867.26054231
50662,197,95,33670.6434751
50663,197,96,27040.3256544
50664,197,97,24125.59314648
50665,197,98,25116.21256417
50666,197,99,39300.80895715
50667,197,100,27625.1081375
50668,197,101,36197.81325574
50669,197,102,39858.44519451
50670,197,103,23750.18356534
50671,197,104,28762.70170236
50672,197,105,32445.55037609
50673,197,106,42254.47008287
50674,197,107,34615.68626459
50675,197,108,26273.03583751
50676,197,109,30046.47566374
50677,197,110,19573.16246221
50678,197,111,27619.47828511
50679,197,112,41880.57666337
50680,197,113,18534.72404301
50681,197,114,31148.14900258
50682,197,115,16679.42532269
50683,197,116,37174.18289956
50684,197,117,41760.15811596
50685,197,118,22599.34983769
50686,197,119,15609.03465793
50687,197,120,25561.11329752
50688,197,121,41978.61624541
50689,197,122,21440.85213918
50690,197,123,37855.62693637
50691,197,124,39307.06375717
50692,197,125,34007.03166308
50693,197,126,24418.04385716
50694,197,127,36398.04736956
50695,197,128,42244.73683496
50696,197,129,33041.46858398
50697,197,130,41557.06453734
50698,197,131,18466.47762863
50699,197,132,40246.4952276
50700,197,133,17996.89102183
50701,197,134,54039.49978862
50702,197,135,50591.91620618
50703,197,136,47870.34207698
50704,197,137,37791.78851952
50705,197,138,36387.23889785
50706,197,139,49378.78409892
50707,197,140,44565.62557938
50708,197,141,43501.29011396
50709,197,142,52806.00103546
50710,197,143,55392.68077127
50711,197,144,51420.17604139
50712,197,145,54558.35208361
50713,197,146,40068.02547237
50714,197,147,40434.8995371
50715,197,148,38695.37214704
50716,197,149,37414.61119079
50717,197,150,38825.36744385
50718,197,151,39935.77685414
50719,197,152,39071.62828597
50720,197,153,40354.68147124
50721,197,154,39771.91676003
50722,197,155,37034.89293801
50723,197,156,31780.2363661
50724,197,157,38300.44252622
50725,197,158,38872.30972583
50726,197,159,31057.60916057
50727,197,160,37913.35292161
50728,197,161,37570.57775188
50729,197,162,38027.92909819
50730,197,163,33688.03004427
50731,197,164,39285.70152321
50732,197,165,35940.73032136
50733,197,166,32870.51800266
50734,197,167,40394.75368671
50735,197,168,37425.18540872
50736,197,169,35158.80477706
50737,197,170,36519.63741082
50738,197,171,38514.78067363
50739,197,172,40311.69691717
50740,197,173,40001.13939016
50741,197,174,40031.09999378
50742,197,175,43550.9506701
50743,197,176,46014.59834161
50744,197,177,41285.67431591
50745,197,178,24310.75323296
50746,197,179,25378.08113828
50747,197,180,23604.46758393
50748,197,181,19399.55243571
50749,197,182,16916.3729691
50750,197,183,17339.43572706
50751,197,184,21584.83633794
50752,197,185,24343.34408299
50753,197,186,17833.25583321
50754,197,187,16895.86611579
50755,197,188,16704.38463923
50756,197,189,9988.99654399
50757,197,190,1733.84079974
50758,197,191,7228.46736265
50759,197,192,14342.33999274
50760,197,193,6049.16662988
50761,197,194,3868.33012914
50762,197,195,12270.42568355
50763,197,196,19231.03571746
50764,197,197,0.0
50765,197,198,28443.00993785
50766,197,199,27610.75163855
50767,197,200,22470.13312125
50768,197,201,22125.46300452
50769,197,202,27348.50863205
50770,197,203,24238.2641698
50771,197,204,21263.34618741
50772,197,205,18971.08878235
50773,197,206,24082.69507448
50774,197,207,31241.51833179
50775,197,208,25253.87862922
50776,197,209,34290.34323042
50777,197,210,32334.97491643
50778,197,211,38011.67416493
50779,197,212,59481.48912429
50780,197,213,65013.81839498
50781,197,214,2051.95019715
50782,197,215,15934.947441
50783,197,216,26924.56429192
50784,197,217,21188.85059353
50785,197,218,19715.23297521
50786,197,219,11166.82873634
50787,197,220,15521.21948126
50788,197,221,23680.25368503
50789,197,222,7825.40148319
50790,197,223,29525.57738597
50791,197,224,20369.35704645
50792,197,225,24639.15066259
50793,197,226,2108.10922229
50794,197,227,13415.34901485
50795,197,228,22648.25610674
50796,197,229,5140.7121354
50797,197,230,7969.81086831
50798,197,231,33051.11346347
50799,197,232,32854.67621918
50800,197,233,33278.73737667
50801,197,234,32261.99187894
50802,197,235,32615.88287639
50803,197,236,33564.3657978
50804,197,237,32375.81486856
50805,197,238,60495.60005065
50806,197,239,51551.66154151
50807,197,240,59224.88570974
50808,197,241,41908.70017563
50809,197,242,47645.56253369
50810,197,243,40254.30663785
50811,197,244,55983.29119243
50812,197,245,55066.3336831
50813,197,246,56950.24690316
50814,197,247,52236.05764046
50815,197,248,54124.73670305
50816,197,249,59897.26993349
50817,197,250,59271.17200087
50818,197,251,50742.62770621
50819,197,252,43120.78049057
50820,197,253,39572.12789324
50821,197,254,57738.82440966
50822,197,255,58408.64141031
50823,197,256,58832.00505512
50824,197,257,52870.44260409
50825,197,258,45870.6475301
50826,198,1,14142.29420535
50827,198,2,20944.57315304
50828,198,3,14417.6293693
50829,198,4,16600.80201789
50830,198,5,20051.10448068
50831,198,6,18835.31800384
50832,198,7,12906.01794274
50833,198,8,15282.25434723
50834,198,9,14944.38152807
50835,198,10,11171.6437601
50836,198,11,13271.44175657
50837,198,12,13678.55755949
50838,198,13,14202.85989612
50839,198,14,17498.67771471
50840,198,15,15645.58021809
50841,198,16,22249.31185365
50842,198,17,6963.63014286
50843,198,18,8017.0514656
50844,198,19,16754.1203574
50845,198,20,11886.37357419
50846,198,21,4483.15148599
50847,198,22,26549.91295515
50848,198,23,20038.77954814
50849,198,24,19073.97941468
50850,198,25,13587.45775241
50851,198,26,24165.2707405
50852,198,27,5637.59762468
50853,198,28,10635.76348284
50854,198,29,23084.6117262
50855,198,30,9039.09788699
50856,198,31,17588.7345259
50857,198,32,14267.58407576
50858,198,33,3292.29754673
50859,198,34,13076.65193945
50860,198,35,15955.87915955
50861,198,36,28733.76779095
50862,198,37,29404.03868789
50863,198,38,18228.67803317
50864,198,39,20763.66054934
50865,198,40,4539.93821914
50866,198,41,3735.04573636
50867,198,42,7322.85176876
50868,198,43,9610.25966469
50869,198,44,3590.58853972
50870,198,45,8361.76754297
50871,198,46,6038.46835419
50872,198,47,15059.25297004
50873,198,48,16115.24345039
50874,198,49,10101.88820925
50875,198,50,11759.12513385
50876,198,51,12144.65999299
50877,198,52,13103.04791986
50878,198,53,19163.82044629
50879,198,54,13043.19551859
50880,198,55,33682.63404428
50881,198,56,11437.7734835
50882,198,57,25818.18103729
50883,198,58,23590.84033396
50884,198,59,12538.87430566
50885,198,60,14564.67703381
50886,198,61,9265.3185955
50887,198,62,28518.12218943
50888,198,63,17122.21331973
50889,198,64,35685.02407531
50890,198,65,16005.0450039
50891,198,66,21708.23473146
50892,198,67,22435.25280966
50893,198,68,21247.79584808
50894,198,69,49978.93544314
50895,198,70,26607.48855953
50896,198,71,59616.59502564
50897,198,72,35845.96282772
50898,198,73,61003.40152527
50899,198,74,51483.22288119
50900,198,75,38073.04816694
50901,198,76,57695.01930448
50902,198,77,61421.75002333
50903,198,78,62489.85869483
50904,198,79,40484.20345106
50905,198,80,55599.35933712
50906,198,81,54289.50089438
50907,198,82,43682.98339169
50908,198,83,16108.76207889
50909,198,84,56707.72221973
50910,198,85,46067.69415339
50911,198,86,16713.18490788
50912,198,87,24495.18351591
50913,198,88,18298.73072643
50914,198,89,15918.03600211
50915,198,90,14515.71182766
50916,198,91,13061.10899789
50917,198,92,15057.63442704
50918,198,93,18843.31790491
50919,198,94,16320.34640271
50920,198,95,12922.57068101
50921,198,96,19111.44538968
50922,198,97,21523.08760732
50923,198,98,20960.84859854
50924,198,99,14340.62775555
50925,198,100,17869.03733814
50926,198,101,13039.46498916
50927,198,102,14986.18629766
50928,198,103,22469.04083795
50929,198,104,15824.77774131
50930,198,105,14721.70889488
50931,198,106,17225.10231625
50932,198,107,13094.68975536
50933,198,108,20405.83957649
50934,198,109,15708.42956093
50935,198,110,13690.06044896
50936,198,111,8646.99011598
50937,198,112,16414.78117536
50938,198,113,15680.16636101
50939,198,114,10116.85020126
50940,198,115,18709.8525788
50941,198,116,15267.51973068
50942,198,117,15415.89846639
50943,198,118,10244.49273853
50944,198,119,20666.11523643
50945,198,120,8325.34934173
50946,198,121,15317.2158587
50947,198,122,11565.50914607
50948,198,123,15431.31866916
50949,198,124,16474.60443698
50950,198,125,12299.93927506
50951,198,126,9036.29458417
50952,198,127,15307.7418233
50953,198,128,15269.28989114
50954,198,129,11548.42927363
50955,198,130,17467.51929464
50956,198,131,16975.21552377
50957,198,132,17233.52063393
50958,198,133,17798.4251229
50959,198,134,36340.92403006
50960,198,135,32340.88119366
50961,198,136,30200.56127209
50962,198,137,26481.20800454
50963,198,138,26909.83481343
50964,198,139,31310.40233687
50965,198,140,28905.58358121
50966,198,141,29284.30165493
50967,198,142,35455.65212199
50968,198,143,37157.08299921
50969,198,144,33828.3069342
50970,198,145,35716.37507756
50971,198,146,27464.93835163
50972,198,147,18429.18084125
50973,198,148,12185.66412783
50974,198,149,17765.80116561
50975,198,150,10490.14644932
50976,198,151,16366.39071112
50977,198,152,12857.48837495
50978,198,153,17817.78025115
50979,198,154,18904.78295049
50980,198,155,9451.24494912
50981,198,156,17334.08227755
50982,198,157,17858.05896144
50983,198,158,10429.97481949
50984,198,159,17599.6879935
50985,198,160,9860.9766481
50986,198,161,10439.83266744
50987,198,162,11135.47878544
50988,198,163,17196.84667733
50989,198,164,13423.15318688
50990,198,165,17251.04480583
50991,198,166,16965.30194436
50992,198,167,18890.14328994
50993,198,168,17004.88591609
50994,198,169,14558.38549933
50995,198,170,15667.74128786
50996,198,171,18378.16221437
50997,198,172,17846.64973099
50998,198,173,18224.36453483
50999,198,174,19277.28543009
51000,198,175,20051.03628505
51001,198,176,21812.07413974
51002,198,177,18246.01644751
51003,198,178,26093.00482898
51004,198,179,22320.22340905
51005,198,180,27682.01178654
51006,198,181,30175.25226723
51007,198,182,32254.5806788
51008,198,183,36233.46456864
51009,198,184,28666.04436272
51010,198,185,23621.69923093
51011,198,186,31767.3078082
51012,198,187,34999.66471124
51013,198,188,23882.1445169
51014,198,189,23862.12641467
51015,198,190,26906.04136798
51016,198,191,24796.59724177
51017,198,192,22914.56500156
51018,198,193,25263.29618792
51019,198,194,26040.67523087
51020,198,195,23112.15822422
51021,198,196,23584.41753637
51022,198,197,28443.00993785
51023,198,198,0.0
51024,198,199,3032.02548825
51025,198,200,32171.3544694
51026,198,201,16230.55345497
51027,198,202,42039.68521608
51028,198,203,37231.0768893
51029,198,204,28554.08730244
51030,198,205,20829.70964147
51031,198,206,11981.52773145
51032,198,207,45393.91001403
51033,198,208,6090.93687132
51034,198,209,18965.0408272
51035,198,210,13888.32687522
51036,198,211,23954.45241919
51037,198,212,58607.94984836
51038,198,213,65925.78569446
51039,198,214,30488.36462668
51040,198,215,17977.67358973
51041,198,216,15218.5776535
51042,198,217,15020.49343873
51043,198,218,16454.89604418
51044,198,219,39353.76108053
51045,198,220,43783.66550892
51046,198,221,13089.53390275
51047,198,222,21414.41802372
51048,198,223,14697.16833712
51049,198,224,48660.91300463
51050,198,225,14901.45971894
51051,198,226,26386.45173197
51052,198,227,18176.82167952
51053,198,228,50924.77384541
51054,198,229,33442.73474887
51055,198,230,36217.87449276
51056,198,231,14603.21082563
51057,198,232,14235.585209
51058,198,233,15002.37680597
51059,198,234,12953.92786819
51060,198,235,13746.93248505
51061,198,236,15449.54568768
51062,198,237,13258.26309976
51063,198,238,37890.61513921
51064,198,239,27330.97411578
51065,198,240,35666.80537004
51066,198,241,19941.55634169
51067,198,242,24157.20302921
51068,198,243,20002.1446982
51069,198,244,31795.10012721
51070,198,245,31135.24092933
51071,198,246,32535.42428823
51072,198,247,28408.40597407
51073,198,248,30282.87887356
51074,198,249,36576.3891948
51075,198,250,37070.91139612
51076,198,251,26197.616781
51077,198,252,21282.49251341
51078,198,253,20517.61798459
51079,198,254,33468.31969588
51080,198,255,34478.88637514
51081,198,256,37137.24532756
51082,198,257,29300.2562456
51083,198,258,23100.99522699
51084,199,1,17172.59324051
51085,199,2,23904.51116704
51086,199,3,17435.038919
51087,199,4,19526.1320657
51088,199,5,23004.36504095
51089,199,6,21776.46564192
51090,199,7,15841.77341655
51091,199,8,18247.29028013
51092,199,9,17936.31032196
51093,199,10,14120.95038749
51094,199,11,16240.57600953
51095,199,12,16691.52118891
51096,199,13,17233.37092961
51097,199,14,20434.77817046
51098,199,15,18574.18545505
51099,199,16,25224.14012459
51100,199,17,9839.32326541
51101,199,18,10897.23526503
51102,199,19,19773.58714648
51103,199,20,14769.73260324
51104,199,21,7219.74194976
51105,199,22,29574.12247426
51106,199,23,23063.05560948
51107,199,24,22105.97801761
51108,199,25,16547.50563713
51109,199,26,27185.47405732
51110,199,27,8442.06311514
51111,199,28,13522.53223362
51112,199,29,26099.88802974
51113,199,30,11922.16707718
51114,199,31,20615.85200638
51115,199,32,17247.64736186
51116,199,33,5694.0216241
51117,199,34,15989.54397469
51118,199,35,18961.91341486
51119,199,36,31761.7681232
51120,199,37,32434.7344378
51121,199,38,21259.08867664
51122,199,39,23783.08300437
51123,199,40,2624.82034014
51124,199,41,6660.6040342
51125,199,42,10251.59245111
51126,199,43,6971.25048034
51127,199,44,6607.72325722
51128,199,45,11336.07049918
51129,199,46,8953.29462165
51130,199,47,12193.32774599
51131,199,48,13223.65320546
51132,199,49,13035.50045261
51133,199,50,9031.41166239
51134,199,51,15102.73931829
51135,199,52,16021.22746835
51136,199,53,22134.31333041
51137,199,54,15909.5611984
51138,199,55,36563.63770311
51139,199,56,14166.2515214
51140,199,57,28789.23390124
51141,199,58,26564.24777661
51142,199,59,15354.64316023
51143,199,60,17536.02713474
51144,199,61,12028.67074976
51145,199,62,31470.57626293
51146,199,63,20095.89741957
51147,199,64,38507.15865565
51148,199,65,18968.54125496
51149,199,66,24685.86617666
51150,199,67,25124.6525296
51151,199,68,23972.80896342
51152,199,69,52505.81980829
51153,199,70,29187.2447333
51154,199,71,62110.70400829
51155,199,72,38334.30012286
51156,199,73,63458.69718041
51157,199,74,53997.58832094
51158,199,75,40553.95486748
51159,199,76,60213.39296103
51160,199,77,63752.14233382
51161,199,78,64895.17054869
51162,199,79,42965.12449829
51163,199,80,58097.84031822
51164,199,81,56809.54488013
51165,199,82,46241.13085602
51166,199,83,18510.30874704
51167,199,84,59214.23708742
51168,199,85,48613.59111684
51169,199,86,19206.13954818
51170,199,87,27126.90442388
51171,199,88,20901.02631321
51172,199,89,18146.37443146
51173,199,90,17510.77599032
51174,199,91,16090.17565898
51175,199,92,17900.42257958
51176,199,93,21626.18026197
51177,199,94,19182.61210239
51178,199,95,15938.79050308
51179,199,96,21430.80145692
51180,199,97,23465.08632936
51181,199,98,23024.17438224
51182,199,99,17195.72122856
51183,199,100,20287.21162344
51184,199,101,16049.68002538
51185,199,102,17837.99539453
51186,199,103,24342.8882273
51187,199,104,18420.84402016
51188,199,105,17642.95222549
51189,199,106,20013.49035573
51190,199,107,16125.37200812
51191,199,108,22605.66160895
51192,199,109,18424.54234485
51193,199,110,14961.54415652
51194,199,111,11308.31340738
51195,199,112,19156.52916713
51196,199,113,16875.69120166
51197,199,114,13088.74690899
51198,199,115,19725.66368752
51199,199,116,18292.93638884
51200,199,117,18015.28487415
51201,199,118,11944.11054925
51202,199,119,21577.41939092
51203,199,120,10619.55004341
51204,199,121,17841.40346162
51205,199,122,13089.37597587
51206,199,123,18443.41176628
51207,199,124,19460.96954311
51208,199,125,15329.44530009
51209,199,126,11098.86711194
51210,199,127,18339.76692913
51211,199,128,17704.177631
51212,199,129,14568.37053595
51213,199,130,20355.47361139
51214,199,131,18216.15798088
51215,199,132,20202.2145344
51216,199,133,18990.59628391
51217,199,134,39367.44697974
51218,199,135,35367.35070586
51219,199,136,33232.4804409
51220,199,137,29314.23280532
51221,199,138,29648.95711403
51222,199,139,34339.84834106
51223,199,140,31917.71420031
51224,199,141,32264.87409918
51225,199,142,38485.80942698
51226,199,143,40175.37616729
51227,199,144,36858.3874074
51228,199,145,38726.6661003
51229,199,146,30372.52383094
51230,199,147,21430.89407026
51231,199,148,14838.24968032
51232,199,149,20794.0652606
51233,199,150,12230.90719194
51234,199,151,19312.03973103
51235,199,152,15554.25174724
51236,199,153,20803.87621376
51237,199,154,21930.96608897
51238,199,155,11856.86844712
51239,199,156,20128.95905919
51240,199,157,20889.94087745
51241,199,158,11800.406792
51242,199,159,20332.06882901
51243,199,160,11956.26010541
51244,199,161,12981.96501833
51245,199,162,13724.61641003
51246,199,163,20114.2676831
51247,199,164,16170.44373071
51248,199,165,20257.85151029
51249,199,166,19843.71764512
51250,199,167,21903.7694918
51251,199,168,14701.26743729
51252,199,169,12161.7653804
51253,199,170,13376.84775223
51254,199,171,16085.42974465
51255,199,172,15987.89703812
51256,199,173,16229.76730958
51257,199,174,17125.35697516
51258,199,175,18519.29856585
51259,199,176,20515.97919877
51260,199,177,16539.46753428
51261,199,178,27895.39083469
51262,199,179,24366.03592739
51263,199,180,29351.4836121
51264,199,181,31323.74048311
51265,199,182,33052.94939432
51266,199,183,36831.36212852
51267,199,184,30097.01359077
51268,199,185,25518.80396185
51269,199,186,32683.37279699
51270,199,187,35635.12769503
51271,199,188,21475.66740384
51272,199,189,22101.97378162
51273,199,190,25997.04418385
51274,199,191,23313.52126462
51275,199,192,20724.44677867
51276,199,193,23896.4968121
51277,199,194,24897.40113258
51278,199,195,21127.86915227
51279,199,196,20984.24431973
51280,199,197,27610.75163855
51281,199,198,3032.02548825
51282,199,199,0.0
51283,199,200,29532.31106468
51284,199,201,13427.15803587
51285,199,202,39470.92502354
51286,199,203,34652.52810202
51287,199,204,25897.14713452
51288,199,205,18245.51406944
51289,199,206,9073.47471537
51290,199,207,42747.71166337
51291,199,208,3343.51773959
51292,199,209,21861.39575676
51293,199,210,16826.97198831
51294,199,211,26878.3394467
51295,199,212,61223.84908591
51296,199,213,68482.33142168
51297,199,214,29662.27880232
51298,199,215,18839.29079231
51299,199,216,17641.0441718
51300,199,217,16653.73319969
51301,199,218,17882.44746441
51302,199,219,38689.49464928
51303,199,220,43095.53968581
51304,199,221,15102.6137794
51305,199,222,21052.78441947
51306,199,223,17401.31002917
51307,199,224,47961.91965404
51308,199,225,17048.39610385
51309,199,226,25616.3868058
51310,199,227,18583.97054865
51311,199,228,50237.74092997
51312,199,229,32702.2264661
51313,199,230,35514.2590642
51314,199,231,17559.9727597
51315,199,232,17192.23895353
51316,199,233,17959.77896431
51317,199,234,15913.77424882
51318,199,235,16704.3351825
51319,199,236,18408.87341373
51320,199,237,16216.10247312
51321,199,238,40715.09322806
51322,199,239,30080.76913383
51323,199,240,38419.65683876
51324,199,241,22932.82706363
51325,199,242,27013.18558952
51326,199,243,23032.04790108
51327,199,244,34508.18406213
51328,199,245,33882.69362676
51329,199,246,35215.01141207
51330,199,247,31190.45167423
51331,199,248,33046.95064905
51332,199,249,39346.53453481
51333,199,250,39930.12015304
51334,199,251,28920.42493774
51335,199,252,24268.5115969
51336,199,253,23547.76387042
51337,199,254,36158.32328431
51338,199,255,37200.76650874
51339,199,256,40029.33173722
51340,199,257,32099.92561108
51341,199,258,26022.14629282
51342,200,1,45307.9454413
51343,200,2,52696.22142438
51344,200,3,45861.7847964
51345,200,4,48549.02222291
51346,200,5,51848.83587627
51347,200,6,50701.52308934
51348,200,7,42388.35986831
51349,200,8,47102.25813845
51350,200,9,46618.58943149
51351,200,10,41028.73672443
51352,200,11,43066.58826851
51353,200,12,44055.75782384
51354,200,13,45023.00794765
51355,200,14,49400.78533412
51356,200,15,47595.68802279
51357,200,16,53891.96364575
51358,200,17,39103.14852846
51359,200,18,40143.22248518
51360,200,19,48081.82862834
51361,200,20,43973.52206074
51362,200,21,36641.07389003
51363,200,22,56399.90709147
51364,200,23,50235.04064359
51365,200,24,49836.2221507
51366,200,25,45461.35162253
51367,200,26,53994.64663564
51368,200,27,37808.75066336
51369,200,28,42729.59039773
51370,200,29,52832.87412213
51371,200,30,41152.68693189
51372,200,31,48716.35014935
51373,200,32,46032.76074043
51374,200,33,35214.98292392
51375,200,34,45098.73662386
51376,200,35,47482.86025439
51377,200,36,58662.72981246
51378,200,37,59492.5890403
51379,200,38,49197.49910286
51380,200,39,50766.04552645
51381,200,40,30291.31362518
51382,200,41,35876.42852248
51383,200,42,37632.76380459
51384,200,43,27453.43009555
51385,200,44,35558.29196151
51386,200,45,38855.18869737
51387,200,46,36509.9027301
51388,200,47,24064.89089587
51389,200,48,23411.45935538
51390,200,49,39977.04417534
51391,200,50,26323.06486726
51392,200,51,41957.43925494
51393,200,52,42386.09624911
51394,200,53,48361.07893207
51395,200,54,41870.86170026
51396,200,55,60375.50488934
51397,200,56,39562.86537625
51398,200,57,54484.00393995
51399,200,58,52461.60712859
51400,200,59,41049.31182158
51401,200,60,44238.46824365
51402,200,61,38128.50829099
51403,200,62,56679.33270961
51404,200,63,46559.70283651
51405,200,64,61402.59636374
51406,200,65,45421.71236157
51407,200,66,50796.91911998
51408,200,67,48130.61828934
51409,200,68,47468.53821335
51410,200,69,70787.77535421
51411,200,70,50591.98303264
51412,200,71,79333.97323667
51413,200,72,57605.97119688
51414,200,73,80137.57250455
51415,200,74,72020.85127168
51416,200,75,59484.26475022
51417,200,76,77846.56246606
51418,200,77,78970.37831023
51419,200,78,80897.67505927
51420,200,79,61625.14183091
51421,200,80,75638.61812183
51422,200,81,74692.36331089
51423,200,82,65403.17944629
51424,200,83,40828.49625273
51425,200,84,76772.90506484
51426,200,85,67430.02229652
51427,200,86,41917.26149897
51428,200,87,49313.68174806
51429,200,88,43976.89146806
51430,200,89,39541.09512288
51431,200,90,44518.24072136
51432,200,91,44330.46762814
51433,200,92,43349.69252635
51434,200,93,50998.59278905
51435,200,94,48406.49824957
51436,200,95,43428.91102135
51437,200,96,42414.16922404
51438,200,97,41311.98930915
51439,200,98,41828.98992951
51440,200,99,46447.75951545
51441,200,100,42231.06652706
51442,200,101,44619.03407924
51443,200,102,47093.75757658
51444,200,103,41441.3623307
51445,200,104,41998.37091518
51446,200,105,43810.68437605
51447,200,106,49379.97583762
51448,200,107,43998.94894179
51449,200,108,42458.08521429
51450,200,109,42824.22295749
51451,200,110,32936.87012476
51452,200,111,37111.57437605
51453,200,112,48585.34832262
51454,200,113,33272.61578017
51455,200,114,40341.37986886
51456,200,115,33415.77524453
51457,200,116,46535.42132681
51458,200,117,47536.86848843
51459,200,118,33624.63370515
51460,200,119,33564.15215566
51461,200,120,35205.85128319
51462,200,121,47373.70577659
51463,200,122,33366.72604413
51464,200,123,46908.2359289
51465,200,124,48150.05985481
51466,200,125,43202.50218107
51467,200,126,34609.96806248
51468,200,127,46234.20295913
51469,200,128,47224.82449537
51470,200,129,42251.64060071
51471,200,130,49500.91334068
51472,200,131,34064.55138827
51473,200,132,48999.09203567
51474,200,133,34127.21397595
51475,200,134,66952.50544007
51476,200,135,63042.14936133
51477,200,136,60568.79872559
51478,200,137,53179.21313357
51479,200,138,52490.03958204
51480,200,139,61896.759823
51481,200,140,58251.89541976
51482,200,141,57895.73839608
51483,200,142,65892.22494162
51484,200,143,68007.35091566
51485,200,144,64309.70620758
51486,200,145,66755.25347835
51487,200,146,55029.83823924
51488,200,147,49931.53272358
51489,200,148,44334.18986013
51490,200,149,48250.53555664
51491,200,150,41337.80666704
51492,200,151,48249.2669286
51493,200,152,45023.23075638
51494,200,153,49465.24305881
51495,200,154,50009.49273553
51496,200,155,41384.7011007
51497,200,156,44827.16920122
51498,200,157,48711.27195928
51499,200,158,40507.54866403
51500,200,159,44495.10835051
51501,200,160,41362.66177937
51502,200,161,42510.13683387
51503,200,162,43243.88822153
51504,200,163,45929.62119138
51505,200,164,45594.15062874
51506,200,165,47210.33538599
51507,200,166,45312.58420526
51508,200,167,50239.17625604
51509,200,168,29429.56250961
51510,200,169,28433.68324611
51511,200,170,29308.42241334
51512,200,171,29803.63052115
51513,200,172,32908.68357264
51514,200,173,32098.00541596
51515,200,174,31230.90568637
51516,200,175,36079.12863298
51517,200,176,38607.14831517
51518,200,177,34073.97045562
51519,200,178,43389.47272158
51520,200,179,42651.35915535
51521,200,180,43414.83438142
51522,200,181,40717.22972907
51523,200,182,39016.99647737
51524,200,183,39808.80763191
51525,200,184,42101.29418957
51526,200,185,42411.49379076
51527,200,186,39742.13142957
51528,200,187,39332.16577538
51529,200,188,8964.22215505
51530,200,189,13957.57146591
51531,200,190,21412.72320361
51532,200,191,16151.62570132
51533,200,192,11092.8942221
51534,200,193,17147.38841587
51535,200,194,19175.29978408
51536,200,195,12469.04263718
51537,200,196,8597.04613788
51538,200,197,22470.13312125
51539,200,198,32171.3544694
51540,200,199,29532.31106468
51541,200,200,0.0
51542,200,201,16247.26187313
51543,200,202,10034.94423768
51544,200,203,5255.54539419
51545,200,204,3644.32290403
51546,200,205,11353.43976478
51547,200,206,20740.75053662
51548,200,207,13222.85748572
51549,200,208,26195.81484665
51550,200,209,47247.50998522
51551,200,210,43268.83277008
51552,200,211,52054.50390602
51553,200,212,79986.53601584
51554,200,213,86105.56937597
51555,200,214,23165.35887264
51556,200,215,32175.21167346
51557,200,216,40334.03737177
51558,200,217,35434.40016427
51559,200,218,34936.61186791
51560,200,219,29295.1387723
51561,200,220,31994.73810607
51562,200,221,36514.76519355
51563,200,222,25015.6521326
51564,200,223,41926.46557512
51565,200,224,35484.65203809
51566,200,225,38367.82258768
51567,200,226,22554.81121188
51568,200,227,29472.2794778
51569,200,228,37386.70071703
51570,200,229,25238.18877613
51571,200,230,27033.45726461
51572,200,231,44095.97371673
51573,200,232,43770.82086655
51574,200,233,44456.06407711
51575,200,234,42682.17790875
51576,200,235,43349.84485744
51577,200,236,44875.44502612
51578,200,237,42926.33077518
51579,200,238,69966.68679769
51580,200,239,59494.08486614
51581,200,240,67823.85442758
51582,200,241,51503.73054051
51583,200,242,56215.25429462
51584,200,243,50925.6039814
51585,200,244,63966.00991542
51586,200,245,63297.32955496
51587,200,246,64704.37853741
51588,200,247,60551.26383914
51589,200,248,62436.71001554
51590,200,249,68721.01677619
51591,200,250,69077.1549276
51592,200,251,58368.14257802
51593,200,252,52860.44853791
51594,200,253,50948.91392384
51595,200,254,65639.01626298
51596,200,255,66648.15139344
51597,200,256,69047.5963625
51598,200,257,61425.38411539
51599,200,258,54996.17178849
51600,201,1,29995.46774871
51601,201,2,37109.43885176
51602,201,3,30418.39106767
51603,201,4,32814.32138699
51604,201,5,36228.79547536
51605,201,6,35031.1589284
51606,201,7,27703.86253054
51607,201,8,31453.16027776
51608,201,9,31055.81392244
51609,201,10,26152.42558887
51610,201,11,28284.60408431
51611,201,12,29066.87651419
51612,201,13,29863.99918482
51613,201,14,33701.91607036
51614,201,15,31857.93595507
51615,201,16,38379.55866818
51616,201,17,23191.67879792
51617,201,18,24246.65086716
51618,201,19,32717.81072743
51619,201,20,28116.9160789
51620,201,21,20628.70982074
51621,201,22,41856.22402375
51622,201,23,35442.54081996
51623,201,24,34771.83894138
51624,201,25,29771.43674168
51625,201,26,39429.22303308
51626,201,27,21833.68431486
51627,201,28,26866.30684955
51628,201,29,38288.2012296
51629,201,30,25269.38612857
51630,201,31,33460.22649072
51631,201,32,30413.34141645
51632,201,33,19118.17578686
51633,201,34,29300.90059286
51634,201,35,32008.10198875
51635,201,36,44105.86642027
51636,201,37,44863.89929124
51637,201,38,34025.22143153
51638,201,39,36071.11255769
51639,201,40,14044.47943823
51640,201,41,19965.57900029
51641,201,42,22454.35922611
51642,201,43,11617.7488086
51643,201,44,19750.84087142
51644,201,45,23667.81292767
51645,201,46,21224.05331233
51646,201,47,10074.33849466
51647,201,48,10012.52137126
51648,201,49,25052.10709127
51649,201,50,11009.56114378
51650,201,51,27131.61257298
51651,201,52,27777.38280373
51652,201,53,33973.4572692
51653,201,54,27411.75944518
51654,201,55,47383.6344771
51655,201,56,25231.14965215
51656,201,57,40465.72189039
51657,201,58,38310.18987027
51658,201,59,26666.97315914
51659,201,60,29540.6915353
51660,201,61,23449.31873713
51661,201,62,42934.59209489
51662,201,63,32024.09244142
51663,201,64,48886.45986086
51664,201,65,30863.0595142
51665,201,66,36513.14108859
51666,201,67,35210.59366945
51667,201,68,34298.65674273
51668,201,69,60807.27069808
51669,201,70,38517.08687662
51670,201,71,70051.52506759
51671,201,72,46810.15914386
51672,201,73,71155.45658954
51673,201,74,62197.84559493
51674,201,75,48914.33679684
51675,201,76,68325.1148673
51676,201,77,70745.65132752
51677,201,78,72286.04493489
51678,201,79,51249.65022504
51679,201,80,66130.84125387
51680,201,81,64989.22394098
51681,201,82,54859.8640146
51682,201,83,27856.36316727
51683,201,84,67274.01824425
51684,201,85,57107.06180324
51685,201,86,28841.05178932
51686,201,87,36820.12626215
51687,201,88,30849.35625004
51688,201,89,26880.31621652
51689,201,90,29694.98389662
51690,201,91,28956.80132735
51691,201,92,29161.3357808
51692,201,93,35041.98066375
51693,201,94,32550.30642468
51694,201,95,28372.18795174
51695,201,96,30139.75889291
51696,201,97,30422.87960664
51697,201,98,30523.87758201
51698,201,99,30569.03607454
51699,201,100,29512.57755243
51700,201,101,29094.69294199
51701,201,102,31214.13999599
51702,201,103,30923.53627365
51703,201,104,28550.4595845
51704,201,105,29330.76423675
51705,201,106,33426.63378174
51706,201,107,28785.43309716
51707,201,108,30706.72079402
51708,201,109,29063.50021772
51709,201,110,21030.5787561
51710,201,111,22486.23421675
51711,201,112,32581.06682975
51712,201,113,22162.96997724
51713,201,114,25304.76792688
51714,201,115,23675.37286902
51715,201,116,31187.42544796
51716,201,117,31426.71805894
51717,201,118,20231.49224513
51718,201,119,24735.65747977
51719,201,120,20883.91029101
51720,201,121,31225.14424128
51721,201,122,20514.23748382
51722,201,123,31456.35167652
51723,201,124,32594.55451921
51724,201,125,27975.28029114
51725,201,126,20627.4449792
51726,201,127,31045.70528967
51727,201,128,31041.25934967
51728,201,129,27087.18222689
51729,201,130,33696.61547918
51730,201,131,23344.53032459
51731,201,132,33391.69435078
51732,201,133,23766.91586426
51733,201,134,52098.18703962
51734,201,135,48117.3491653
51735,201,136,45805.68061633
51736,201,137,40009.79015812
51737,201,138,39790.93542128
51738,201,139,47027.528704
51739,201,140,43975.1591059
51740,201,141,43963.0308485
51741,201,142,51128.54745157
51742,201,143,53022.42721222
51743,201,144,49512.26421405
51744,201,145,51655.36205938
51745,201,146,41522.08445322
51746,201,147,34485.79027593
51747,201,148,28263.71762797
51748,201,149,33294.76237188
51749,201,150,25090.63368022
51750,201,151,32561.53143687
51751,201,152,28981.35803606
51752,201,153,33932.65922097
51753,201,154,34777.12939651
51754,201,155,25222.10911489
51755,201,156,31019.39670867
51756,201,157,33589.61027861
51757,201,158,24278.296681
51758,201,159,30909.68157403
51759,201,160,25136.21486595
51760,201,161,26389.33933866
51761,201,162,27141.52020359
51762,201,163,31665.97183415
51763,201,164,29592.71854652
51764,201,165,32468.55978307
51765,201,166,31183.1087913
51766,201,167,34880.2852729
51767,201,168,15967.0793906
51768,201,169,14106.55506612
51769,201,170,15327.21925701
51770,201,171,16865.49917308
51771,201,172,19223.54521744
51772,201,173,18695.62783724
51773,201,174,18414.27622363
51774,201,175,22562.9274864
51775,201,176,25139.61473975
51776,201,177,20322.8847736
51777,201,178,33811.31092027
51778,201,179,31652.56939439
51779,201,180,34562.46262505
51780,201,181,34103.68117032
51781,201,182,34143.8116338
51782,201,183,36706.03353029
51783,201,184,34213.30566955
51784,201,185,32068.91102899
51785,201,186,34322.78083722
51786,201,187,35775.6136518
51787,201,188,9206.11981667
51788,201,189,13058.00691043
51789,201,190,20409.57525581
51790,201,191,15442.69735079
51791,201,192,9653.54564162
51792,201,193,16490.65244777
51793,201,194,18392.20586172
51794,201,195,11092.82438836
51795,201,196,7936.3705557
51796,201,197,22125.46300452
51797,201,198,16230.55345497
51798,201,199,13427.15803587
51799,201,200,16247.26187313
51800,201,201,0.0
51801,201,202,26266.35941916
51802,201,203,21453.46812427
51803,201,204,12604.13638937
51804,201,205,5433.76470046
51805,201,206,4493.60130587
51806,201,207,29409.12237274
51807,201,208,10146.70040063
51808,201,209,33212.92234341
51809,201,210,28655.50709258
51810,201,211,38236.29734866
51811,201,212,69899.93758398
51812,201,213,76701.65086792
51813,201,214,23925.91095397
51814,201,215,22407.08712899
51815,201,216,27167.03869402
51816,201,217,23524.40878006
51817,201,218,23761.86626935
51818,201,219,32833.65698622
51819,201,220,36862.60867966
51820,201,221,23576.02331514
51821,201,222,19036.26615596
51822,201,223,28070.40758284
51823,201,224,41447.3673948
51824,201,225,25643.46113817
51825,201,226,20742.08893974
51826,201,227,20464.98339246
51827,201,228,43681.93328532
51828,201,229,27011.72251029
51829,201,230,29728.5387108
51830,201,231,29466.19546832
51831,201,232,29113.74517829
51832,201,233,29853.26303621
51833,201,234,27913.65753003
51834,201,235,28652.37030324
51835,201,236,30296.76527706
51836,201,237,28189.3467348
51837,201,238,54115.02354314
51838,201,239,43506.31006688
51839,201,240,51845.51455164
51840,201,241,36031.38356194
51841,201,242,40387.32983473
51842,201,243,35793.61533383
51843,201,244,47934.76086704
51844,201,245,47308.85220838
51845,201,246,48636.35077442
51846,201,247,44609.06275227
51847,201,248,46470.49742894
51848,201,249,52769.45789058
51849,201,250,53301.45990266
51850,201,251,42347.58291697
51851,201,252,37384.46488945
51852,201,253,36056.79930011
51853,201,254,49581.63440472
51854,201,255,50627.73829035
51855,201,256,53360.268573
51856,201,257,45512.07150402
51857,201,258,39311.27633804
51858,202,1,54853.31124049
51859,202,2,62327.37620777
51860,202,3,55459.61825521
51861,202,4,58264.84307884
51862,202,5,61498.91368358
51863,202,6,60379.54870986
51864,202,7,51703.75639835
51865,202,8,56784.46617892
51866,202,9,56264.51462928
51867,202,10,50434.06041736
51868,202,11,52413.32895351
51869,202,12,53476.49908614
51870,202,13,54505.99606391
51871,202,14,59096.86451483
51872,202,15,57316.31806887
51873,202,16,63483.16992762
51874,202,17,48931.6302709
51875,202,18,49961.60384878
51876,202,19,57632.63494903
51877,202,20,53761.03228415
51878,202,21,46520.61479401
51879,202,22,65526.09488579
51880,202,23,59520.87318057
51881,202,24,59244.35848477
51882,202,25,55168.68732489
51883,202,26,63149.35552752
51884,202,27,47668.72426097
51885,202,28,52524.31715563
51886,202,29,61987.7485892
51887,202,30,50961.7356004
51888,202,31,58216.01545758
51889,202,32,55706.41326084
51890,202,33,45135.0812278
51891,202,34,54855.77373268
51892,202,35,57085.66885628
51893,202,36,67778.74663967
51894,202,37,68636.90044423
51895,202,38,58657.31269071
51896,202,39,60004.75857447
51897,202,40,40304.25077705
51898,202,41,45717.14740884
51899,202,42,47187.11616375
51900,202,43,37468.38271863
51901,202,44,45360.55646616
51902,202,45,48401.08054096
51903,202,46,46114.24120943
51904,202,47,33876.71163266
51905,202,48,33153.60332081
51906,202,49,49412.31890519
51907,202,50,36283.26380849
51908,202,51,51333.19823195
51909,202,52,51671.63251847
51910,202,53,57489.3764274
51911,202,54,51104.07436402
51912,202,55,68739.79180123
51913,202,56,48779.58928462
51914,202,57,63387.16756837
51915,202,58,61444.77517937
51916,202,59,50263.77057231
51917,202,60,53539.08418643
51918,202,61,47494.4949922
51919,202,62,65435.4779924
51920,202,63,55769.30392844
51921,202,64,69528.10267659
51922,202,65,54652.92400289
51923,202,66,59855.26139978
51924,202,67,56636.68730727
51925,202,68,56092.47305097
51926,202,69,77520.96998438
51927,202,70,58683.29111944
51928,202,71,85581.04485871
51929,202,72,64969.10003438
51930,202,73,86213.0995165
51931,202,74,78654.2842915
51932,202,75,66702.51425789
51933,202,76,84240.46614425
51934,202,77,84653.68487421
51935,202,78,86763.24990246
51936,202,79,68708.5256108
51937,202,80,82055.25554966
51938,202,81,81224.95867157
51939,202,82,72505.62143249
51940,202,83,49501.46776306
51941,202,84,83169.23376602
51942,202,85,74389.48102392
51943,202,86,50607.2821295
51944,202,87,57613.88564994
51945,202,88,52645.92694296
51946,202,89,48124.51388697
51947,202,90,53867.13481143
51948,202,91,53907.87143955
51949,202,92,52456.21461749
51950,202,93,60815.94007784
51951,202,94,58180.19183686
51952,202,95,52882.67669858
51953,202,96,50771.2393352
51954,202,97,49133.09766161
51955,202,98,49805.68938617
51956,202,99,56237.80612074
51957,202,100,50771.64033969
51958,202,101,54258.41991846
51959,202,102,56882.37922724
51960,202,103,49102.8092578
51961,202,104,50833.59176348
51962,202,105,53028.08104877
51963,202,106,59199.07482621
51964,202,107,53512.16982799
51965,202,108,50600.26130822
51966,202,109,51768.51028873
51967,202,110,41459.80836644
51968,202,111,46472.32458503
51969,202,112,58432.10123961
51970,202,113,41498.02556711
51971,202,114,49815.61773662
51972,202,115,41123.33238001
51973,202,116,56088.24793015
51974,202,117,57442.14168167
51975,202,118,42631.83791621
51976,202,119,40905.68125702
51977,202,120,44491.55998408
51978,202,121,57301.55081401
51979,202,122,42199.09382758
51980,202,123,56504.00976591
51981,202,124,57785.59773274
51982,202,125,52727.32969104
51983,202,126,43791.83225968
51984,202,127,55720.82143609
51985,202,128,57174.93234397
51986,202,129,51758.70176768
51987,202,130,59246.50485281
51988,202,131,42109.42250208
51989,202,132,58654.46200863
51990,202,133,42033.62642935
51991,202,134,76165.42569545
51992,202,135,72308.76363918
51993,202,136,69770.46003684
51994,202,137,61716.23832726
51995,202,138,60826.56065999
51996,202,139,71142.15599756
51997,202,140,67239.86956698
51998,202,141,66726.7687982
51999,202,142,75065.15106985
52000,202,143,77281.34495457
52001,202,144,73507.39983769
52002,202,145,76092.4966408
52003,202,146,63695.90083112
52004,202,147,59509.15667997
52005,202,148,54222.98793367
52006,202,149,57622.84921215
52007,202,150,51353.58602931
52008,202,151,57944.45523634
52009,202,152,54896.12900422
52010,202,153,59084.46912391
52011,202,154,59490.91105809
52012,202,155,51327.49491496
52013,202,156,53758.71106307
52014,202,157,58152.11352611
52015,202,158,50537.55743866
52016,202,159,53341.26358594
52017,202,160,51347.93954888
52018,202,161,52428.32053307
52019,202,162,53151.14717704
52020,202,163,55033.35099006
52021,202,164,55445.60587041
52022,202,165,56500.15515419
52023,202,166,54368.85830112
52024,202,167,59776.0031191
52025,202,168,39024.84538526
52026,202,169,38217.31991526
52027,202,170,39012.11732425
52028,202,171,39275.07125015
52029,202,172,42484.84826137
52030,202,173,41623.1953885
52031,202,174,40636.7664114
52032,202,175,45560.27138166
52033,202,176,48035.86629884
52034,202,177,43646.30347068
52035,202,178,50574.87582668
52036,202,179,50474.66775271
52037,202,180,50275.1731365
52038,202,181,46671.71877513
52039,202,182,44232.54738639
52040,202,183,44064.93838439
52041,202,184,48579.52587174
52042,202,185,49964.44020726
52043,202,186,45179.7740306
52044,202,187,43859.14979822
52045,202,188,18306.92153647
52046,202,189,21393.07734512
52047,202,190,26834.81009216
52048,202,191,22772.69356316
52049,202,192,19888.75991467
52050,202,193,23449.38290464
52051,202,194,24997.82274165
52052,202,195,20654.0919191
52053,202,196,18487.00710478
52054,202,197,27348.50863205
52055,202,198,42039.68521608
52056,202,199,39470.92502354
52057,202,200,10034.94423768
52058,202,201,26266.35941916
52059,202,202,0.0
52060,202,203,4820.22262545
52061,202,204,13667.44441294
52062,202,205,21227.97402753
52063,202,206,30759.24687424
52064,202,207,3936.81968737
52065,202,208,36128.16826231
52066,202,209,56239.40424899
52067,202,210,52546.00042216
52068,202,211,60894.54941539
52069,202,212,86653.51907885
52070,202,213,92336.40617968
52071,202,214,27317.55937173
52072,202,215,39964.83768161
52073,202,216,49093.74378578
52074,202,217,43862.15973097
52075,202,218,43111.9998123
52076,202,219,30726.91475562
52077,202,220,32167.28944323
52078,202,221,45283.12420972
52079,202,222,32001.44072925
52080,202,223,50923.2428268
52081,202,224,34492.70463115
52082,202,225,47006.42989347
52083,202,226,28139.13118097
52084,202,227,37160.15086161
52085,202,228,35975.06460057
52086,202,229,28422.20623222
52087,202,230,29350.41672457
52088,202,231,53370.56118671
52089,202,232,53059.96489744
52090,202,233,53715.78923709
52091,202,234,52027.60452621
52092,202,235,52659.77758066
52093,202,236,54120.77564089
52094,202,237,52256.60627275
52095,202,238,79693.51852147
52096,202,239,69313.71970381
52097,202,240,77627.22103675
52098,202,241,61086.20479492
52099,202,242,65954.85299858
52100,202,243,60356.67823936
52101,202,244,73805.39911205
52102,202,245,73112.20970209
52103,202,246,74565.54482094
52104,202,247,70343.70608683
52105,202,248,72239.90073832
52106,202,249,78507.44107619
52107,202,250,78762.66894465
52108,202,251,68208.02391287
52109,202,252,62438.69500793
52110,202,253,60273.14921479
52111,202,254,75492.67346968
52112,202,255,76478.10337275
52113,202,256,78684.53979928
52114,202,257,71200.36528855
52115,202,258,64666.97191088
52116,203,1,50128.14009567
52117,203,2,57579.83119396
52118,203,3,50719.53296585
52119,203,4,53493.33681994
52120,203,5,56745.85295052
52121,203,6,55618.54328924
52122,203,7,47047.28283305
52123,203,8,52021.46987369
52124,203,9,51511.22340509
52125,203,10,45748.68893843
52126,203,11,47747.421342
52127,203,12,48788.16404396
52128,203,13,49799.20674929
52129,203,14,54330.72388674
52130,203,15,52543.36457666
52131,203,16,58747.40415159
52132,203,17,44131.76952892
52133,203,18,45164.03738951
52134,203,19,52906.91465376
52135,203,20,48971.00138072
52136,203,21,41710.77078961
52137,203,22,60940.5466904
52138,203,23,54878.64909164
52139,203,24,54562.77595321
52140,203,25,50398.66859696
52141,203,26,58552.79077402
52142,203,27,42862.49780724
52143,203,28,47732.40935778
52144,203,29,57390.46964127
52145,203,30,46166.35819931
52146,203,31,53505.76677469
52147,203,32,50945.42457575
52148,203,33,40319.08656574
52149,203,34,50073.18075967
52150,203,35,52344.70629688
52151,203,36,63197.8548644
52152,203,37,64046.69335876
52153,203,38,53959.39858139
52154,203,39,55378.2879185
52155,203,40,35487.69983046
52156,203,41,40914.25710281
52157,203,42,42455.8047666
52158,203,43,32708.63306957
52159,203,44,40565.47174556
52160,203,45,43672.81716932
52161,203,46,41368.47768324
52162,203,47,29261.76166803
52163,203,48,28578.83899185
52164,203,49,44717.18998926
52165,203,50,31571.42856378
52166,203,51,46657.52428045
52167,203,52,47024.64536709
52168,203,53,52898.21619931
52169,203,54,46473.49140863
52170,203,55,64432.81773548
52171,203,56,44152.37910725
52172,203,57,58878.08137935
52173,203,58,56906.1879104
52174,203,59,45638.57698501
52175,203,60,48888.55143152
52176,203,61,42819.16548807
52177,203,62,60980.57343487
52178,203,63,51149.84697563
52179,203,64,65313.03349567
52180,203,65,50025.60766608
52181,203,66,55289.54687103
52182,203,67,52264.49918749
52183,203,68,51676.75978037
52184,203,69,73874.02594669
52185,203,70,54468.71880601
52186,203,71,82147.46193669
52187,203,72,61048.1970207
52188,203,73,82853.10914671
52189,203,74,75050.22431221
52190,203,75,62842.38660089
52191,203,76,80743.33368986
52192,203,77,81459.76029841
52193,203,78,83493.60118812
52194,203,79,64905.94770975
52195,203,80,78546.05417321
52196,203,81,77666.10345006
52197,203,82,68700.44614637
52198,203,83,45059.75928005
52199,203,84,79669.87073009
52200,203,85,70645.21138241
52201,203,86,46161.09080906
52202,203,87,53319.10058364
52203,203,88,48209.86948592
52204,203,89,43712.45296273
52205,203,90,49201.44702475
52206,203,91,49173.05244182
52207,203,92,47868.43705124
52208,203,93,56020.19469154
52209,203,94,53394.18897595
52210,203,95,48183.92765722
52211,203,96,46445.29572346
52212,203,97,45004.04374447
52213,203,98,45619.27526493
52214,203,99,51447.62120743
52215,203,100,46379.04305292
52216,203,101,49506.31478656
52217,203,102,52092.63117883
52218,203,103,45034.622928
52219,203,104,46336.7370611
52220,203,105,48404.11815067
52221,203,106,54402.74175717
52222,203,107,48795.89337692
52223,203,108,46353.43452255
52224,203,109,47235.03198491
52225,203,110,37056.05143265
52226,203,111,41797.8009857
52227,203,112,53629.79526732
52228,203,113,37199.97286662
52229,203,114,45109.04277709
52230,203,115,37014.23162496
52231,203,116,51361.37157194
52232,203,117,52629.09581325
52233,203,118,38065.70411819
52234,203,119,36934.11405227
52235,203,120,39838.45403969
52236,203,121,52485.29454391
52237,203,122,37690.48890989
52238,203,123,51764.86376226
52239,203,124,53035.62201256
52240,203,125,48007.27406436
52241,203,126,39170.6859364
52242,203,127,51013.48386177
52243,203,128,52356.24519327
52244,203,129,47043.42126675
52245,203,130,54467.59212083
52246,203,131,37878.66309209
52247,203,132,53899.22800571
52248,203,133,37853.59776471
52249,203,134,71554.76782331
52250,203,135,67678.5292222
52251,203,136,65161.174391
52252,203,137,57338.22597566
52253,203,138,56522.12761589
52254,203,139,66518.62497772
52255,203,140,62703.30554189
52256,203,141,62245.75132914
52257,203,142,70467.82027714
52258,203,143,72650.30061586
52259,203,144,68900.97614846
52260,203,145,71439.92834824
52261,203,146,59272.36786731
52262,203,147,54776.21142076
52263,203,148,49412.38317443
52264,203,149,52951.80850824
52265,203,150,46537.3231787
52266,203,151,53178.2877026
52267,203,152,50088.38666031
52268,203,153,54339.44608007
52269,203,154,54786.70253278
52270,203,155,46509.30688242
52271,203,156,49231.64704538
52272,203,157,53459.84280541
52273,203,158,45728.92008977
52274,203,159,48843.45159762
52275,203,160,46527.7766632
52276,203,161,47613.08188553
52277,203,162,48337.5147937
52278,203,163,50448.64379855
52279,203,164,50642.02046612
52280,203,165,51854.93923169
52281,203,166,49799.6408577
52282,203,167,55055.16698232
52283,203,168,34538.01076682
52284,203,169,33621.87859943
52285,203,170,34464.10558728
52286,203,171,34856.00323532
52287,203,172,38011.61089487
52288,203,173,37177.39681976
52289,203,174,36254.4144996
52290,203,175,41142.06891799
52291,203,176,43648.37959439
52292,203,177,39176.10280952
52293,203,178,46695.77721154
52294,203,179,46347.77276942
52295,203,180,46524.46720035
52296,203,181,43276.48659907
52297,203,182,41133.92339916
52298,203,183,41375.7199826
52299,203,184,44977.36802555
52300,203,185,45940.14983457
52301,203,186,41992.62480648
52302,203,187,41051.70756597
52303,203,188,13571.58204205
52304,203,189,17226.08308507
52305,203,190,23496.96177591
52306,203,191,18911.2265339
52307,203,192,15294.89791468
52308,203,193,19716.66872494
52309,203,194,21473.53290142
52310,203,195,16240.39638798
52311,203,196,13668.28519243
52312,203,197,24238.2641698
52313,203,198,37231.0768893
52314,203,199,34652.52810202
52315,203,200,5255.54539419
52316,203,201,21453.46812427
52317,203,202,4820.22262545
52318,203,203,0.0
52319,203,204,8864.91921933
52320,203,205,16411.87137634
52321,203,206,25945.34314061
52322,203,207,8316.65420935
52323,203,208,31310.07597493
52324,203,209,51693.77640437
52325,203,210,47902.31754471
52326,203,211,56405.97067774
52327,203,212,83044.22712297
52328,203,213,88916.66272859
52329,203,214,24509.13522996
52330,203,215,35821.05346497
52331,203,216,44620.97049261
52332,203,217,39497.45401791
52333,203,218,38836.3799515
52334,203,219,29182.40875705
52335,203,220,31238.41502843
52336,203,221,40801.63874786
52337,203,222,28114.98213792
52338,203,223,46370.96855076
52339,203,224,34158.85838756
52340,203,225,42572.99674417
52341,203,226,24755.22960188
52342,203,227,33042.6641307
52343,203,228,35864.21850426
52344,203,229,26049.30727768
52345,203,230,27379.11470959
52346,203,231,48728.27942164
52347,203,232,48412.79082386
52348,203,233,49078.54666354
52349,203,234,47361.86227016
52350,203,235,48005.68855937
52351,203,236,49488.48593068
52352,203,237,47595.79278498
52353,203,238,74922.35297761
52354,203,239,64518.34991174
52355,203,240,72836.35224694
52356,203,241,56352.32158482
52357,203,242,61178.57984604
52358,203,243,55668.38096339
52359,203,244,69005.98547063
52360,203,245,68318.26217857
52361,203,246,69761.56612827
52362,203,247,65554.79813347
52363,203,248,67448.61315346
52364,203,249,73720.76383488
52365,203,250,74002.73097407
52366,203,251,63408.07790528
52367,203,252,57706.43518812
52368,203,253,55618.82400523
52369,203,254,70690.30892369
52370,203,255,71680.97096974
52371,203,256,73938.45783956
52372,203,257,66415.81496496
52373,203,258,59908.86086726
52374,204,1,41788.73873641
52375,204,2,49142.96019981
52376,204,3,42323.94364493
52377,204,4,44970.79152204
52378,204,5,48289.90252119
52379,204,6,47134.21536754
52380,204,7,38957.00574799
52381,204,8,43535.47315707
52382,204,9,43063.99990671
52383,204,10,37565.58311903
52384,204,11,39622.32930128
52385,204,12,40582.65607985
52386,204,13,41526.20034495
52387,204,14,45828.37321348
52388,204,15,44016.39125065
52389,204,16,50351.08203885
52390,204,17,35494.61360279
52391,204,18,36537.25363034
52392,204,19,44558.37679295
52393,204,20,40375.22101794
52394,204,21,33018.9184163
52395,204,22,53019.16358802
52396,204,23,46803.58669124
52397,204,24,46361.17311936
52398,204,25,41887.36262438
52399,204,26,50606.40892928
52400,204,27,34191.61474073
52401,204,28,39129.62852523
52402,204,29,49446.04265945
52403,204,30,37549.08316128
52404,204,31,45210.08927301
52405,204,32,42469.38521183
52406,204,33,31582.87177831
52407,204,34,41509.2478688
52408,204,35,43942.12978119
52409,204,36,55283.12057152
52410,204,37,56101.95450306
52411,204,38,45704.7743424
52412,204,39,47351.13500238
52413,204,40,26647.63508998
52414,204,41,32265.65380965
52415,204,42,34118.82351808
52416,204,43,23868.07506843
52417,204,44,31959.58010775
52418,204,45,35342.76670321
52419,204,46,32978.98940072
52420,204,47,20672.56009815
52421,204,48,20077.69113282
52422,204,49,36504.23132324
52423,204,50,22797.22292175
52424,204,51,38503.97822723
52425,204,52,38966.10058445
52426,204,53,44990.58444098
52427,204,54,38471.87856425
52428,204,55,57271.99241082
52429,204,56,36175.09855043
52430,204,57,51188.10713161
52431,204,58,49138.99247119
52432,204,59,37659.23533327
52433,204,60,40809.72573303
52434,204,61,34685.3738258
52435,204,62,53434.91321543
52436,204,63,43161.52214924
52437,204,64,58387.44721567
52438,204,65,42017.21744565
52439,204,66,47448.78960153
52440,204,67,45001.13917597
52441,204,68,44294.51289544
52442,204,69,68278.80864813
52443,204,70,47618.55005159
52444,204,71,76986.91081117
52445,204,72,54894.52449897
52446,204,73,77852.87024549
52447,204,74,69546.42177315
52448,204,75,56822.82537124
52449,204,76,75447.93654405
52450,204,77,76835.64474374
52451,204,78,78689.74935767
52452,204,79,59008.89902209
52453,204,80,73236.78490363
52454,204,81,72249.20896779
52455,204,82,62768.34254307
52456,204,83,37655.60838961
52457,204,84,74375.92980966
52458,204,85,64844.12305281
52459,204,86,38733.64938412
52460,204,87,46261.86820151
52461,204,88,40795.07658107
52462,204,89,36409.9425008
52463,204,90,41071.04761481
52464,204,91,40800.94250564
52465,204,92,39996.76607009
52466,204,93,47389.46650033
52467,204,94,44810.64614301
52468,204,95,39944.50525341
52469,204,96,39364.09240657
52470,204,97,38488.10951603
52471,204,98,38937.899834
52472,204,99,42847.76437583
52473,204,100,39106.9416725
52474,204,101,41068.00368233
52475,204,102,43493.95536753
52476,204,103,38682.96308589
52477,204,104,38756.01836329
52478,204,105,40414.16978828
52479,204,106,45770.77334665
52480,204,107,40492.40440118
52481,204,108,39495.7945795
52482,204,109,39536.13572052
52483,204,110,29865.56851781
52484,204,111,33672.51442028
52485,204,112,44968.83356755
52486,204,113,30329.26516028
52487,204,114,36853.46390391
52488,204,115,30698.44561851
52489,204,116,43012.53560456
52490,204,117,43906.12674128
52491,204,118,30340.74271959
52492,204,119,31005.66966714
52493,204,120,31801.12814517
52494,204,121,43738.20554493
52495,204,122,30158.69514245
52496,204,123,43370.30471088
52497,204,124,44597.94361366
52498,204,125,39692.64766125
52499,204,126,31249.39966814
52500,204,127,42734.84758141
52501,204,128,43585.27823905
52502,204,129,38749.24701472
52503,204,130,45913.0953522
52504,204,131,31194.04024353
52505,204,132,45439.96301756
52506,204,133,31316.57349001
52507,204,134,63531.34302937
52508,204,135,59605.29005727
52509,204,136,57156.73782147
52510,204,137,50024.87030069
52511,204,138,49414.94778675
52512,204,139,58468.18743033
52513,204,140,54919.25554194
52514,204,141,54621.45206005
52515,204,142,62485.7550661
52516,204,143,64564.49255089
52517,204,144,60895.84745934
52518,204,145,63291.68689495
52519,204,146,51822.34477275
52520,204,147,46397.59749986
52521,204,148,40707.80232001
52522,204,149,44790.02299712
52523,204,150,37694.74822537
52524,204,151,44677.70236112
52525,204,152,41400.67987978
52526,204,153,45917.71295444
52527,204,154,46508.48046675
52528,204,155,37746.88510208
52529,204,156,41539.15521523
52530,204,157,45225.71634393
52531,204,158,36870.19919586
52532,204,159,41241.46252246
52533,204,160,37718.90795498
52534,204,161,38877.21231798
52535,204,162,39613.30750298
52536,204,163,42572.66235879
52537,204,164,41977.07931088
52538,204,165,43781.29366782
52539,204,166,41975.04673027
52540,204,167,46718.86143899
52541,204,168,26174.20437335
52542,204,169,25048.1941587
52543,204,170,25978.23432844
52544,204,171,26629.25013755
52545,204,172,29652.6289937
52546,204,173,28878.17612391
52547,204,174,28091.69006708
52548,204,175,32872.78842426
52549,204,176,35424.80123096
52550,204,177,30816.49429449
52551,204,178,40815.43260205
52552,204,179,39819.18602305
52553,204,180,40974.12076518
52554,204,181,38672.03167663
52555,204,182,37294.28496377
52556,204,183,38464.9319822
52557,204,184,39827.78447804
52558,204,185,39692.15549835
52559,204,186,37919.77744937
52560,204,187,37885.57608664
52561,204,188,5895.7230395
52562,204,189,11902.81184228
52563,204,190,20000.45158944
52564,204,191,14412.18241628
52565,204,192,8329.74361593
52566,204,193,15515.91516481
52567,204,194,17674.76702908
52568,204,195,10044.52801649
52569,204,196,5029.29783592
52570,204,197,21263.34618741
52571,204,198,28554.08730244
52572,204,199,25897.14713452
52573,204,200,3644.32290403
52574,204,201,12604.13638937
52575,204,202,13667.44441294
52576,204,203,8864.91921933
52577,204,204,0.0
52578,204,205,7770.35689422
52579,204,206,17097.73410511
52580,204,207,16850.89249811
52581,204,208,22563.13178539
52582,204,209,43930.86503081
52583,204,210,39850.50911313
52584,204,211,48786.5857741
52585,204,212,77480.94069972
52586,204,213,83749.98725096
52587,204,214,22251.26550004
52588,204,215,29433.71502875
52589,204,216,37127.55250704
52590,204,217,32388.96838058
52591,204,218,32002.99432286
52592,204,219,29270.7230766
52593,204,220,32367.60786164
52594,204,221,33319.41833372
52595,204,222,22752.34262424
52596,204,223,38619.90146053
52597,204,224,36198.88058593
52598,204,225,35218.72760402
52599,204,226,21021.9918667
52600,204,227,26806.74945529
52601,204,228,38213.49134928
52602,204,229,24653.01550878
52603,204,230,26735.48330089
52604,204,231,40677.25964428
52605,204,232,40347.13693669
52606,204,233,41042.37720698
52607,204,234,39239.00518034
52608,204,235,39918.99217267
52609,204,236,41466.51020118
52610,204,237,39488.48094893
52611,204,238,66378.70394608
52612,204,239,55882.5992644
52613,204,240,64215.32287764
52614,204,241,47967.14466572
52615,204,242,52626.94136013
52616,204,243,47441.40714187
52617,204,244,60348.80106505
52618,204,245,59686.46760997
52619,204,246,61081.79767745
52620,204,247,56946.87134961
52621,204,248,58829.07250142
52622,204,249,65116.82716679
52623,204,250,65501.29824088
52624,204,251,54751.59958923
52625,204,252,49324.43679284
52626,204,253,47502.73551676
52627,204,254,62018.12310901
52628,204,255,63032.96202587
52629,204,256,65486.24582321
52630,204,257,57825.62232957
52631,204,258,51429.22468814
52632,205,1,34031.05264716
52633,205,2,41373.04253329
52634,205,3,34557.89735457
52635,205,4,37203.15804144
52636,205,5,40519.57506108
52637,205,6,39364.20602544
52638,205,7,31276.97253875
52639,205,8,35765.36730807
52640,205,9,35294.04101274
52641,205,10,29853.36823493
52642,205,11,31927.59816793
52643,205,12,32859.05637206
52644,205,13,33782.88398205
52645,205,14,38059.16332001
52646,205,15,36249.10968714
52647,205,16,42583.57076399
52648,205,17,27752.2779906
52649,205,18,28791.12505599
52650,205,19,36798.04429371
52651,205,20,32620.08818855
52652,205,21,25305.6210149
52653,205,22,45384.41892836
52654,205,23,39116.66829449
52655,205,24,38633.10962861
52656,205,25,34118.4234136
52657,205,26,42964.80176362
52658,205,27,26465.42217289
52659,205,28,31376.18473093
52660,205,29,41807.11119739
52661,205,30,29799.83150281
52662,205,31,37459.27772037
52663,205,32,34699.05529646
52664,205,33,23907.31678522
52665,205,34,33747.01626405
52666,205,35,36175.03099184
52667,205,36,47647.98010789
52668,205,37,48453.50425955
52669,205,38,37963.06326021
52670,205,39,39681.67247887
52671,205,40,19195.28974303
52672,205,41,24527.29594108
52673,205,42,26366.41905258
52674,205,43,17050.6784325
52675,205,44,24204.86921787
52676,205,45,27590.88702137
52677,205,46,25217.21686709
52678,205,47,15088.06085242
52679,205,48,14818.58268178
52680,205,49,28783.59059987
52681,205,50,16393.89090368
52682,205,51,30800.68032792
52683,205,52,31299.05247821
52684,205,53,37376.55325819
52685,205,54,30830.93777686
52686,205,55,50031.17130837
52687,205,56,28552.52349921
52688,205,57,43665.5236997
52689,205,58,41582.49266419
52690,205,59,30030.93776015
52691,205,60,33130.68649302
52692,205,61,26997.17294409
52693,205,62,45982.78362622
52694,205,63,35515.39867732
52695,205,64,51290.33349722
52696,205,65,34364.84590809
52697,205,66,39860.49481053
52698,205,67,37752.51278946
52699,205,68,36973.94463461
52700,205,69,62061.15919197
52701,205,70,40632.17116672
52702,205,71,71042.88698687
52703,205,72,48355.78631089
52704,205,73,72024.41011495
52705,205,74,63388.91214591
52706,205,75,50368.58562407
52707,205,76,69411.73023722
52708,205,77,71299.88087839
52709,205,78,73005.30473401
52710,205,79,52629.29237204
52711,205,80,67202.48663587
52712,205,81,66140.46149734
52713,205,82,56337.0010621
52714,205,83,30363.96410019
52715,205,84,68346.65205399
52716,205,85,58495.74555901
52717,205,86,31418.46706335
52718,205,87,39142.16136233
52719,205,88,33474.25772419
52720,205,89,29199.10848751
52721,205,90,33372.03763646
52722,205,91,33038.33868788
52723,205,92,32413.80942216
52724,205,93,39647.37909846
52725,205,94,37053.28546353
52726,205,95,32211.51632914
52727,205,96,32282.74572008
52728,205,97,31848.6401675
52729,205,98,32161.59630922
52730,205,99,35094.33904766
52731,205,100,31893.40829608
52732,205,101,33298.60891464
52733,205,102,35740.32838087
52734,205,103,32172.85011935
52735,205,104,31342.97724031
52736,205,105,32773.51165593
52737,205,106,38028.8647431
52738,205,107,32742.65897229
52739,205,108,32577.75153584
52740,205,109,32048.56292071
52741,205,110,22824.96456126
52742,205,111,25990.33737966
52743,205,112,37239.78376059
52744,205,113,23545.29143531
52745,205,114,29119.20947619
52746,205,115,24392.2211401
52747,205,116,35252.71884762
52748,205,117,36218.41449276
52749,205,118,22896.6950819
52750,205,119,25042.27783877
52751,205,120,24165.35450014
52752,205,121,36073.67989888
52753,205,122,22850.84757689
52754,205,123,35604.13697815
52755,205,124,36828.26763722
52756,205,125,31940.99020621
52757,205,126,23677.93610875
52758,205,127,34989.30762753
52759,205,128,35949.4707448
52760,205,129,31002.93031492
52761,205,130,38149.92326624
52762,205,131,24549.94413836
52763,205,132,37669.64164529
52764,205,133,24797.52646024
52765,205,134,55846.51193483
52766,205,135,51906.52370716
52767,205,136,49484.10193348
52768,205,137,42719.41016946
52769,205,138,42243.08442293
52770,205,139,50777.95395115
52771,205,140,47342.58118353
52772,205,141,47124.39780244
52773,205,142,54816.48990742
52774,205,143,56858.5150538
52775,205,144,53219.53836509
52776,205,145,55568.03202694
52777,205,146,44428.77523541
52778,205,147,38632.57696093
52779,205,148,33005.0224627
52780,205,149,37075.5430276
52781,205,150,30227.00841361
52782,205,151,36908.29968271
52783,205,152,33686.30735098
52784,205,153,38148.79659822
52785,205,154,38760.76654074
52786,205,155,30100.88940758
52787,205,156,34046.38398605
52788,205,157,37489.57776294
52789,205,158,29500.37108518
52790,205,159,33802.29357003
52791,205,160,30150.50062605
52792,205,161,31201.21656628
52793,205,162,31926.40184729
52794,205,163,34979.73345576
52795,205,164,34249.50815401
52796,205,165,36099.2303869
52797,205,166,34409.60788833
52798,205,167,38959.76743116
52799,205,168,20961.44363868
52800,205,169,19305.44916784
52801,205,170,20453.87112923
52802,205,171,21724.69109465
52803,205,172,24325.01472832
52804,205,173,23716.87979726
52805,205,174,23267.66514723
52806,205,175,27657.11605038
52807,205,176,30243.90754885
52808,205,177,25452.49824203
52809,205,178,34656.66258773
52810,205,179,33150.61480926
52811,205,180,35089.02272844
52812,205,181,33665.61458224
52813,205,182,33020.60184789
52814,205,183,34989.22857065
52815,205,184,34311.23161724
52816,205,185,33250.07758419
52817,205,186,33413.40128039
52818,205,187,34200.82685575
52819,205,188,3822.5206809
52820,205,189,9106.83471508
52821,205,190,17355.60982659
52822,205,191,11808.93791397
52823,205,192,4945.3511773
52824,205,193,12968.44870008
52825,205,194,15104.24093159
52826,205,195,6852.01749764
52827,205,196,2756.80929497
52828,205,197,18971.08878235
52829,205,198,20829.70964147
52830,205,199,18245.51406944
52831,205,200,11353.43976478
52832,205,201,5433.76470046
52833,205,202,21227.97402753
52834,205,203,16411.87137634
52835,205,204,7770.35689422
52836,205,205,0.0
52837,205,206,9766.38222784
52838,205,207,24570.19414998
52839,205,208,14902.13129026
52840,205,209,36391.08421778
52841,205,210,32184.35787424
52842,205,211,41308.06125019
52843,205,212,71238.09219381
52844,205,213,77768.37821628
52845,205,214,20534.971936
52846,205,215,23100.78738901
52847,205,216,29780.71041642
52848,205,217,25372.04501115
52849,205,218,25215.81196288
52850,205,219,29011.0218933
52851,205,220,32802.97514168
52852,205,221,26012.46073625
52853,205,222,17800.47938482
52854,205,223,31106.87358142
52855,205,224,37209.35875686
52856,205,225,27982.89584718
52857,205,226,17986.12575419
52858,205,227,20712.15518152
52859,205,228,39398.46106674
52860,205,229,23471.16414248
52861,205,230,26035.48987367
52862,205,231,33009.71832467
52863,205,232,32674.26255452
52864,205,233,33380.26602376
52865,205,234,31545.77637094
52866,205,235,32238.50480576
52867,205,236,33809.50200827
52868,205,237,31800.73525276
52869,205,238,58615.93993169
52870,205,239,48143.83730896
52871,205,240,56471.95905598
52872,205,241,40201.07504447
52873,205,242,44864.19265765
52874,205,243,39705.57061548
52875,205,244,52620.07030886
52876,205,245,51946.61335524
52877,205,246,53365.08555228
52878,205,247,49198.25475592
52879,205,248,51084.57083434
52880,205,249,57367.9046346
52881,205,250,57733.25574576
52882,205,251,47021.85820096
52883,205,252,41558.46628785
52884,205,253,39800.44082478
52885,205,254,54297.24823347
52886,205,255,55300.25983461
52887,205,256,57715.9218627
52888,205,257,50071.94514272
52889,205,258,43659.22069204
52890,206,1,25978.95318884
52891,206,2,32925.24648388
52892,206,3,26334.51548873
52893,206,4,28576.62997905
52894,206,5,32032.58161242
52895,206,6,30815.94755646
52896,206,7,24022.68997067
52897,206,8,27262.66699544
52898,206,9,26909.55504559
52899,206,10,22398.36844515
52900,206,11,24547.00362707
52901,206,12,25217.97305202
52902,206,13,25923.7398093
52903,206,14,29478.09629993
52904,206,15,27622.38488539
52905,206,16,34224.18656248
52906,206,17,18903.86555382
52907,206,18,19961.80622336
52908,206,19,28657.40539173
52909,206,20,23836.18294803
52910,206,21,16292.88683932
52911,206,22,38098.27850197
52912,206,23,31624.45153286
52913,206,24,30836.56792774
52914,206,25,25568.81426114
52915,206,26,35678.93778279
52916,206,27,17514.95863072
52917,206,28,22587.33238747
52918,206,29,34555.45834338
52919,206,30,20986.88256978
52920,206,31,29445.71893722
52921,206,32,26242.64103325
52922,206,33,14733.41909698
52923,206,34,25045.70198188
52924,206,35,27899.1667849
52925,206,36,40328.7112805
52926,206,37,41053.299147
52927,206,38,30045.77691475
52928,206,39,32291.08141348
52929,206,40,9552.02795317
52930,206,41,15699.80412868
52931,206,42,18598.44840209
52932,206,43,7534.4537822
52933,206,44,15554.16816594
52934,206,45,19786.81563241
52935,206,46,17328.01840202
52936,206,47,7876.95967846
52937,206,48,8306.38719805
52938,206,49,21290.31313263
52939,206,50,7476.22785866
52940,206,51,23388.50683673
52941,206,52,24132.44242095
52942,206,53,30349.98353125
52943,206,54,23846.4331227
52944,206,55,44198.58070635
52945,206,56,21772.66562143
52946,206,57,36935.80251731
52947,206,58,34744.52779893
52948,206,59,23153.22074642
52949,206,60,25827.25860019
52950,206,61,19849.2312783
52951,206,62,39494.23694642
52952,206,63,28356.0134375
52953,206,64,45867.34189181
52954,206,65,27198.53207423
52955,206,66,32908.44795168
52956,206,67,32201.96765752
52957,206,68,31200.29023422
52958,206,69,58576.32838617
52959,206,70,35795.11289003
52960,206,71,67980.05657723
52961,206,72,44445.44428544
52962,206,73,69173.44118498
52963,206,74,60007.90827006
52964,206,75,46603.16405606
52965,206,76,66187.85584298
52966,206,77,69008.6922901
52967,206,78,70415.01630178
52968,206,79,48978.74748311
52969,206,80,64014.07454046
52970,206,81,62816.80287077
52971,206,82,52491.7333547
52972,206,83,24984.02915804
52973,206,84,65151.67965872
52974,206,85,54793.14684779
52975,206,86,25895.56543895
52976,206,87,33959.46511382
52977,206,88,27834.52685968
52978,206,89,24178.97212655
52979,206,90,25919.29977208
52980,206,91,24918.25978617
52981,206,92,25695.99662641
52982,206,93,30692.14527606
52983,206,94,28254.61176684
52984,206,95,24497.56639186
52985,206,96,27513.09291016
52986,206,97,28365.11155504
52987,206,98,28293.21057255
52988,206,99,26268.15920905
52989,206,100,26709.4462964
52990,206,101,24979.4088656
52991,206,102,26910.83104607
52992,206,103,28998.17921122
52993,206,104,25442.55359108
52994,206,105,25724.46020937
52995,206,106,29081.51609066
52996,206,107,24828.42386001
52997,206,108,28285.74585152
52998,206,109,25799.93024807
52999,206,110,18948.18965058
53000,206,111,18938.34170346
53001,206,112,28212.65402963
53002,206,113,20382.75700155
53003,206,114,21480.17523284
53004,206,115,22394.19719295
53005,206,116,27144.73346714
53006,206,117,27006.89485356
53007,206,118,17437.55497725
53008,206,119,23756.93375666
53009,206,120,17552.1345616
53010,206,121,26785.77324892
53011,206,122,17989.95322896
53012,206,123,27361.70351801
53013,206,124,28443.80193366
53014,206,125,24019.35472604
53015,206,126,17494.22213458
53016,206,127,27080.87866448
53017,206,128,26583.74546938
53018,206,129,23172.77896764
53019,206,130,29422.59045363
53020,206,131,21666.70902174
53021,206,132,29212.52580085
53022,206,133,22219.77691266
53023,206,134,48166.90942504
53024,206,135,44172.45719811
53025,206,136,41935.79206279
53026,206,137,36830.66413171
53027,206,138,36802.83532457
53028,206,139,43109.32340527
53029,206,140,40312.57784093
53030,206,141,40438.97440027
53031,206,142,47236.14021677
53032,206,143,49037.27480546
53033,206,144,45612.72061425
53034,206,145,47629.11759968
53035,206,146,38190.10861401
53036,206,147,30377.28907863
53037,206,148,23869.32678061
53038,206,149,29420.54604263
53039,206,150,20597.07095007
53040,206,151,28347.44724606
53041,206,152,24600.74348658
53042,206,153,29786.33639234
53043,206,154,30765.26572325
53044,206,155,20781.12661802
53045,206,156,27697.72809514
53046,206,157,29636.57220469
53047,206,158,19792.38864564
53048,206,159,27690.10166916
53049,206,160,20657.16268991
53050,206,161,21970.63349237
53051,206,162,22731.82129829
53052,206,163,28127.12194192
53053,206,164,25231.8838104
53054,206,165,28700.6424031
53055,206,166,27712.55217955
53056,206,167,30809.82425171
53057,206,168,13351.73601984
53058,206,169,11088.96791174
53059,206,170,12440.52450969
53060,206,171,14480.95776797
53061,206,172,16262.54755198
53062,206,173,15920.82629711
53063,206,174,15977.25368453
53064,206,175,19543.49854786
53065,206,176,22057.27177164
53066,206,177,17272.74819555
53067,206,178,32157.25711228
53068,206,179,29512.31115987
53069,206,180,33153.44637906
53070,206,181,33493.32852574
53071,206,182,34100.45043027
53072,206,183,37114.81913021
53073,206,184,33160.32259192
53074,206,185,30175.87426009
53075,206,186,34098.24953255
53076,206,187,36080.28048414
53077,206,188,13396.2497271
53078,206,189,16055.02444125
53079,206,190,22350.14440235
53080,206,191,18068.04290774
53081,206,192,13363.87049836
53082,206,193,18975.99869742
53083,206,194,20604.65505893
53084,206,195,14418.48549455
53085,206,196,12380.38025882
53086,206,197,24082.69507448
53087,206,198,11981.52773145
53088,206,199,9073.47471537
53089,206,200,20740.75053662
53090,206,201,4493.60130587
53091,206,202,30759.24687424
53092,206,203,25945.34314061
53093,206,204,17097.73410511
53094,206,205,9766.38222784
53095,206,206,0.0
53096,206,207,33894.22438107
53097,206,208,5918.13951255
53098,206,209,29755.94771233
53099,206,210,24995.01378393
53100,206,211,34811.36904378
53101,206,212,67566.78367683
53102,206,213,74549.68989741
53103,206,214,26021.91774286
53104,206,215,21197.08862849
53105,206,216,24224.31169472
53106,206,217,21302.04399327
53107,206,218,21860.58454496
53108,206,219,35130.51040905
53109,206,220,39332.5189514
53110,206,221,20862.75755748
53111,206,222,19598.41647356
53112,206,223,24782.80490226
53113,206,224,44050.7052963
53114,206,225,22954.41174915
53115,206,226,22431.2295828
53116,206,227,19723.76886039
53117,206,228,46315.07445291
53118,206,229,29158.78399199
53119,206,230,31956.54993526
53120,206,231,25786.35659624
53121,206,232,25425.60313499
53122,206,233,26181.08183186
53123,206,234,24187.86198281
53124,206,235,24951.04189951
53125,206,236,26630.13777757
53126,206,237,24475.19366224
53127,206,238,49785.78304048
53128,206,239,39130.71216065
53129,206,240,47466.82580822
53130,206,241,31903.41202252
53131,206,242,36086.4482873
53132,206,243,31820.99559384
53133,206,244,43536.77457679
53134,206,245,42929.44761281
53135,206,246,44222.36168851
53136,206,247,40252.03721014
53137,206,248,42101.28453287
53138,206,249,48401.03129814
53139,206,250,49003.51726205
53140,206,251,37958.717796
53141,206,252,33249.16428245
53142,206,253,32189.62942512
53143,206,254,45171.60609601
53144,206,255,46232.51504537
53145,206,256,49097.59160855
53146,206,257,41166.3888514
53147,206,258,35076.30974373
53148,207,1,58422.80426133
53149,207,2,65855.86089745
53150,207,3,59003.48174741
53151,207,4,61741.33366071
53152,207,5,65016.48338286
53153,207,6,63880.33942793
53154,207,7,55363.39267715
53155,207,8,60281.67408405
53156,207,9,59782.75470861
53157,207,10,54060.37679401
53158,207,11,56062.5657737
53159,207,12,57098.82880167
53160,207,13,58103.39032952
53161,207,14,62586.19350987
53162,207,15,60789.41507284
53163,207,16,67033.39475511
53164,207,17,52322.46272404
53165,207,18,53361.08896057
53166,207,19,61200.79992494
53167,207,20,57185.82031514
53168,207,21,49863.91050011
53169,207,22,69251.76327578
53170,207,23,63195.27982355
53171,207,24,62874.74945115
53172,207,25,58649.79621474
53173,207,26,66865.89173587
53174,207,27,51031.17589195
53175,207,28,55943.28478953
53176,207,29,65703.64058935
53177,207,30,54369.03510154
53178,207,31,61807.97878966
53179,207,32,59208.40842587
53180,207,33,48433.72337702
53181,207,34,58303.34035933
53182,207,35,60627.60945898
53183,207,36,71508.22290388
53184,207,37,72358.9115467
53185,207,38,62266.60963308
53186,207,39,63694.60041202
53187,207,40,43442.92970145
53188,207,41,49096.96328643
53189,207,42,50748.0449142
53190,207,43,40340.4489929
53191,207,44,48772.12526998
53192,207,45,51966.7629525
53193,207,46,49649.95552568
53194,207,47,36420.12630705
53195,207,48,35626.22472372
53196,207,49,53026.25523133
53197,207,50,39025.77577489
53198,207,51,54971.21697635
53199,207,52,55341.22698949
53200,207,53,61210.1167427
53201,207,54,54789.87507673
53202,207,55,72609.0888531
53203,207,56,52468.51961984
53204,207,57,67166.06650186
53205,207,58,65204.67125275
53206,207,59,53954.61782247
53207,207,60,57204.98157893
53208,207,61,51133.16962351
53209,207,62,69244.64898963
53210,207,63,59465.5789616
53211,207,64,73422.54243639
53212,207,65,58341.88205895
53213,207,66,63595.90739926
53214,207,67,60481.42425793
53215,207,68,59919.03662399
53216,207,69,81452.76796128
53217,207,70,62576.45587111
53218,207,71,89491.83749266
53219,207,72,68902.72454739
53220,207,73,90113.64811035
53221,207,74,82583.12050696
53222,207,75,70638.57671785
53223,207,76,88158.95564007
53224,207,77,88526.55571703
53225,207,78,90649.30139725
53226,207,79,72645.34498838
53227,207,80,85975.25545867
53228,207,81,85149.87869297
53229,207,82,76442.44110076
53230,207,83,53314.84924696
53231,207,84,87088.07237884
53232,207,85,78325.53554469
53233,207,86,54418.70484821
53234,207,87,61485.43181671
53235,207,88,56462.58429738
53236,207,89,51951.1948264
53237,207,90,57516.56009398
53238,207,91,57461.39093621
53239,207,92,56179.37428737
53240,207,93,64217.55402772
53241,207,94,61616.25255979
53242,207,95,56491.40850944
53243,207,96,54631.55179477
53244,207,97,53041.88391661
53245,207,98,53703.53949749
53246,207,99,59661.05784381
53247,207,100,54607.14253161
53248,207,101,57779.55979222
53249,207,102,60306.84171739
53250,207,103,53021.00655327
53251,207,104,54618.20278762
53252,207,105,56720.14063106
53253,207,106,62599.05184802
53254,207,107,57095.77255762
53255,207,108,54483.9995765
53256,207,109,55530.80458101
53257,207,110,45288.33177819
53258,207,111,50112.01108127
53259,207,112,61807.44567288
53260,207,113,45364.82476138
53261,207,114,53413.92343309
53262,207,115,45033.56917032
53263,207,116,59654.76648446
53264,207,117,60756.79132888
53265,207,118,46370.43656022
53266,207,119,44833.16139586
53267,207,120,48154.92529511
53268,207,121,60588.31963904
53269,207,122,45975.2461177
53270,207,123,60049.36781966
53271,207,124,61310.18542368
53272,207,125,56305.263846
53273,207,126,47486.14401709
53274,207,127,59317.28872192
53275,207,128,60430.53788861
53276,207,129,55344.06810846
53277,207,130,62703.10519283
53278,207,131,45995.05746519
53279,207,132,62168.12331788
53280,207,133,45930.87172764
53281,207,134,79870.09334987
53282,207,135,75995.10190217
53283,207,136,73476.22905135
53284,207,137,65559.4591007
53285,207,138,64695.6304582
53286,207,139,74834.91037199
53287,207,140,71001.56352049
53288,207,141,70522.240567
53289,207,142,78781.41739734
53290,207,143,80966.91139234
53291,207,144,77215.7772673
53292,207,145,79755.89961147
53293,207,146,67519.99047971
53294,207,147,63064.9248883
53295,207,148,57556.3485405
53296,207,149,61265.97666504
53297,207,150,54473.49107706
53298,207,151,61434.02460405
53299,207,152,58246.0687456
53300,207,153,62618.43226511
53301,207,154,63091.42164023
53302,207,155,54595.16798242
53303,207,156,57525.39350794
53304,207,157,61768.97776832
53305,207,158,53593.47198218
53306,207,159,57125.69397784
53307,207,160,54545.01384896
53308,207,161,55728.09874196
53309,207,162,56463.90838164
53310,207,163,58759.12711048
53311,207,164,58816.43402622
53312,207,165,60171.52702873
53313,207,166,58106.48628167
53314,207,167,63351.69125993
53315,207,168,41312.50912678
53316,207,169,40701.41441351
53317,207,170,41405.10135542
53318,207,171,41452.34488164
53319,207,172,44733.54791821
53320,207,173,43830.9861323
53321,207,174,42750.1594796
53322,207,175,47706.62846454
53323,207,176,50124.12148169
53324,207,177,45884.97552234
53325,207,178,54509.62439374
53326,207,179,54384.08835964
53327,207,180,54211.87373512
53328,207,181,50585.96980485
53329,207,182,48104.44771878
53330,207,183,47848.05270303
53331,207,184,52511.26198432
53332,207,185,53888.21343562
53333,207,186,49066.03352244
53334,207,187,47671.30157445
53335,207,188,21876.28441098
53336,207,189,25279.98113834
53337,207,190,30754.97100684
53338,207,191,26702.41921863
53339,207,192,23599.98154952
53340,207,193,27385.2950049
53341,207,194,28931.62694544
53342,207,195,24465.03860925
53343,207,196,21813.50896174
53344,207,197,31241.51833179
53345,207,198,45393.91001403
53346,207,199,42747.71166337
53347,207,200,13222.85748572
53348,207,201,29409.12237274
53349,207,202,3936.81968737
53350,207,203,8316.65420935
53351,207,204,16850.89249811
53352,207,205,24570.19414998
53353,207,206,33894.22438107
53354,207,207,0.0
53355,207,208,39413.9963872
53356,207,209,59994.06066423
53357,207,210,56218.95641745
53358,207,211,64685.20091175
53359,207,212,90582.24141604
53360,207,213,96244.62819692
53361,207,214,31159.85328528
53362,207,215,43868.63511384
53363,207,216,52891.36390322
53364,207,217,47706.9906181
53365,207,218,46985.959345
53366,207,219,34183.52124419
53367,207,220,35354.55101179
53368,207,221,49075.3163008
53369,207,222,35933.26189759
53370,207,223,54672.75447853
53371,207,224,37365.31820847
53372,207,225,50823.20826555
53373,207,226,32062.21238986
53374,207,227,41067.69876676
53375,207,228,38712.89958912
53376,207,229,32160.1894623
53377,207,230,32965.6042382
53378,207,231,57044.92879649
53379,207,232,56729.35424397
53380,207,233,57395.17343316
53381,207,234,55677.04361243
53382,207,235,56321.93954861
53383,207,236,57804.98582886
53384,207,237,55911.51433129
53385,207,238,83166.31663026
53386,207,239,72713.98803807
53387,207,240,81041.84755749
53388,207,241,64640.0998718
53389,207,242,69416.88013609
53390,207,243,63978.53647863
53391,207,244,77188.11298542
53392,207,245,76516.80736887
53393,207,246,77927.23381338
53394,207,247,73766.75263634
53395,207,248,75654.32078753
53396,207,249,81935.96866427
53397,207,250,82262.54620444
53398,207,251,71590.11193949
53399,207,252,65995.19838692
53400,207,253,63934.90616637
53401,207,254,78861.80783921
53402,207,255,79869.55658149
53403,207,256,82213.52358074
53404,207,257,74637.20651272
53405,207,258,68173.22306619
53406,208,1,20068.83916873
53407,208,2,27019.74589488
53408,208,3,20416.62402541
53409,208,4,22690.1973873
53410,208,5,26130.44956568
53411,208,6,24920.24253186
53412,208,7,18269.69966748
53413,208,8,21357.46161938
53414,208,9,20994.78417403
53415,208,10,16607.2680992
53416,208,11,18755.75304401
53417,208,12,19365.02134836
53418,208,13,20033.3352243
53419,208,14,23585.5489408
53420,208,15,21734.61386619
53421,208,16,28312.31534247
53422,208,17,13046.56382205
53423,208,18,14102.36880546
53424,208,19,22740.5527742
53425,208,20,17974.65102915
53426,208,21,10488.05063168
53427,208,22,32264.34296818
53428,208,23,25772.69695723
53429,208,24,24942.62462183
53430,208,25,19666.8465951
53431,208,26,29852.01135382
53432,208,27,11687.96643809
53433,208,28,16724.14077827
53434,208,29,28739.0466272
53435,208,30,15125.89743644
53436,208,31,23534.28722229
53437,208,32,20332.06480475
53438,208,33,9019.74412646
53439,208,34,19167.56189104
53440,208,35,21981.28835211
53441,208,36,34483.66024594
53442,208,37,35193.77018222
53443,208,38,24140.94387452
53444,208,39,26455.56751061
53445,208,40,4843.40352862
53446,208,41,9823.96237041
53447,208,42,12767.13409653
53448,208,43,6595.27209432
53449,208,44,9644.63665482
53450,208,45,13935.85544162
53451,208,46,11481.33008579
53452,208,47,10670.95164781
53453,208,48,11567.7839869
53454,208,49,15500.49777967
53455,208,50,8153.86568043
53456,208,51,17599.19180767
53457,208,52,18403.42825422
53458,208,53,24606.45530433
53459,208,54,18177.46213633
53460,208,55,38719.89897771
53461,208,56,16212.05430389
53462,208,57,31231.51346963
53463,208,58,29023.53498647
53464,208,59,17530.83293427
53465,208,60,20045.21962248
53466,208,61,14190.65566127
53467,208,62,33842.38553719
53468,208,63,22591.86433572
53469,208,64,40516.93758171
53470,208,65,21441.13096282
53471,208,66,27168.33819305
53472,208,67,26939.63192947
53473,208,68,25864.3473577
53474,208,69,53898.29930197
53475,208,70,30774.58241431
53476,208,71,63425.06391896
53477,208,72,39711.08453211
53478,208,73,64704.13065963
53479,208,74,55364.5263085
53480,208,75,41908.05542204
53481,208,76,61573.63000697
53482,208,77,64791.93997736
53483,208,78,66054.35268839
53484,208,79,44309.23340204
53485,208,80,59427.85327619
53486,208,81,58179.82063425
53487,208,82,47706.48709653
53488,208,83,19950.7885999
53489,208,84,60555.81269704
53490,208,85,50050.07692214
53491,208,86,20769.94880462
53492,208,87,28821.03040465
53493,208,88,22611.99204216
53494,208,89,19349.83290153
53495,208,90,20101.19392844
53496,208,91,19004.97842474
53497,208,92,20090.84286867
53498,208,93,24899.08013587
53499,208,94,22405.69363343
53500,208,95,18634.76313395
53501,208,96,22697.28734715
53502,208,97,24176.51458369
53503,208,98,23905.40493714
53504,208,99,20423.38395405
53505,208,100,21718.67318964
53506,208,101,19061.5544787
53507,208,102,21068.26567017
53508,208,103,24950.56586729
53509,208,104,20160.70402567
53510,208,105,20013.06265839
53511,208,106,23282.85544326
53512,208,107,18934.13744805
53513,208,108,23682.22643346
53514,208,109,20366.6164177
53515,208,110,15088.47599965
53516,208,111,13337.14269957
53517,208,112,22446.28603407
53518,208,113,16836.15110803
53519,208,114,15651.99799549
53520,208,115,19389.45421996
53521,208,116,21230.02249437
53522,208,117,21343.31494454
53523,208,118,12732.64136314
53524,208,119,21076.48791541
53525,208,120,12196.57651497
53526,208,121,21179.45824145
53527,208,122,13604.64710018
53528,208,123,21443.56542439
53529,208,124,22530.03415688
53530,208,125,18126.49674037
53531,208,126,12366.97677819
53532,208,127,21181.88000803
53533,208,128,21047.37334319
53534,208,129,17296.31662329
53535,208,130,23557.59611455
53536,208,131,18183.96568603
53537,208,132,23304.79364905
53538,208,133,18878.29342976
53539,208,134,42265.85869933
53540,208,135,38269.45988222
53541,208,136,36054.29379623
53542,208,137,31387.32439025
53543,208,138,31524.36283308
53544,208,139,37213.10631606
53545,208,140,34522.90852854
53546,208,141,34729.7312718
53547,208,142,41345.32662721
53548,208,143,43125.78744006
53549,208,144,39720.53701707
53550,208,145,41712.93205575
53551,208,146,32620.2495831
53552,208,147,24459.56045911
53553,208,148,18152.36534141
53554,208,149,23548.91859571
53555,208,150,15490.55053381
53556,208,151,22450.58842998
53557,208,152,18856.85339879
53558,208,153,23872.15600407
53559,208,154,24853.76537598
53560,208,155,15199.32667598
53561,208,156,22195.0470777
53562,208,157,23738.59692865
53563,208,158,14954.16975985
53564,208,159,22276.88715325
53565,208,160,15283.67441371
53566,208,161,16314.39525266
53567,208,162,17050.7349048
53568,208,163,22450.39202235
53569,208,164,19455.71327126
53570,208,165,22878.72449284
53571,208,166,22089.00453634
53572,208,167,24892.11068376
53573,208,168,14422.07066004
53574,208,169,11828.69715438
53575,208,170,13179.63300371
53576,208,171,15774.82032755
53577,208,172,16378.20491753
53578,208,173,16409.3928316
53579,208,174,17024.70410236
53580,208,175,19273.27193221
53581,208,176,21509.41566571
53582,208,177,17123.41380497
53583,208,178,28360.56374437
53584,208,179,25202.56784856
53585,208,180,29628.45558501
53586,208,181,30944.5303879
53587,208,182,32257.6972829
53588,208,183,35785.56155993
53589,208,184,30068.49228821
53590,208,185,26139.46874655
53591,208,186,32023.41112333
53592,208,187,34638.99960977
53593,208,188,18150.06604207
53594,208,189,19075.48511935
53595,208,190,23588.85169916
53596,208,191,20470.00216295
53597,208,192,17470.27810068
53598,208,193,21135.29043634
53599,208,194,22303.74652852
53600,208,195,17972.48427769
53601,208,196,17641.89391864
53602,208,197,25253.87862922
53603,208,198,6090.93687132
53604,208,199,3343.51773959
53605,208,200,26195.81484665
53606,208,201,10146.70040063
53607,208,202,36128.16826231
53608,208,203,31310.07597493
53609,208,204,22563.13178539
53610,208,205,14902.13129026
53611,208,206,5918.13951255
53612,208,207,39413.9963872
53613,208,208,0.0
53614,208,209,24130.61141529
53615,208,210,19250.5435561
53616,208,211,29186.08876878
53617,208,212,62758.55753641
53618,208,213,69896.2161317
53619,208,214,27294.17064794
53620,208,215,18353.47489688
53621,208,216,19130.80877033
53622,208,217,17139.45635539
53623,208,218,18080.48650561
53624,208,219,36407.20321034
53625,208,220,40775.0133782
53626,208,221,16113.98739754
53627,208,222,19217.83024835
53628,208,223,19339.19710293
53629,208,224,45616.66849345
53630,208,225,18170.28217556
53631,208,226,23333.11383337
53632,208,227,17604.75124242
53633,208,228,47896.25920816
53634,208,229,30386.64966494
53635,208,230,33213.9699982
53636,208,231,20025.38654913
53637,208,232,19661.00598328
53638,208,233,20423.21185523
53639,208,234,18405.41540624
53640,208,235,19180.30466757
53641,208,236,20873.82456775
53642,208,237,18698.63685854
53643,208,238,43968.32326654
53644,208,239,33371.54155271
53645,208,240,41710.69054094
53646,208,241,25987.26729904
53647,208,242,30242.65179593
53648,208,243,25916.70626657
53649,208,244,37813.80764716
53650,208,245,37175.25626866
53651,208,246,38531.07523702
53652,208,247,34466.64677415
53653,208,248,36332.1230096
53654,208,249,42629.8859336
53655,208,250,43158.23028998
53656,208,251,32221.38801422
53657,208,252,27334.029792
53658,208,253,26317.12738635
53659,208,254,39471.56847189
53660,208,255,40503.78528354
53661,208,256,43228.17540143
53662,208,257,35366.97358954
53663,208,258,29190.16344829
53664,209,1,7595.8403849
53665,209,2,11130.87018949
53666,209,3,8409.59347827
53667,209,4,10952.0061262
53668,209,5,10982.79468153
53669,209,6,10943.51484749
53670,209,7,6095.48015871
53671,209,8,10005.61604403
53672,209,9,9273.05011458
53673,209,10,7841.06694658
53674,209,11,5898.04922795
53675,209,12,6180.33806318
53676,209,13,6701.25137544
53677,209,14,10798.81925408
53678,209,15,10849.86058888
53679,209,16,11257.53368186
53680,209,17,14409.4995167
53681,209,18,13801.65496569
53682,209,19,7787.37660661
53683,209,20,12203.79328453
53684,209,21,16542.28983768
53685,209,22,9389.49143536
53686,209,23,4909.34147545
53687,209,24,6204.23461912
53688,209,25,10432.90359814
53689,209,26,7144.8891451
53690,209,27,15596.40282945
53691,209,28,12562.15831659
53692,209,29,6036.11930835
53693,209,30,13271.1750351
53694,209,31,7117.19788995
53695,209,32,9774.05429953
53696,209,33,18113.97766671
53697,209,34,11459.88634057
53698,209,35,8578.17245424
53699,209,36,11601.48412956
53700,209,37,12497.036237
53701,209,38,6667.75518795
53702,209,39,4813.07851539
53703,209,40,23377.33543589
53704,209,41,16232.3460382
53705,209,42,11643.08052457
53706,209,43,28538.29632752
53707,209,44,15823.78978366
53708,209,45,10670.64585487
53709,209,46,12928.04579731
53710,209,47,34021.63844403
53711,209,48,35070.56376557
53712,209,49,8874.27231683
53713,209,50,30707.01953939
53714,209,51,6916.83984808
53715,209,52,5869.12617571
53716,209,53,2029.43726188
53717,209,54,5964.02715356
53718,209,55,14718.84770373
53719,209,56,7993.71735621
53720,209,57,7278.10494263
53721,209,58,5215.24559157
53722,209,59,6606.55363763
53723,209,60,4720.93282421
53724,209,61,9939.98366883
53725,209,62,9739.99803573
53726,209,63,2705.80396589
53727,209,64,16808.99629273
53728,209,65,3356.73087835
53729,209,66,3675.48684799
53730,209,67,5187.94957765
53731,209,68,3956.58508816
53732,209,69,32174.32407681
53733,209,70,9600.4079633
53734,209,71,41844.20973667
53735,209,72,18689.68293597
53736,209,73,43399.2348516
53737,209,74,33717.17877472
53738,209,75,20851.74751873
53739,209,76,39830.40980345
53740,209,77,44436.64619561
53741,209,78,45110.75633214
53742,209,79,23163.3467486
53743,209,80,37853.22175304
53744,209,81,36456.81336656
53745,209,82,25835.74878667
53746,209,83,7335.59938937
53747,209,84,38909.65231899
53748,209,85,28235.44824268
53749,209,86,6304.58768712
53750,209,87,7370.57038623
53751,209,88,4819.60245415
53752,209,89,8877.83746102
53753,209,90,5107.37298791
53754,209,91,8292.40180522
53755,209,92,4061.51847056
53756,209,93,14062.3198118
53757,209,94,12169.30871838
53758,209,95,6873.02990495
53759,209,96,8057.66489161
53760,209,97,12316.1454844
53761,209,98,11029.94564487
53762,209,99,12224.03542882
53763,209,100,6933.38253904
53764,209,101,9258.1914021
53765,209,102,12263.97958855
53766,209,103,13328.38928527
53767,209,104,5585.67361948
53768,209,105,4264.82691679
53769,209,106,13520.23445612
53770,209,107,7430.19209551
53771,209,108,9571.14444592
53772,209,109,4482.11477343
53773,209,110,15159.25221298
53774,209,111,10819.95524189
53775,209,112,14010.71243647
53776,209,113,15806.66673003
53777,209,114,8947.08978618
53778,209,115,17756.82883011
53779,209,116,7638.62395667
53780,209,117,15479.63489764
53781,209,118,13633.28822231
53782,209,119,19260.8186124
53783,209,120,12332.76626529
53784,209,121,16202.64934195
53785,209,122,14062.3708793
53786,209,123,8389.86444839
53787,209,124,9293.19080514
53788,209,125,7891.79681962
53789,209,126,12715.17841557
53790,209,127,6581.46602823
53791,209,128,16998.77642071
53792,209,129,8113.43403717
53793,209,130,11856.58156792
53794,209,131,15834.06797734
53795,209,132,9884.30368255
53796,209,133,16366.50055232
53797,209,134,20080.79901756
53798,209,135,16412.09857887
53799,209,136,13738.32411934
53800,209,137,7639.89063056
53801,209,138,8581.03337861
53802,209,139,15204.91285921
53803,209,140,11011.02370252
53804,209,141,10759.34273944
53805,209,142,18920.55534344
53806,209,143,21322.48445758
53807,209,144,17417.89365064
53808,209,145,20352.31130679
53809,209,146,8512.55774804
53810,209,147,8827.24819333
53811,209,148,14691.39399881
53812,209,149,5070.05541937
53813,209,150,20016.5645404
53814,209,151,10460.9829171
53815,209,152,14241.12394706
53816,209,153,9371.75973592
53817,209,154,7337.47654839
53818,209,155,16637.14405253
53819,209,156,2543.48430676
53820,209,157,6210.51840369
53821,209,158,21460.9572329
53822,209,159,3243.93907953
53823,209,160,18284.7502379
53824,209,161,15692.34437325
53825,209,162,15288.54530091
53826,209,163,1821.37517782
53827,209,164,13680.18423075
53828,209,165,3725.98793466
53829,209,166,2043.96100717
53830,209,167,8294.83438932
53831,209,168,35498.48287445
53832,209,169,33224.83860767
53833,209,170,34179.97914556
53834,209,171,36822.37519606
53835,209,172,35581.2983056
53836,209,173,36188.10921578
53837,209,174,37474.29077825
53838,209,175,36965.78309521
53839,209,176,38015.52678881
53840,209,177,35660.67721823
53841,209,178,16027.7631709
53842,209,179,11783.40242308
53843,209,180,18151.51305516
53844,209,181,23738.57912657
53845,209,182,27683.07942222
53846,209,183,32202.75512151
53847,209,184,20631.57671155
53848,209,185,13742.90705575
53849,209,186,26526.23148485
53850,209,187,30942.86228823
53851,209,188,38290.99741334
53852,209,189,35193.76613025
53853,209,190,33465.9300022
53854,209,191,34642.60069125
53855,209,192,36398.92485785
53856,209,193,34456.41395499
53857,209,194,33972.9447684
53858,209,195,35610.50253182
53859,209,196,38987.97100363
53860,209,197,34290.34323042
53861,209,198,18965.0408272
53862,209,199,21861.39575676
53863,209,200,47247.50998522
53864,209,201,33212.92234341
53865,209,202,56239.40424899
53866,209,203,51693.77640437
53867,209,204,43930.86503081
53868,209,205,36391.08421778
53869,209,206,29755.94771233
53870,209,207,59994.06066423
53871,209,208,24130.61141529
53872,209,209,0.0
53873,209,210,5137.7643692
53874,209,211,5057.95208026
53875,209,212,40312.73145255
53876,209,213,47825.72916817
53877,209,214,35922.43881726
53878,209,215,18368.97976141
53879,209,216,7428.77835719
53880,209,217,13154.20433676
53881,209,218,14578.39940277
53882,209,219,42570.44172775
53883,209,220,46654.42125035
53884,209,221,11077.67841645
53885,209,222,26657.69104677
53886,209,223,5324.40807197
53887,209,224,51154.91512345
53888,209,225,9704.1560043
53889,209,226,32336.09777957
53890,209,227,20909.97521997
53891,209,228,53167.11946194
53892,209,229,37912.03136041
53893,209,230,40069.19388563
53894,209,231,4550.21135274
53895,209,232,4896.35858482
53896,209,233,4183.20594699
53897,209,234,6141.61628286
53898,209,235,5366.47248394
53899,209,236,3793.09814503
53900,209,237,5837.67240527
53901,209,238,26551.97725257
53902,209,239,19241.78916366
53903,209,240,25757.64397692
53904,209,241,9657.36392066
53905,209,242,15304.86856832
53906,209,243,7111.85638331
53907,209,244,23156.41132838
53908,209,245,22124.26371307
53909,209,246,24221.25578845
53910,209,247,19501.09182766
53911,209,248,21202.47254966
53912,209,249,26273.26954754
53913,209,250,25234.53472404
53914,209,251,18872.35476494
53915,209,252,10386.84679123
53916,209,253,5820.81926807
53917,209,254,24832.88484255
53918,209,255,25214.4088108
53919,209,256,24679.88389971
53920,209,257,19871.59672811
53921,209,258,13260.63179019
53922,210,1,4356.91526175
53923,210,2,11103.25766742
53924,210,3,5405.23673283
53925,210,4,8869.00688058
53926,210,5,10556.01373395
53927,210,6,9928.4631384
53928,210,7,985.70943752
53929,210,8,7409.27869243
53930,210,9,6555.16559643
53931,210,10,2719.92389746
53932,210,11,901.3537224
53933,210,12,2082.1546538
53934,210,13,3371.82933132
53935,210,14,9168.47976682
53936,210,15,8339.94528992
53937,210,16,11842.21831936
53938,210,17,9411.5072329
53939,210,18,8913.72946248
53940,210,19,6346.11503187
53941,210,20,8163.92834022
53942,210,21,11429.23383814
53943,210,22,13221.72931603
53944,210,23,6976.37304137
53945,210,24,6882.70573029
53946,210,25,7012.8118641
53947,210,26,10795.65623084
53948,210,27,10524.81082522
53949,210,28,8162.89209441
53950,210,29,9645.07820739
53951,210,30,8534.28560125
53952,210,31,6404.5580054
53953,210,32,6682.17156482
53954,210,33,12981.92883545
53955,210,34,7829.95055338
53956,210,35,6504.84693745
53957,210,36,15481.14030426
53958,210,37,16272.51947493
53959,210,38,6551.54978506
53960,210,39,7500.64309239
53961,210,40,18261.20166446
53962,210,41,11095.25364455
53963,210,42,6575.74867776
53964,210,43,23429.15855908
53965,210,44,10689.78315517
53966,210,45,5549.17083658
53967,210,46,7873.72150484
53968,210,47,28945.58329075
53969,210,48,30003.56277397
53970,210,49,3791.52501484
53971,210,50,25603.58183747
53972,210,51,1779.10116486
53973,210,52,885.3534299
53974,210,53,5357.73422831
53975,210,54,1517.58201001
53976,210,55,19831.67059353
53977,210,56,3806.34989962
53978,210,57,11987.72532999
53979,210,58,9774.14251649
53980,210,59,2373.88534094
53981,210,60,1026.1920064
53982,210,61,5212.76123415
53983,210,62,14644.5421981
53984,210,63,3369.34448401
53985,210,64,21946.58308355
53986,210,65,2208.37093758
53987,210,66,7919.09263936
53988,210,67,9503.08342622
53989,210,68,8191.83283594
53990,210,69,37099.98281134
53991,210,70,14020.23647534
53992,210,71,46781.44027334
53993,210,72,23347.36089687
53994,210,73,48297.83363085
53995,210,74,38636.6856958
53996,210,75,25552.02134281
53997,210,76,44786.73315058
53998,210,77,49179.12024952
53999,210,78,49956.2606446
54000,210,79,27912.81599712
54001,210,80,42776.79227702
54002,210,81,41399.26221693
54003,210,82,30753.44352082
54004,210,83,6863.49475338
54005,210,84,43848.14976146
54006,210,85,33157.21795591
54007,210,86,6423.3998315
54008,210,87,11752.0944924
54009,210,88,6557.58969461
54010,210,89,8094.57788428
54011,210,90,1585.85137582
54012,210,91,4415.73337914
54013,210,92,2023.40713407
54014,210,93,12337.8823999
54015,210,94,9779.68295949
54016,210,95,2360.29636758
54017,210,96,9277.03266816
54018,210,97,13480.15256548
54019,210,98,12313.06551634
54020,210,99,9046.75174528
54021,210,100,7716.16805515
54022,210,101,5513.49063374
54023,210,102,9330.00331517
54024,210,103,14604.67641577
54025,210,104,5052.57982484
54026,210,105,896.28231662
54027,210,106,11276.46164781
54028,210,107,3342.9587741
54029,210,108,11023.07200976
54030,210,109,3812.87279069
54031,210,110,12761.95651893
54032,210,111,6201.90061954
54033,210,112,11393.20220048
54034,210,113,13984.48198342
54035,210,114,3812.65289544
54036,210,115,16596.94848036
54037,210,116,5209.38062951
54038,210,117,12345.77292283
54039,210,118,10177.62277843
54040,210,119,18426.16693324
54041,210,120,8067.07727061
54042,210,121,12955.5390139
54043,210,122,11041.46432039
54044,210,123,6016.55515744
54045,210,124,7413.27674912
54046,210,125,3381.54506545
54047,210,126,8777.79042294
54048,210,127,4226.29107883
54049,210,128,13645.97037709
54050,210,129,3213.0002903
54051,210,130,10006.84187939
54052,210,131,14444.07946674
54053,210,132,8303.87376744
54054,210,133,15164.06277296
54055,210,134,23684.2779617
54056,210,135,19779.97080513
54057,210,136,17306.24116516
54058,210,137,12767.46918408
54059,210,138,13540.33121282
54060,210,139,18628.76980949
54061,210,140,15330.17480361
54062,210,141,15481.6380828
54063,210,142,22636.11081431
54064,210,143,24750.10387907
54065,210,144,21045.50096787
54066,210,145,23547.15634766
54067,210,146,13587.87847052
54068,210,147,8161.17356984
54069,210,148,10714.5803531
54070,210,149,5194.74003171
54071,210,150,15442.20419547
54072,210,151,8342.76663831
54073,210,152,10464.38593635
54074,210,153,8217.14579519
54075,210,154,7446.70576987
54076,210,155,12043.81853873
54077,210,156,4212.71586559
54078,210,157,5980.03122943
54079,210,158,16787.29836761
54080,210,159,4950.16361233
54081,210,160,13706.806552
54082,210,161,11292.57298963
54083,210,162,11042.83594605
54084,210,163,3330.05804662
54085,210,164,10099.5835043
54086,210,165,3954.17611378
54087,210,166,3270.59318245
54088,210,167,8065.27529302
54089,210,168,30362.11051893
54090,210,169,28087.75320263
54091,210,170,29042.90728169
54092,210,171,31687.80364087
54093,210,172,30486.30133593
54094,210,173,31077.92211481
54095,210,174,32351.33401373
54096,210,175,31950.65723835
54097,210,176,33086.62459809
54098,210,177,30592.13520624
54099,210,178,17946.69581627
54100,210,179,13456.52312307
54101,210,180,20024.04592154
54102,210,181,24871.50512317
54103,210,182,28408.14406066
54104,210,183,32928.87383062
54105,210,184,22128.76587321
54106,210,185,15374.20522189
54107,210,186,27409.56189011
54108,210,187,31635.23230678
54109,210,188,34371.94943348
54110,210,189,31921.56805473
54111,210,190,31300.92384818
54112,210,191,31706.0282691
54113,210,192,32658.73555239
54114,210,193,31671.30553332
54115,210,194,31481.13417083
54116,210,195,32078.80520832
54117,210,196,34850.02047898
54118,210,197,32334.97491643
54119,210,198,13888.32687522
54120,210,199,16826.97198831
54121,210,200,43268.83277008
54122,210,201,28655.50709258
54123,210,202,52546.00042216
54124,210,203,47902.31754471
54125,210,204,39850.50911313
54126,210,205,32184.35787424
54127,210,206,24995.01378393
54128,210,207,56218.95641745
54129,210,208,19250.5435561
54130,210,209,5137.7643692
54131,210,210,0.0
54132,210,211,10067.68855065
54133,210,212,45367.63719711
54134,210,213,52845.60335187
54135,210,214,34124.839678
54136,210,215,16862.60526519
54137,210,216,6324.09416743
54138,210,217,11444.08256741
54139,210,218,13209.34974166
54140,210,219,41525.17000295
54141,210,220,45779.55671263
54142,210,221,8697.10704233
54143,210,222,24523.98332523
54144,210,223,3509.94300764
54145,210,224,50452.02406263
54146,210,225,8276.73720968
54147,210,226,30286.15449714
54148,210,227,19005.01473775
54149,210,228,52559.72872149
54150,210,229,36423.15921075
54151,210,230,38798.48134227
54152,210,231,827.1411041
54153,210,232,530.22906574
54154,210,233,1199.58622263
54155,210,234,1026.61900864
54156,210,235,424.48802158
54157,210,236,1641.30551324
54158,210,237,741.9857406
54159,210,238,28243.42207033
54160,210,239,19370.96463417
54161,210,240,26889.92611383
54162,210,241,9587.42616987
54163,210,242,15400.7378933
54164,210,243,8040.07689537
54165,210,244,23716.90736055
54166,210,245,22772.53539293
54167,210,246,24712.74608315
54168,210,247,19961.50609236
54169,210,248,21829.16535486
54170,210,249,27568.21127775
54171,210,250,27079.71653749
54172,210,251,18685.72569074
54173,210,252,10785.8191687
54174,210,253,7735.49658094
54175,210,254,25466.12058899
54176,210,255,26090.70430584
54177,210,256,26753.30730966
54178,210,257,20557.26526305
54179,210,258,13558.18353377
54180,211,1,11443.73948372
54181,211,2,11857.75282993
54182,211,3,11974.87854838
54183,211,4,13461.81030866
54184,211,5,12107.75790629
54185,211,6,12591.83855059
54186,211,7,11048.61736205
54187,211,8,13039.03670895
54188,211,9,12507.99235938
54189,211,10,12787.15634968
54190,211,11,10733.169222
54191,211,12,10676.21499234
54192,211,13,10776.55895266
54193,211,14,12979.21745084
54194,211,15,13696.09881381
54195,211,16,11360.59716824
54196,211,17,18993.67292537
54197,211,18,18271.62178311
54198,211,19,10489.27577616
54199,211,20,16029.66755896
54200,211,21,21294.12135657
54201,211,22,5851.74436895
54202,211,23,5992.54064838
54203,211,24,7850.6374193
54204,211,25,13974.68397223
54205,211,26,4579.8504746
54206,211,27,20272.21569549
54207,211,28,16643.07907615
54208,211,29,4139.31087054
54209,211,30,17608.40790399
54210,211,31,9507.51450284
54211,211,32,13179.19624751
54212,211,33,22920.96941772
54213,211,34,15044.24595392
54214,211,35,11516.5782449
54215,211,36,7686.46219747
54216,211,37,8634.6755356
54217,211,38,8772.2442039
54218,211,39,5237.73062457
54219,211,40,28319.60358085
54220,211,41,21080.35607213
54221,211,42,16635.36247648
54222,211,43,33490.98875688
54223,211,44,20725.62405756
54224,211,45,15612.93002494
54225,211,46,17929.17192317
54226,211,47,39012.82707704
54227,211,48,40069.3637905
54228,211,49,13852.973957
54229,211,50,35667.86977456
54230,211,51,11826.57740529
54231,211,52,10857.53130546
54232,211,53,5001.34252111
54233,211,54,11011.66509365
54234,211,55,9817.57551182
54235,211,56,13042.26548645
54236,211,57,2581.91245392
54237,211,58,1818.97921281
54238,211,59,11664.48051241
54239,211,60,9465.53072139
54240,211,61,14996.15583637
54241,211,62,4698.39348905
54242,211,63,6982.12259356
54243,211,64,12127.89797663
54244,211,65,8014.23019305
54245,211,66,2917.95014624
54246,211,67,5448.09485451
54247,211,68,5257.10933725
54248,211,69,28236.6206043
54249,211,70,7958.79057504
54250,211,71,37822.89248314
54251,211,72,15627.98981895
54252,211,73,39461.32924267
54253,211,74,29783.18468932
54254,211,75,17619.61237388
54255,211,76,35771.15540565
54256,211,77,40821.1946784
54257,211,78,41281.9669889
54258,211,79,19761.07071921
54259,211,80,33883.74316643
54260,211,81,32449.02570602
54261,211,82,21982.20196548
54262,211,83,11452.22465555
54263,211,84,34898.64338239
54264,211,85,24343.21839292
54265,211,86,10342.97257392
54266,211,87,6435.02506053
54267,211,88,8371.42655859
54268,211,89,12913.1952087
54269,211,90,9668.20776828
54270,211,91,12372.47967049
54271,211,92,9115.41133116
54272,211,93,15877.92345229
54273,211,94,14751.66918768
54274,211,95,11432.2471386
54275,211,96,10991.23963568
54276,211,97,14585.25164821
54277,211,98,13368.30811755
54278,211,99,15405.01967655
54279,211,100,10441.01918294
54280,211,101,13143.85896366
54281,211,102,15256.66727813
54282,211,103,15379.94925808
54283,211,104,10069.61715422
54284,211,105,9236.14258378
54285,211,106,15832.59483232
54286,211,107,11730.75395669
54287,211,108,12004.16200751
54288,211,109,9259.76040063
54289,211,110,19518.87891199
54290,211,111,15877.37387532
54291,211,112,16582.63213247
54292,211,113,19854.32619652
54293,211,114,13865.89097265
54294,211,115,21332.2490066
54295,211,116,11019.9160242
54296,211,117,18364.51787854
54297,211,118,18445.87503401
54298,211,119,22556.73888981
54299,211,120,17352.96558437
54300,211,121,19137.7664204
54301,211,122,18716.82585889
54302,211,123,11567.38461222
54303,211,124,11944.23728022
54304,211,125,12350.15683509
54305,211,126,17670.82083114
54306,211,127,10201.00280986
54307,211,128,19980.18073254
54308,211,129,12776.12594056
54309,211,130,14049.56588472
54310,211,131,19638.88491838
54311,211,132,12192.61554847
54312,211,133,20033.08303197
54313,211,134,16034.83940864
54314,211,135,12764.33725405
54315,211,136,10032.39351987
54316,211,137,3567.7771473
54317,211,138,5492.41812367
54318,211,139,11565.72216681
54319,211,140,6559.17462999
54320,211,141,5842.52704029
54321,211,142,14795.10784408
54322,211,143,17418.16509589
54323,211,144,13436.96800184
54324,211,145,16716.08383644
54325,211,146,3542.76018145
54326,211,147,10650.76431957
54327,211,148,18323.49192493
54328,211,149,7794.96708842
54329,211,150,24029.94928326
54330,211,151,13074.9200114
54331,211,152,17734.1450965
54332,211,153,11455.58800794
54333,211,154,8984.94816027
54334,211,155,20744.61079356
54335,211,156,7262.32219286
54336,211,157,8604.83106563
54337,211,158,25557.80644887
54338,211,159,7564.40142347
54339,211,160,22337.61672577
54340,211,161,19646.4666285
54341,211,162,19121.39251862
54342,211,163,6764.22686893
54343,211,164,17052.35604409
54344,211,165,7315.49879893
54345,211,166,7101.81654376
54346,211,167,9904.68625284
54347,211,168,40303.95513965
54348,211,169,38083.1602313
54349,211,170,38995.97460305
54350,211,171,41609.84475466
54351,211,172,40221.40304489
54352,211,173,40870.65877307
54353,211,174,42199.9554347
54354,211,175,41430.16533112
54355,211,176,42327.98719705
54356,211,177,40236.67795052
54357,211,178,17185.59412012
54358,211,179,13656.23695781
54359,211,180,19195.74793655
54360,211,181,25232.60033257
54361,211,182,29425.25912553
54362,211,183,33830.26583849
54363,211,184,21912.0038061
54364,211,185,15414.27763372
54365,211,186,28156.98509468
54366,211,187,32630.16659214
54367,211,188,43090.45204251
54368,211,189,39695.05660425
54369,211,190,37333.47214423
54370,211,191,38965.03221761
54371,211,192,41124.74717181
54372,211,193,38693.70841774
54373,211,194,38039.8934929
54374,211,195,40240.92918247
54375,211,196,43874.92765408
54376,211,197,38011.67416493
54377,211,198,23954.45241919
54378,211,199,26878.3394467
54379,211,200,52054.50390602
54380,211,201,38236.29734866
54381,211,202,60894.54941539
54382,211,203,56405.97067774
54383,211,204,48786.5857741
54384,211,205,41308.06125019
54385,211,206,34811.36904378
54386,211,207,64685.20091175
54387,211,208,29186.08876878
54388,211,209,5057.95208026
54389,211,210,10067.68855065
54390,211,211,0.0
54391,211,212,35978.25111841
54392,211,213,43573.97755814
54393,211,214,39518.84822978
54394,211,215,22134.06302248
54395,211,216,11803.79610635
54396,211,217,17275.62906816
54397,211,218,18436.93654955
54398,211,219,45545.8086044
54399,211,220,49457.62400655
54400,211,221,15611.59621065
54401,211,222,30596.5687919
54402,211,223,10209.05266863
54403,211,224,53782.21156292
54404,211,225,13948.85155602
54405,211,226,36142.40729357
54406,211,227,24832.02860554
54407,211,228,55700.57936139
54408,211,229,41268.80489477
54409,211,230,43242.142736
54410,211,231,9379.55898816
54411,211,232,9744.4623906
54412,211,233,8985.00856118
54413,211,234,11024.70586686
54414,211,235,10231.63861549
54415,211,236,8547.49339358
54416,211,237,10718.2899855
54417,211,238,24234.28769178
54418,211,239,18854.21587396
54419,211,240,24027.50146446
54420,211,241,10748.56154924
54421,211,242,15296.87405995
54422,211,243,8097.67011621
54423,211,244,22109.60072499
54424,211,245,21040.69482375
54425,211,246,23194.93340415
54426,211,247,18763.66782528
54427,211,248,20191.0038557
54428,211,249,24361.81702717
54429,211,250,22805.55500289
54430,211,251,18823.42833762
54431,211,252,10860.15047513
54432,211,253,6442.54461475
54433,211,254,23638.86573625
54434,211,255,23761.58807298
54435,211,256,22039.36021288
54436,211,257,18881.45033648
54437,211,258,13311.08146044
54438,212,1,47418.28980192
54439,212,2,46071.25170597
54440,212,3,47942.76317563
54441,212,4,48993.27535415
54442,212,5,46683.5131987
54443,212,6,47572.39689818
54444,212,7,46265.42388822
54445,212,8,48854.288376
54446,212,9,48405.09005603
54447,212,10,47968.08123224
54448,212,11,46183.54579366
54449,212,12,46447.60240496
54450,212,13,46714.23777532
54451,212,14,48330.43735117
54452,212,15,49402.86756593
54453,212,16,44969.98237562
54454,212,17,54722.18905071
54455,212,18,54096.73042756
54456,212,19,46289.40621126
54457,212,20,52004.20749122
54458,212,21,56784.8549276
54459,212,22,36895.38926668
54460,212,23,41693.62158887
54461,212,24,43472.05662021
54462,212,25,49921.30033333
54463,212,26,38307.40583903
54464,212,27,55889.45179614
54465,212,28,52611.82932284
54466,212,29,38853.36115305
54467,212,30,53507.89004217
54468,212,31,45256.01684198
54469,212,32,49106.85615907
54470,212,33,58284.3769643
54471,212,34,50988.97141766
54472,212,35,47352.04647097
54473,212,36,35874.16215746
54474,212,37,35982.1664323
54475,212,38,44473.65241596
54476,212,39,40861.22396643
54477,212,40,63143.72559944
54478,212,41,56362.89894948
54479,212,42,51509.15297997
54480,212,43,68166.26018721
54481,212,44,55856.11463055
54482,212,45,50723.97721003
54483,212,46,52705.7989379
54484,212,47,73308.24234205
54485,212,48,74273.3314471
54486,212,49,48890.16617807
54487,212,50,70255.22681175
54488,212,51,47123.99163264
54489,212,52,45979.34120176
54490,212,53,40915.85952136
54491,212,54,45820.06626836
54492,212,55,26644.89339954
54493,212,56,47179.90515074
54494,212,57,35202.26484851
54495,212,58,37133.50121051
54496,212,59,46184.5649275
54497,212,60,45033.66418469
54498,212,61,49359.81592278
54499,212,62,32500.93254621
54500,212,63,42770.64833031
54501,212,64,23972.10766751
54502,212,65,43645.34877324
54503,212,66,38829.7491861
54504,212,67,36192.14542926
54505,212,68,37417.694225
54506,212,69,9202.39978308
54507,212,70,32038.32388357
54508,212,71,4610.22854758
54509,212,72,23123.69357628
54510,212,73,6350.78113357
54511,212,74,7999.27822038
54512,212,75,20988.99856671
54513,212,76,3722.299877
54514,212,77,10382.44143212
54515,212,78,8561.43363983
54516,212,79,18653.26688291
54517,212,80,5210.82697342
54518,212,81,5554.92502746
54519,212,82,15075.25890469
54520,212,83,42814.73644177
54521,212,84,4431.49854959
54522,212,85,12793.16968884
54523,212,86,42041.87571326
54524,212,87,34113.68464546
54525,212,88,40327.41150167
54526,212,89,43444.37357031
54527,212,90,45387.56173062
54528,212,91,48322.97997067
54529,212,92,43790.58844923
54530,212,93,50631.2513271
54531,212,94,50250.58816255
54532,212,95,47167.36787928
54533,212,96,40094.13449015
54534,212,97,39503.12882891
54535,212,98,39379.32269458
54536,212,99,51211.52358312
54537,212,100,41042.49407978
54538,212,101,49120.82711613
54539,212,102,50977.04276772
54540,212,103,39090.09725246
54541,212,104,42807.60753543
54542,212,105,44472.03687411
54543,212,106,51057.00343995
54544,212,107,47610.74167323
54545,212,108,39286.06658715
54546,212,109,42917.80861717
54547,212,110,48869.8135335
54548,212,111,49967.20365753
54549,212,112,51969.09880906
54550,212,113,47818.94809341
54551,212,114,49091.90731076
54552,212,115,46878.87598807
54553,212,116,46974.81670605
54554,212,117,53903.88002864
54555,212,118,50165.95390644
54556,212,119,46475.66651024
54557,212,120,50663.40119346
54558,212,121,54685.73312527
54559,212,122,49582.41526883
54560,212,123,47471.76449956
54561,212,124,47643.98256439
54562,212,125,48158.23496195
54563,212,126,50393.84547673
54564,212,127,46179.21442059
54565,212,128,55534.32968213
54566,212,129,48426.13681408
54567,212,130,49317.89174477
54568,212,131,46729.87781356
54569,212,132,47692.79256896
54570,212,133,46444.1798958
54571,212,134,35408.03740674
54572,212,135,36956.03079891
54573,212,136,36502.17115623
54574,212,137,32729.20589551
54575,212,138,31842.51259463
54576,212,139,36850.38336444
54577,212,140,34354.85059741
54578,212,141,32667.05171887
54579,212,142,34853.8551394
54580,212,143,36433.73409359
54581,212,144,35544.49635746
54582,212,145,37727.59987109
54583,212,146,32594.13872105
54584,212,147,46004.11476822
54585,212,148,54250.88871893
54586,212,149,43729.50440433
54587,212,150,60007.38929254
54588,212,151,48690.86599498
54589,212,152,53622.86009466
54590,212,153,46884.23907806
54591,212,154,44450.8852313
54592,212,155,56717.44259263
54593,212,156,41428.49440931
54594,212,157,44420.29097357
54595,212,158,61535.22146382
54596,212,159,41051.57703609
54597,212,160,58315.578192
54598,212,161,55623.83731109
54599,212,162,55088.11562039
54600,212,163,42126.68355697
54601,212,164,52904.91094117
54602,212,165,43272.10746063
54603,212,166,42099.05602903
54604,212,167,45220.53606418
54605,212,168,75540.62409823
54606,212,169,73152.0296862
54607,212,170,74207.1774371
54608,212,171,76894.42895646
54609,212,172,75845.80862133
54610,212,173,76415.0435432
54611,212,174,77646.41320268
54612,212,175,77277.03483623
54613,212,176,78272.53004065
54614,212,177,75959.16712721
54615,212,178,36671.72615925
54616,212,179,38252.76447392
54617,212,180,36575.80057304
54618,212,181,40088.45967587
54619,212,182,43110.73651383
54620,212,183,44827.19402255
54621,212,184,38082.97244573
54622,212,185,37993.88097742
54623,212,186,41958.33638826
54624,212,187,44490.87531804
54625,212,188,71623.78151978
54626,212,189,66062.91480237
54627,212,190,59839.80507918
54628,212,191,64143.39442002
54629,212,192,69152.03137988
54630,212,193,63330.66373976
54631,212,194,61665.37736282
54632,212,195,67552.0121091
54633,212,196,73269.1766394
54634,212,197,59481.48912429
54635,212,198,58607.94984836
54636,212,199,61223.84908591
54637,212,200,79986.53601584
54638,212,201,69899.93758398
54639,212,202,86653.51907885
54640,212,203,83044.22712297
54641,212,204,77480.94069972
54642,212,205,71238.09219381
54643,212,206,67566.78367683
54644,212,207,90582.24141604
54645,212,208,62758.55753641
54646,212,209,40312.73145255
54647,212,210,45367.63719711
54648,212,211,35978.25111841
54649,212,212,0.0
54650,212,213,7667.58227223
54651,212,214,59902.73459757
54652,212,215,48164.84263931
54653,212,216,43650.89051973
54654,212,217,46390.29827415
54655,212,218,46181.59862115
54656,212,219,60739.21081252
54657,212,220,62709.09531463
54658,212,221,46737.62675173
54659,212,222,55009.70996943
54660,212,223,43919.01710105
54661,212,224,65011.91511714
54662,212,225,44651.48485738
54663,212,226,58526.01748753
54664,212,227,50697.8544898
54665,212,228,65937.85951592
54666,212,229,59795.51022423
54667,212,230,60189.46107139
54668,212,231,44852.80859642
54669,212,232,45188.67040245
54670,212,233,44493.74350728
54671,212,234,46392.35360008
54672,212,235,45643.53570407
54673,212,236,44104.93649575
54674,212,237,46096.18000389
54675,212,238,47047.594392
54676,212,239,49526.95478864
54677,212,240,49230.13114891
54678,212,241,45540.6624908
54679,212,242,47660.74089492
54680,212,243,43335.17446176
54681,212,244,50165.07315056
54682,212,245,49316.93394933
54683,212,246,50993.85383103
54684,212,247,48650.43155421
54685,212,248,48934.77426882
54686,212,249,48768.27535954
54687,212,250,45752.0601231
54688,212,251,50229.73871138
54689,212,252,45032.38344275
54690,212,253,41850.1793273
54691,212,254,50789.44771886
54692,212,255,50026.17023292
54693,212,256,44431.48802297
54694,212,257,48101.77671267
54695,212,258,46301.59490894
54696,213,1,55003.68503889
54697,213,2,53738.81872436
54698,213,3,55546.66705348
54699,213,4,56645.11331745
54700,213,5,54350.56108387
54701,213,6,55236.58524826
54702,213,7,53728.62309602
54703,213,8,56487.52119445
54704,213,9,56027.57102858
54705,213,10,55416.57549447
54706,213,11,53673.97577953
54707,213,12,53981.15583357
54708,213,13,54282.66348426
54709,213,14,55987.91812975
54710,213,15,57045.63053371
54711,213,16,52635.9839122
54712,213,17,62227.35981997
54713,213,18,61624.37157125
54714,213,19,53921.64094653
54715,213,20,59603.64315368
54716,213,21,64240.16219325
54717,213,22,44562.77213772
54718,213,23,49325.95957518
54719,213,24,51112.25056678
54720,213,25,57533.89045132
54721,213,26,45968.63480335
54722,213,27,63370.12434043
54723,213,28,60189.77441757
54724,213,29,46504.71521718
54725,213,30,61056.19501702
54726,213,31,52891.23839221
54727,213,32,56723.96728433
54728,213,33,65713.04940538
54729,213,34,58602.4831217
54730,213,35,54981.8294956
54731,213,36,43529.02071765
54732,213,37,43624.33236482
54733,213,38,52110.98504757
54734,213,39,48495.60328774
54735,213,40,70465.60062083
54736,213,41,63785.10219685
54737,213,42,58898.4684036
54738,213,43,75442.99291019
54739,213,44,63257.12883775
54740,213,45,58147.86652283
54741,213,46,60075.25747238
54742,213,47,80499.57257763
54743,213,48,81444.97823817
54744,213,49,56316.03137154
54745,213,50,77508.79205444
54746,213,51,54591.1378288
54747,213,52,53434.26893633
54748,213,53,48488.49174409
54749,213,54,53244.56227189
54750,213,55,34304.27847281
54751,213,56,54525.70793147
54752,213,57,42848.86127158
54753,213,58,44760.94274152
54754,213,59,53577.7693511
54755,213,60,52544.01554021
54756,213,61,56706.76368735
54757,213,62,40157.92345573
54758,213,63,50318.50877814
54759,213,64,31614.84902951
54760,213,65,51169.78417368
54761,213,66,46439.6343924
54762,213,67,43572.67663932
54763,213,68,44820.99033063
54764,213,69,15997.94089433
54765,213,70,39318.4481159
54766,213,71,6772.91327568
54767,213,72,30186.15369164
54768,213,73,6282.71461669
54769,213,74,14543.68457388
54770,213,75,27989.29112855
54771,213,76,8376.60328655
54772,213,77,9410.04969639
54773,213,78,6683.38629057
54774,213,79,25592.88409838
54775,213,80,10575.8482695
54776,213,81,11732.92179315
54777,213,82,22244.51014093
54778,213,83,50002.77634938
54779,213,84,9431.41195935
54780,213,85,19868.8928476
54781,213,86,49276.34629874
54782,213,87,41448.40274061
54783,213,88,47627.05526846
54784,213,89,50547.28377692
54785,213,90,52916.44532666
54786,213,91,55894.26369201
54787,213,92,51222.51346993
54788,213,93,58298.6481932
54789,213,94,57904.92151004
54790,213,95,54692.86990545
54791,213,96,47198.93730365
54792,213,97,46286.2526581
54793,213,98,46266.86430286
54794,213,99,58847.47429147
54795,213,100,48224.87419856
54796,213,101,56708.59833069
54797,213,102,58620.19649204
54798,213,103,45784.53652539
54799,213,104,50102.19079205
54800,213,105,51949.32837942
54801,213,106,58719.7273499
54802,213,107,55162.47927235
54803,213,108,46284.79345015
54804,213,109,50280.2174912
54805,213,110,55713.04841389
54806,213,111,57278.81069296
54807,213,112,59628.56595381
54808,213,113,54546.76685528
54809,213,114,56539.37013817
54810,213,115,53378.63080771
54811,213,116,54583.77870321
54812,213,117,61559.29554338
54813,213,118,57226.98530672
54814,213,119,52808.04538577
54815,213,120,57883.77859625
54816,213,121,62341.2692597
54817,213,122,56566.1639042
54818,213,123,55092.41669855
54819,213,124,55285.46312313
54820,213,125,55693.86666324
54821,213,126,57555.7725764
54822,213,127,53772.7371401
54823,213,128,63190.09679978
54824,213,129,55934.2068305
54825,213,130,56978.41178571
54826,213,131,53401.70871389
54827,213,132,55344.54833468
54828,213,133,53054.3809267
54829,213,134,42789.49752353
54830,213,135,44496.91115142
54831,213,136,44119.10824271
54832,213,137,40280.29039362
54833,213,138,39305.50805532
54834,213,139,44429.36165706
54835,213,140,42019.58552095
54836,213,141,40334.30182964
54837,213,142,42295.1416188
54838,213,143,43748.13814966
54839,213,144,43050.07818313
54840,213,145,45101.50426665
54841,213,146,40216.86649642
54842,213,147,53658.86919618
54843,213,148,61870.14853188
54844,213,149,51341.93688965
54845,213,150,67601.98387757
54846,213,151,56338.39467001
54847,213,152,61249.62910636
54848,213,153,54537.69477683
54849,213,154,52099.55271167
54850,213,155,64297.21615982
54851,213,156,48851.88388419
54852,213,157,52048.91351676
54853,213,158,69120.74010906
54854,213,159,48435.47533831
54855,213,160,65903.58569205
54856,213,161,63218.98529151
54857,213,162,62693.55612706
54858,213,163,49632.92300745
54859,213,164,60536.6480896
54860,213,165,50851.02020706
54861,213,166,49575.01134592
54862,213,167,52875.29677295
54863,213,168,82899.54635907
54864,213,169,80483.20920664
54865,213,170,81563.85807186
54866,213,171,84260.6008113
54867,213,172,83291.72487695
54868,213,173,83840.47449741
54869,213,174,85046.96869296
54870,213,175,84786.23373582
54871,213,176,85823.8085483
54872,213,177,83430.9494063
54873,213,178,43111.87080115
54874,213,179,45081.48594233
54875,213,180,42784.84422127
54876,213,181,45671.03382172
54877,213,182,48291.66662056
54878,213,183,49462.08782383
54879,213,184,44009.36484754
54880,213,185,44651.2081756
54881,213,186,47242.60752381
54882,213,187,49289.63311327
54883,213,188,77940.1698997
54884,213,189,72148.49240728
54885,213,190,65513.04600665
54886,213,191,70095.22783628
54887,213,192,75428.18530507
54888,213,193,69222.20881379
54889,213,194,67450.96613807
54890,213,195,73748.51911929
54891,213,196,79695.1288658
54892,213,197,65013.81839498
54893,213,198,65925.78569446
54894,213,199,68482.33142168
54895,213,200,86105.56937597
54896,213,201,76701.65086792
54897,213,202,92336.40617968
54898,213,203,88916.66272859
54899,213,204,83749.98725096
54900,213,205,77768.37821628
54901,213,206,74549.68989741
54902,213,207,96244.62819692
54903,213,208,69896.2161317
54904,213,209,47825.72916817
54905,213,210,52845.60335187
54906,213,211,43573.97755814
54907,213,212,7667.58227223
54908,213,213,0.0
54909,213,214,65259.79072327
54910,213,215,54670.74191917
54911,213,216,50856.68779288
54912,213,217,53278.23963226
54913,213,218,52939.79692266
54914,213,219,65242.1313582
54915,213,220,66807.89682104
54916,213,221,53808.85206297
54917,213,222,61091.50292421
54918,213,223,51269.54606892
54919,213,224,68667.20866942
54920,213,225,51735.59267496
54921,213,226,64220.56322051
54922,213,227,57098.36910455
54923,213,228,69378.0516818
54924,213,229,64870.86002654
54925,213,230,65000.29581788
54926,213,231,52352.9183509
54927,213,232,52683.64931692
54928,213,233,51999.80279495
54929,213,234,53871.85630592
54930,213,235,53132.314873
54931,213,236,51618.56615209
54932,213,237,53578.52296916
54933,213,238,54244.48980002
54934,213,239,57108.59941661
54935,213,240,56538.63660328
54936,213,241,53205.38260887
54937,213,242,55302.6600998
54938,213,243,50988.93184692
54939,213,244,57623.87420983
54940,213,245,56797.33374597
54941,213,246,58428.55312576
54942,213,247,56209.20641358
54943,213,248,56441.88670918
54944,213,249,56034.24541265
54945,213,250,52990.87037947
54946,213,251,57832.73922898
54947,213,252,52699.95580981
54948,213,253,49495.69381313
54949,213,254,58190.44162568
54950,213,255,57386.50178588
54951,213,256,51669.15614775
54952,213,257,55638.86322821
54953,213,258,53959.09017064
54954,214,1,37873.3937174
54955,214,2,45213.10940725
54956,214,3,38802.55923681
54957,214,4,42281.3118638
54958,214,5,44614.34465865
54959,214,6,43838.37624823
54960,214,7,33621.4940743
54961,214,8,40666.5554138
54962,214,9,39898.14477748
54963,214,10,33097.46395546
54964,214,11,34423.06216615
54965,214,12,35811.57704989
54966,214,13,37125.97647766
54967,214,14,42844.96307928
54968,214,15,41483.91111306
54969,214,16,45957.62499668
54970,214,17,35422.18340875
54971,214,18,36158.60288753
54972,214,19,40369.18233661
54973,214,20,39041.66701463
54974,214,21,34108.86162902
54975,214,22,45081.45876086
54976,214,23,40377.21798023
54977,214,24,40850.58860506
54978,214,25,39472.36870402
54979,214,26,43012.02871457
54980,214,27,34776.02948269
54981,214,28,38057.6687987
54982,214,29,41940.70992733
54983,214,30,36890.55751083
54984,214,31,40526.92949144
54985,214,32,39642.86100521
54986,214,33,33604.77441355
54987,214,34,39675.33265777
54988,214,35,40276.43017877
54989,214,36,47142.50830452
54990,214,37,48083.56252306
54991,214,38,40653.90696628
54992,214,39,40558.49414863
54993,214,40,31972.12195171
54994,214,41,32968.68101175
54995,214,42,31449.81332391
54996,214,43,32928.67940924
54997,214,44,32239.53478766
54998,214,45,32379.14480611
54999,214,46,30978.6008507
55000,214,47,33649.12155238
55001,214,48,33790.65766256
55002,214,49,32434.46134697
55003,214,50,33411.31949245
55004,214,51,33673.94476239
55005,214,52,33417.46271522
55006,214,53,37704.51029573
55007,214,54,32629.72732748
55008,214,55,45283.40587943
55009,214,56,30564.65466335
55010,214,57,42093.14966825
55011,214,58,40633.6152678
55012,214,59,31806.1598557
55013,214,60,35126.16932864
55014,214,61,30392.41442735
55015,214,62,43433.9659732
55016,214,63,36584.32112751
55017,214,64,45396.09228898
55018,214,65,35711.39252157
55019,214,66,39515.28774295
55020,214,67,34345.85862167
55021,214,68,34270.15476224
55022,214,69,50902.70579214
55023,214,70,34971.44325664
55024,214,71,58537.60982886
55025,214,72,39398.24848945
55026,214,73,59078.80682527
55027,214,74,51932.97144975
55028,214,75,40852.9645291
55029,214,76,57294.95059523
55030,214,77,57386.79667026
55031,214,78,59544.35868062
55032,214,79,42620.81805776
55033,214,80,55137.44988579
55034,214,81,54399.40304765
55035,214,82,46375.74716322
55036,214,83,28590.78990611
55037,214,84,56231.04489335
55038,214,85,48051.31434068
55039,214,86,29621.5469428
55040,214,87,34576.97437338
55041,214,88,31336.31842811
55042,214,89,27048.22315344
55043,214,90,35700.94765441
55044,214,91,37289.21995774
55045,214,92,33121.75773144
55046,214,93,45594.44956847
55047,214,94,42768.72132072
55048,214,95,35514.64614142
55049,214,96,28529.27814793
55050,214,97,25434.36471627
55051,214,98,26473.7379727
55052,214,99,41224.67556217
55053,214,100,29184.80239639
55054,214,101,38087.53844846
55055,214,102,41776.40779902
55056,214,103,24990.13864782
55057,214,104,30429.17747016
55058,214,105,34207.89847797
55059,214,106,44165.83643742
55060,214,107,36471.56329514
55061,214,108,27679.79865332
55062,214,109,31734.21616809
55063,214,110,21370.04606523
55064,214,111,29526.65312207
55065,214,112,43808.98759969
55066,214,113,20241.30471606
55067,214,114,33038.58519656
55068,214,115,18216.35399474
55069,214,116,39014.14503071
55070,214,117,43719.47231797
55071,214,118,24489.98021446
55072,214,119,17001.63191743
55073,214,120,27481.62993487
55074,214,121,43948.29404578
55075,214,122,23299.01604073
55076,214,123,39706.56392862
55077,214,124,41159.62196443
55078,214,125,35876.16630311
55079,214,126,26326.56636724
55080,214,127,38218.5755665
55081,214,128,44224.81468077
55082,214,129,34916.82550782
55083,214,130,43438.53781715
55084,214,131,20089.54242037
55085,214,132,42098.18916082
55086,214,133,19572.25320524
55087,214,134,55553.68515254
55088,214,135,52159.03174288
55089,214,136,49430.99086388
55090,214,137,39164.46905984
55091,214,138,37688.96819297
55092,214,139,50946.31824393
55093,214,140,46060.40970115
55094,214,141,44936.10864729
55095,214,142,54310.90250405
55096,214,143,56925.85991634
55097,214,144,52947.87209749
55098,214,145,56127.98827508
55099,214,146,41468.83683203
55100,214,147,42248.36332761
55101,214,148,40670.3365533
55102,214,149,39170.86555326
55103,214,150,40861.32574362
55104,214,151,41809.25580553
55105,214,152,41036.12090937
55106,214,153,42188.37775839
55107,214,154,41548.41263091
55108,214,155,39046.3334768
55109,214,156,33428.96447348
55110,214,157,40076.19825529
55111,214,158,40916.95394056
55112,214,159,32681.90033895
55113,214,160,39938.2948331
55114,214,161,39567.54843744
55115,214,162,40016.57744756
55116,214,163,35379.87050233
55117,214,164,41238.34024619
55118,214,165,37680.42874225
55119,214,166,34555.12199468
55120,214,167,42189.71600772
55121,214,168,39350.01990256
55122,214,169,37107.05136393
55123,214,170,38462.41024005
55124,214,171,40423.35730334
55125,214,172,42268.57934785
55126,214,173,41942.64400285
55127,214,174,41945.33549144
55128,214,175,45518.87932215
55129,214,176,47992.08995997
55130,214,177,43251.68409627
55131,214,178,25295.43202352
55132,214,179,26653.83350769
55133,214,180,24440.14361543
55134,214,181,19847.26805335
55135,214,182,16987.22169562
55136,214,183,16866.58520658
55137,214,184,22268.06756937
55138,214,185,25512.51790731
55139,214,186,18018.88280475
55140,214,187,16571.07159305
55141,214,188,18034.22884829
55142,214,189,11450.64469083
55143,214,190,3716.78202816
55144,214,191,8726.09178484
55145,214,192,15780.3598692
55146,214,193,7573.26195324
55147,214,194,5535.9124545
55148,214,195,13735.6724744
55149,214,196,20595.81818412
55150,214,197,2051.95019715
55151,214,198,30488.36462668
55152,214,199,29662.27880232
55153,214,200,23165.35887264
55154,214,201,23925.91095397
55155,214,202,27317.55937173
55156,214,203,24509.13522996
55157,214,204,22251.26550004
55158,214,205,20534.971936
55159,214,206,26021.91774286
55160,214,207,31159.85328528
55161,214,208,27294.17064794
55162,214,209,35922.43881726
55163,214,210,34124.839678
55164,214,211,39518.84822978
55165,214,212,59902.73459757
55166,214,213,65259.79072327
55167,214,214,0.0
55168,214,215,17555.05888403
55169,214,216,28599.80186334
55170,214,217,22883.9471735
55171,214,218,21348.62324806
55172,214,219,9151.02456863
55173,214,220,13482.70734063
55174,214,221,25444.90833281
55175,214,222,9696.90285575
55176,214,223,31246.74753118
55177,214,224,18324.1242129
55178,214,225,26320.1435715
55179,214,226,4114.48422618
55180,214,227,15140.1045333
55181,214,228,20603.43438074
55182,214,229,3138.67620201
55183,214,230,5956.4280162
55184,214,231,34828.14187003
55185,214,232,34641.14555475
55186,214,233,35045.66867564
55187,214,234,34081.98915799
55188,214,235,34415.11365505
55189,214,236,35320.45994397
55190,214,237,34187.57640545
55191,214,238,62227.44052284
55192,214,239,53392.33462084
55193,214,240,61008.54422889
55194,214,241,43708.746133
55195,214,242,49471.15879302
55196,214,243,42001.99635364
55197,214,244,57807.53308664
55198,214,245,56881.44283734
55199,214,246,58782.372901
55200,214,247,54056.58195114
55201,214,248,55938.9483042
55202,214,249,61667.04211284
55203,214,250,60987.03962418
55204,214,251,52600.48263611
55205,214,252,44906.45175807
55206,214,253,41278.98758867
55207,214,254,59561.74701178
55208,214,255,60213.0490162
55209,214,256,60524.1625599
55210,214,257,54676.82491805
55211,214,258,47675.85206708
55212,215,1,20897.11432059
55213,215,2,27947.83783581
55214,215,3,21891.96416225
55215,215,4,25437.26323566
55216,215,5,27418.5467606
55217,215,6,26757.62552774
55218,215,7,16489.69231698
55219,215,8,23853.21517507
55220,215,9,23034.78425996
55221,215,10,16291.07451891
55222,215,11,17280.05486999
55223,215,12,18706.55600228
55224,215,13,20051.33860865
55225,215,14,25887.58537715
55226,215,15,24732.59178245
55227,215,16,28592.79136936
55228,215,17,20393.32233262
55229,215,18,20847.13735114
55230,215,19,23199.85497813
55231,215,20,22926.97167518
55232,215,21,20023.04364357
55233,215,22,27579.8892565
55234,215,23,22852.92034245
55235,215,24,23416.44511016
55236,215,25,22891.2380214
55237,215,26,25472.36507927
55238,215,27,20243.14801206
55239,215,28,22159.64610186
55240,215,29,24392.69575914
55241,215,30,21332.14660109
55242,215,31,23242.57432844
55243,215,32,22905.47619054
55244,215,33,20240.44642154
55245,215,34,23299.11324627
55246,215,35,23246.1110743
55247,215,36,29679.8379844
55248,215,37,30614.43779331
55249,215,38,23296.32075027
55250,215,39,23012.51987664
55251,215,40,21457.13947809
55252,215,41,18896.78827876
55253,215,42,15691.39469801
55254,215,43,24932.40072512
55255,215,44,18072.20934457
55256,215,45,16312.85981003
55257,215,46,15693.0913255
55258,215,47,28503.58945791
55259,215,48,29197.93128162
55260,215,49,15854.9534578
55261,215,50,26461.26757043
55262,215,51,16692.67291136
55263,215,52,16239.06509617
55264,215,53,20154.04844771
55265,215,54,15420.13731908
55266,215,55,28918.19349309
55267,215,56,13588.61519535
55268,215,57,24715.96344525
55269,215,58,23150.32160091
55270,215,59,14647.57954798
55271,215,60,17827.6871248
55272,215,61,13986.80883431
55273,215,62,26284.58636094
55274,215,63,19095.53694673
55275,215,64,29574.00414564
55276,215,65,18277.4284541
55277,215,66,21974.65160202
55278,215,67,17191.831848
55279,215,68,16939.74557387
55280,215,69,38976.76826683
55281,215,70,18739.03324085
55282,215,71,47952.46653383
55283,215,72,25461.78695284
55284,215,73,48962.55288349
55285,215,74,40293.49650261
55286,215,75,27395.53090422
55287,215,76,46311.56262899
55288,215,77,48389.30035376
55289,215,78,50002.18148729
55290,215,79,29605.40860058
55291,215,80,44102.68979114
55292,215,81,43040.8073057
55293,215,82,33349.69476921
55294,215,83,11035.83543289
55295,215,84,45246.97769851
55296,215,85,35458.64279026
55297,215,86,12072.19102078
55298,215,87,17828.68188967
55299,215,88,13838.95073565
55300,215,89,9493.22199709
55301,215,90,18448.1737673
55302,215,91,20478.80730819
55303,215,92,15673.1584255
55304,215,93,28867.55129636
55305,215,94,26106.94256867
55306,215,95,18528.52603906
55307,215,96,11245.62541178
55308,215,97,9183.00856687
55309,215,98,9851.84992871
55310,215,99,24812.14887563
55311,215,100,11709.22743656
55312,215,101,21403.7904335
55313,215,102,25290.19609131
55314,215,103,9266.39707224
55315,215,104,12883.22238687
55316,215,105,16838.5050972
55317,215,106,27574.18403916
55318,215,107,19550.13149542
55319,215,108,10750.04651077
55320,215,109,14206.94322159
55321,215,110,4721.59044725
55322,215,111,13339.02767499
55323,215,112,27396.79964675
55324,215,113,2945.35768823
55325,215,114,16495.93331076
55326,215,115,1292.34987436
55327,215,116,21953.17770189
55328,215,117,27696.69083304
55329,215,118,8545.68733248
55330,215,119,2741.54429102
55331,215,120,11638.41261954
55332,215,121,28076.56089017
55333,215,122,7079.13339419
55334,215,123,22704.60223158
55335,215,124,24151.01441925
55336,215,125,19065.63666621
55337,215,126,10420.81077436
55338,215,127,21059.09271079
55339,215,128,28519.98454987
55340,215,129,18179.36403745
55341,215,130,26603.04211605
55342,215,131,2534.91273937
55343,215,132,25074.32048143
55344,215,133,2131.83082758
55345,215,134,38137.77126572
55346,215,135,34659.74152686
55347,215,136,31940.7215477
55348,215,137,22200.33982648
55349,215,138,21042.58396601
55350,215,139,33446.6395141
55351,215,140,28693.20927055
55352,215,141,27728.76338627
55353,215,142,36913.90685027
55354,215,143,39475.55169623
55355,215,144,35508.52254291
55356,215,145,38625.18293738
55357,215,146,24385.61680171
55358,215,147,25021.88362004
55359,215,148,24978.19089896
55360,215,149,21756.29153546
55361,215,150,26839.1216982
55362,215,151,24934.59420083
55363,215,152,25159.77099188
55364,215,153,25060.99924068
55365,215,154,24184.23823157
55366,215,155,24223.88454414
55367,215,156,15874.33673627
55368,215,157,22716.3905665
55369,215,158,27412.76377149
55370,215,159,15130.55142321
55371,215,160,25502.48958125
55372,215,161,24354.46770506
55373,215,162,24605.83947148
55374,215,163,17851.45340594
55375,215,164,25181.22512102
55376,215,165,20229.35653033
55377,215,166,17020.03836751
55378,215,167,24887.19798298
55379,215,168,32773.1104262
55380,215,169,30181.2692355
55381,215,170,31532.61790793
55382,215,171,34120.08216031
55383,215,172,34616.76835775
55384,215,173,34719.7564783
55385,215,174,35377.55484354
55386,215,175,37317.31910634
55387,215,176,39354.81885925
55388,215,177,35269.47861928
55389,215,178,11560.55193196
55390,215,179,10526.72729598
55391,215,180,12158.9859912
55392,215,181,12591.40858792
55393,215,182,14280.45510553
55394,215,183,18301.26080448
55395,215,184,11963.24741371
55396,215,185,10258.4645107
55397,215,186,13848.95723158
55398,215,187,17050.33536185
55399,215,188,23543.75721898
55400,215,189,18604.23188174
55401,215,190,15199.88943812
55402,215,191,17324.29066028
55403,215,192,21144.7269598
55404,215,193,16871.12546476
55405,215,194,15986.26923799
55406,215,195,19728.16180707
55407,215,196,25107.35054347
55408,215,197,15934.947441
55409,215,198,17977.67358973
55410,215,199,18839.29079231
55411,215,200,32175.21167346
55412,215,201,22407.08712899
55413,215,202,39964.83768161
55414,215,203,35821.05346497
55415,215,204,29433.71502875
55416,215,205,23100.78738901
55417,215,206,21197.08862849
55418,215,207,43868.63511384
55419,215,208,18353.47489688
55420,215,209,18368.97976141
55421,215,210,16862.60526519
55422,215,211,22134.06302248
55423,215,212,48164.84263931
55424,215,213,54670.74191917
55425,215,214,17555.05888403
55426,215,215,0.0
55427,215,216,11064.35322836
55428,215,217,5426.30813918
55429,215,218,3794.18559332
55430,215,219,24663.9601627
55431,215,220,28936.7375366
55432,215,221,8221.2396413
55433,215,222,8491.14397231
55434,215,223,13779.65979513
55435,215,224,33647.23605366
55436,215,225,8799.09233624
55437,215,226,14020.06955319
55438,215,227,2819.63118332
55439,215,228,35785.55544302
55440,215,229,19643.01761367
55441,215,230,21950.83372311
55442,215,231,17506.50570486
55443,215,232,17359.00273879
55444,215,233,17685.79727785
55445,215,234,16971.88088436
55446,215,235,17192.3435731
55447,215,236,17923.84090694
55448,215,237,17030.61261688
55449,215,238,44726.86221917
55450,215,239,36233.50588931
55451,215,240,43616.67439965
55452,215,241,26417.90775956
55453,215,242,32259.24328046
55454,215,243,24556.56788292
55455,215,244,40559.78736553
55456,215,245,39600.2253818
55457,215,246,41565.01057498
55458,215,247,36805.12664806
55459,215,248,38656.88445306
55460,215,249,44238.91210976
55461,215,250,43466.34501986
55462,215,251,35535.68375021
55463,215,252,27558.66642124
55464,215,253,23761.33180724
55465,215,254,42303.93885617
55466,215,255,42885.79375911
55467,215,256,42982.11167383
55468,215,257,37369.2854869
55469,215,258,30387.05331568
55470,216,1,10666.67174626
55471,216,2,17104.36570396
55472,216,3,11714.11293929
55473,216,4,15192.94646105
55474,216,5,16662.01150393
55475,216,6,16155.42728296
55476,216,7,6314.91948134
55477,216,8,13723.39512492
55478,216,9,12869.94598615
55479,216,10,6974.84386544
55480,216,11,6990.81257101
55481,216,12,8380.02154051
55482,216,13,9694.62900122
55483,216,14,15470.80102457
55484,216,15,14651.48867999
55485,216,16,17639.31722291
55486,216,17,13483.45267587
55487,216,18,13411.55519761
55488,216,19,12558.45589865
55489,216,20,13941.27922709
55490,216,21,14565.36016236
55491,216,22,16798.22209178
55492,216,23,11788.64527775
55493,216,24,12417.78070383
55494,216,25,13180.90077521
55495,216,26,14573.28218216
55496,216,27,14099.70351204
55497,216,28,13600.7703816
55498,216,29,13457.26449113
55499,216,30,13426.3862984
55500,216,31,12434.52380145
55501,216,32,12946.84099813
55502,216,33,15677.99593088
55503,216,34,13875.4352632
55504,216,35,12812.82341331
55505,216,36,18982.95121216
55506,216,37,19893.00491018
55507,216,38,12389.34074345
55508,216,39,11959.98153609
55509,216,40,19735.21591902
55510,216,41,13783.82789092
55511,216,42,8902.67772203
55512,216,43,24611.10162449
55513,216,44,13090.2921517
55514,216,45,8671.17893941
55515,216,46,9806.23885768
55516,216,47,29659.09108593
55517,216,48,30622.60690927
55518,216,49,7204.47942798
55519,216,50,26657.301496
55520,216,51,6868.56713469
55521,216,52,5973.50607643
55522,216,53,9114.18938657
55523,216,54,5175.1009599
55524,216,55,20276.68031294
55525,216,56,4585.10446015
55526,216,57,14320.21036753
55527,216,58,12484.92898857
55528,216,59,4699.63040353
55529,216,60,7148.40422596
55530,216,61,6479.47139693
55531,216,62,16361.6784838
55532,216,63,8057.04047597
55533,216,64,21720.93184868
55534,216,65,7321.92824876
55535,216,66,11097.86648682
55536,216,67,8044.37221961
55537,216,68,7194.29735752
55538,216,69,34871.32338287
55539,216,70,11643.82534073
55540,216,71,44469.66753593
55541,216,72,20693.92663432
55542,216,73,45823.16109399
55543,216,74,36359.29718114
55544,216,75,22912.92583315
55545,216,76,42575.21577805
55546,216,77,46203.6459135
55547,216,78,47282.73332099
55548,216,79,25324.08127075
55549,216,80,40457.02552485
55550,216,81,39172.19186226
55551,216,82,28626.22726012
55552,216,83,901.61878063
55553,216,84,41574.11426949
55554,216,85,30989.1708564
55555,216,86,1676.21920331
55556,216,87,9736.57185026
55557,216,88,3700.10441382
55558,216,89,1773.77240486
55559,216,90,7833.7482086
55560,216,91,10576.50295535
55561,216,92,4740.76596571
55562,216,93,18660.98159352
55563,216,94,16088.57795649
55564,216,95,8464.71581315
55565,216,96,3972.86810682
55566,216,97,7506.87697998
55567,216,98,6503.47458513
55568,216,99,15219.19079169
55569,216,100,2652.18464404
55570,216,101,11644.67071338
55571,216,102,15560.91540266
55572,216,103,8628.25806244
55573,216,104,1846.2230439
55574,216,105,6048.0369042
55575,216,106,17586.9890107
55576,216,107,9521.20846539
55577,216,108,5512.29883405
55578,216,109,3144.23366274
55579,216,110,7762.39250799
55580,216,111,6725.605302
55581,216,112,17654.13891439
55582,216,113,8400.10077651
55583,216,114,7759.77145242
55584,216,115,10591.202991
55585,216,116,11523.58510891
55586,216,117,18447.50269425
55587,216,118,6947.02177337
55588,216,119,12292.51330708
55589,216,120,7027.8360998
55590,216,121,18997.14066226
55591,216,122,6970.28036982
55592,216,123,12337.26288163
55593,216,124,13717.67062301
55594,216,125,9303.43979218
55595,216,126,6773.78874577
55596,216,127,10502.27149017
55597,216,128,19621.66067212
55598,216,129,8682.48235897
55599,216,130,16328.38860254
55600,216,131,8544.47682539
55601,216,132,14589.85326441
55602,216,133,9163.96403432
55603,216,134,27474.59965634
55604,216,135,23839.17983589
55605,216,136,21157.11447067
55606,216,137,12940.24110065
55607,216,138,12626.56273965
55608,216,139,22630.91482357
55609,216,140,18232.32001867
55610,216,141,17633.05657202
55611,216,142,26295.18141331
55612,216,143,28738.64819183
55613,216,144,24816.26242601
55614,216,145,27781.08902894
55615,216,146,14697.98452396
55616,216,147,14262.4997795
55617,216,148,16394.19039395
55618,216,149,10791.05392743
55619,216,150,20168.88885588
55620,216,151,14666.40464316
55621,216,152,16302.00325731
55622,216,153,14433.73442886
55623,216,154,13260.45657507
55624,216,155,16916.03012859
55625,216,156,4888.49303656
55626,216,157,11812.94806775
55627,216,158,21265.11647196
55628,216,159,4292.06067224
55629,216,160,18510.4935215
55630,216,161,16502.32592475
55631,216,162,16451.59380073
55632,216,163,6787.13601935
55633,216,164,16068.24891973
55634,216,165,9229.40003709
55635,216,166,5956.7041059
55636,216,167,14032.06327577
55637,216,168,32211.21840439
55638,216,169,29731.64105682
55639,216,170,30874.80447571
55640,216,171,33588.15583664
55641,216,172,32985.99827314
55642,216,173,33412.7247571
55643,216,174,34493.87077207
55644,216,175,34950.9221528
55645,216,176,36444.06524251
55646,216,177,33299.45206383
55647,216,178,12189.08482898
55648,216,179,7807.80082594
55649,216,180,14168.45774089
55650,216,181,18643.85539682
55651,216,182,22097.98160501
55652,216,183,26613.15339359
55653,216,184,16047.54650777
55654,216,185,9559.31713385
55655,216,186,21120.755164
55656,216,187,25318.40567134
55657,216,188,31373.40197287
55658,216,189,27903.51436909
55659,216,190,26060.77109974
55660,216,191,27255.95272774
55661,216,192,29354.42389769
55662,216,193,27045.09950868
55663,216,194,26544.19341127
55664,216,195,28439.65904745
55665,216,196,32276.65920473
55666,216,197,26924.56429192
55667,216,198,15218.5776535
55668,216,199,17641.0441718
55669,216,200,40334.03737177
55670,216,201,27167.03869402
55671,216,202,49093.74378578
55672,216,203,44620.97049261
55673,216,204,37127.55250704
55674,216,205,29780.71041642
55675,216,206,24224.31169472
55676,216,207,52891.36390322
55677,216,208,19130.80877033
55678,216,209,7428.77835719
55679,216,210,6324.09416743
55680,216,211,11803.79610635
55681,216,212,43650.89051973
55682,216,213,50856.68779288
55683,216,214,28599.80186334
55684,216,215,11064.35322836
55685,216,216,0.0
55686,216,217,5742.72020315
55687,216,218,7279.23579358
55688,216,219,35572.9857127
55689,216,220,39759.29401793
55690,216,221,3821.9998031
55691,216,222,19246.40096224
55692,216,223,2868.72766407
55693,216,224,44370.71215144
55694,216,225,2286.77247591
55695,216,226,24947.76824192
55696,216,227,13517.30391512
55697,216,228,46446.99753173
55698,216,229,30698.43322461
55699,216,230,32953.91684238
55700,216,231,6792.5512338
55701,216,232,6740.69704059
55702,216,233,6883.4510374
55703,216,234,6793.79383346
55704,216,235,6722.85318053
55705,216,236,7041.68066277
55706,216,237,6732.64166341
55707,216,238,33664.62220918
55708,216,239,25433.984992
55709,216,240,32606.45474791
55710,216,241,15560.13986059
55711,216,242,21435.90130486
55712,216,243,13541.95148092
55713,216,244,29661.57047255
55714,216,245,28677.95973337
55715,216,246,30688.1359228
55716,216,247,25918.19494082
55717,216,248,27736.93217857
55718,216,249,33206.80812484
55719,216,250,32402.01806372
55720,216,251,24832.38992852
55721,216,252,16628.21736619
55722,216,253,12698.02646885
55723,216,254,31392.23731651
55724,216,255,31920.3575143
55725,216,256,31924.61339301
55726,216,257,26432.57216726
55727,216,258,19499.18544138
55728,217,1,15534.22298538
55729,217,2,22522.28651868
55730,217,3,16543.54302683
55731,217,4,20091.98925729
55732,217,5,21998.29210217
55733,217,6,21354.43311911
55734,217,7,11102.79744891
55735,217,8,18523.94219888
55736,217,9,17694.69357984
55737,217,10,11033.3945262
55738,217,11,11886.38090074
55739,217,12,13317.30777703
55740,217,13,14664.97175705
55741,217,14,20511.81004914
55742,217,15,19417.50451741
55743,217,16,23169.47650431
55744,217,17,15910.97834757
55745,217,18,16205.20459934
55746,217,19,17786.75013695
55747,217,20,17864.50407978
55748,217,21,16047.66041648
55749,217,22,22487.39920183
55750,217,23,17494.40384969
55751,217,24,18003.57617905
55752,217,25,17646.01481163
55753,217,26,20296.93877252
55754,217,27,16022.61013672
55755,217,28,17204.76058935
55756,217,29,19189.26187172
55757,217,30,16554.63156236
55758,217,31,17817.15019735
55759,217,32,17605.84523956
55760,217,33,16624.33599869
55761,217,34,18126.42461246
55762,217,35,17860.46676111
55763,217,36,24644.92725604
55764,217,37,25565.36667439
55765,217,38,17871.19632907
55766,217,39,17693.45642127
55767,217,40,19133.34397647
55768,217,41,15005.41465284
55769,217,42,11042.02309336
55770,217,43,23389.99569341
55771,217,44,14191.19421588
55772,217,45,11447.94424147
55773,217,46,11338.20254359
55774,217,47,27781.13250555
55775,217,48,28626.08802785
55776,217,49,10719.39116709
55777,217,50,25212.11480738
55778,217,51,11355.96488963
55779,217,52,10840.17923241
55780,217,53,14854.85598593
55781,217,54,10016.32852299
55782,217,55,24953.26246701
55783,217,56,8295.25085848
55784,217,57,19839.47362426
55785,217,58,18118.11796446
55786,217,59,9262.92344005
55787,217,60,12403.6264343
55788,217,61,9021.27032363
55789,217,62,21663.18035122
55790,217,63,13704.52582876
55791,217,64,25998.63294581
55792,217,65,12861.74813047
55793,217,66,16809.97125813
55794,217,67,12774.90907401
55795,217,68,12267.69946237
55796,217,69,37331.93693055
55797,217,70,15265.43122145
55798,217,71,46685.63592632
55799,217,72,23286.90218916
55800,217,73,47871.39720587
55801,217,74,38745.19743995
55802,217,75,25401.30301214
55803,217,76,44908.75393933
55804,217,77,47763.52194307
55805,217,78,49124.25610221
55806,217,79,27751.01076659
55807,217,80,42728.33533047
55808,217,81,41548.4312741
55809,217,82,31338.54175094
55810,217,83,5866.91003953
55811,217,84,43867.84416362
55812,217,85,33597.76819514
55813,217,86,6961.93403355
55814,217,87,13880.9618263
55815,217,88,8906.54794727
55816,217,89,4364.97495672
55817,217,90,13028.78193305
55818,217,91,15172.09175132
55819,217,92,10260.13487241
55820,217,93,23541.06622647
55821,217,94,20811.87158219
55822,217,95,13175.76320575
55823,217,96,6980.49921549
55824,217,97,7082.60497069
55825,217,98,7015.87007785
55826,217,99,19610.24753356
55827,217,100,6925.25958614
55828,217,101,16134.73257215
55829,217,102,20058.13361309
55830,217,103,7812.08310718
55831,217,104,7586.98456561
55832,217,105,11412.5249135
55833,217,106,22292.66707822
55834,217,107,14212.06746245
55835,217,108,7225.6670479
55836,217,109,8857.683594
55837,217,110,2547.41740623
55838,217,111,8559.63758737
55839,217,112,22173.90522918
55840,217,113,2657.45251418
55841,217,114,11363.36413943
55842,217,115,5207.708789
55843,217,116,16564.01913227
55844,217,117,22608.07657778
55845,217,118,4777.29566388
55846,217,119,7152.49001118
55847,217,120,7296.96990527
55848,217,121,23039.65654935
55849,217,122,3573.81246606
55850,217,123,17327.53443729
55851,217,124,18767.94426283
55852,217,125,13771.38671625
55853,217,126,6218.61993558
55854,217,127,15651.04281377
55855,217,128,23540.47042429
55856,217,129,12924.61007454
55857,217,130,21255.66941634
55858,217,131,3021.11968957
55859,217,132,19685.48863495
55860,217,133,3802.09348335
55861,217,134,33135.02637421
55862,217,135,29547.99493528
55863,217,136,26852.30665429
55864,217,137,17854.11990395
55865,217,138,17057.01281333
55866,217,139,28337.43831004
55867,217,140,23796.47492685
55868,217,141,23026.96876242
55869,217,142,31938.33783067
55870,217,143,34425.01097596
55871,217,144,30484.26178282
55872,217,145,33498.57926626
55873,217,146,19865.006928
55874,217,147,19599.95636415
55875,217,148,20057.1576984
55876,217,149,16337.92841899
55877,217,150,22589.73652644
55878,217,151,19582.93177727
55879,217,152,20160.12867816
55880,217,153,19652.18976544
55881,217,154,18759.8106462
55882,217,155,19701.05516281
55883,217,156,10622.29566729
55884,217,157,17291.28072077
55885,217,158,23368.84619594
55886,217,159,9958.15084933
55887,217,160,21113.46883718
55888,217,161,19652.96242791
55889,217,162,19811.84213193
55890,217,163,12500.5514525
55891,217,164,20109.35393182
55892,217,165,14820.28424703
55893,217,166,11681.66809005
55894,217,167,19460.96420325
55895,217,168,31266.3936729
55896,217,169,28687.49363718
55897,217,170,29960.43922987
55898,217,171,32646.9316068
55899,217,172,32626.64225604
55900,217,173,32883.48442079
55901,217,174,33751.42529173
55902,217,175,35019.32620272
55903,217,176,36830.85667021
55904,217,177,33129.67338461
55905,217,178,11264.70776937
55906,217,179,8210.56668276
55907,217,180,12706.03443843
55908,217,181,15459.15367761
55909,217,182,18185.75646154
55910,217,183,22541.47614217
55911,217,184,13671.38396124
55912,217,185,9001.17583753
55913,217,186,17445.19181924
55914,217,187,21249.36265831
55915,217,188,26535.18883738
55916,217,189,22526.83956498
55917,217,190,20318.66755585
55918,217,191,21693.48603327
55919,217,192,24356.16749703
55920,217,193,21420.85835262
55921,217,194,20838.27143628
55922,217,195,23257.6015047
55923,217,196,27702.79123169
55924,217,197,21188.85059353
55925,217,198,15020.49343873
55926,217,199,16653.73319969
55927,217,200,35434.40016427
55928,217,201,23524.40878006
55929,217,202,43862.15973097
55930,217,203,39497.45401791
55931,217,204,32388.96838058
55932,217,205,25372.04501115
55933,217,206,21302.04399327
55934,217,207,47706.9906181
55935,217,208,17139.45635539
55936,217,209,13154.20433676
55937,217,210,11444.08256741
55938,217,211,17275.62906816
55939,217,212,46390.29827415
55940,217,213,53278.23963226
55941,217,214,22883.9471735
55942,217,215,5426.30813918
55943,217,216,5742.72020315
55944,217,217,0.0
55945,217,218,1860.27780178
55946,217,219,30082.04365865
55947,217,220,34337.83526978
55948,217,221,2921.9039482
55949,217,222,13505.76371374
55950,217,223,8372.81752126
55951,217,224,39024.07063722
55952,217,225,3456.17105722
55953,217,226,19205.95123569
55954,217,227,7776.46329231
55955,217,228,41145.17707397
55956,217,229,25051.83474329
55957,217,230,27376.83464179
55958,217,231,12080.95797967
55959,217,232,11937.0525297
55960,217,233,12259.64976679
55961,217,234,11588.98444714
55962,217,235,11780.21213442
55963,217,236,12500.56307489
55964,217,237,11634.23095022
55965,217,238,39347.95895783
55966,217,239,30812.85525987
55967,217,240,38199.89314524
55968,217,241,20991.7654968
55969,217,242,26835.65730829
55970,217,243,19147.6118095
55971,217,244,35133.63911612
55972,217,245,34173.9855161
55973,217,246,36139.61744309
55974,217,247,31379.08706387
55975,217,248,33230.63191181
55976,217,249,38829.9098427
55977,217,250,38103.14812085
55978,217,251,30126.05911018
55979,217,252,22133.75030149
55980,217,253,18395.10317045
55981,217,254,36877.64398369
55982,217,255,37461.52763986
55983,217,256,37646.6038123
55984,217,257,31943.53850414
55985,217,258,24960.7570563
55986,218,1,17349.52781372
55987,218,2,24251.77696001
55988,218,3,18365.15062956
55989,218,4,21912.72844436
55990,218,5,23749.57090227
55991,218,6,23134.37823693
55992,218,7,12907.90315237
55993,218,8,20351.98694502
55994,218,9,19519.06686992
55995,218,10,12884.75922935
55996,218,11,13684.60412027
55997,218,12,15117.43391492
55998,218,13,16465.91162194
55999,218,14,22315.91113072
56000,218,15,21249.88279545
56001,218,16,24859.498947
56002,218,17,17707.07162255
56003,218,18,18027.03419486
56004,218,19,19555.370214
56005,218,20,19724.71636499
56006,218,21,17743.53300153
56007,218,22,23817.23189922
56008,218,23,19066.58714442
56009,218,24,19663.61835777
56010,218,25,19495.20456828
56011,218,26,21690.50556975
56012,218,27,17770.1769996
56013,218,28,19060.99338949
56014,218,29,20605.83342544
56015,218,30,18394.55960493
56016,218,31,19550.44970856
56017,218,32,19443.72254448
56018,218,33,18239.20161257
56019,218,34,19983.52271583
56020,218,35,19659.20176202
56021,218,36,25934.07332641
56022,218,37,26865.09863214
56023,218,38,19574.21879664
56024,218,39,19219.51084553
56025,218,40,20419.08806469
56026,218,41,16678.08417046
56027,218,42,12853.9717892
56028,218,43,24472.83953779
56029,218,44,15857.57851252
56030,218,45,13291.65253671
56031,218,46,13095.63355828
56032,218,47,28636.01331982
56033,218,48,29437.66289243
56034,218,49,12579.61708444
56035,218,50,26216.22342179
56036,218,51,13187.54404766
56037,218,52,12635.08700845
56038,218,53,16360.16379901
56039,218,54,11807.41393558
56040,218,55,25628.62360129
56041,218,56,10143.51780247
56042,218,57,21016.51116828
56043,218,58,19400.40503296
56044,218,59,11073.12183892
56045,218,60,14150.29981464
56046,218,61,10871.78703326
56047,218,62,22684.80279592
56048,218,63,15325.19852537
56049,218,64,26489.2898554
56050,218,65,14533.09286094
56051,218,66,18193.12286516
56052,218,67,13648.80986185
56053,218,68,13294.74648594
56054,218,69,37060.1039595
56055,218,70,15659.13374822
56056,218,71,46294.65394898
56057,218,72,23169.82944338
56058,218,73,47420.86474935
56059,218,74,38441.16820103
56060,218,75,25223.90647268
56061,218,76,44563.25126092
56062,218,77,47155.47910283
56063,218,78,48602.46122708
56064,218,79,27529.896024
56065,218,80,42369.23398102
56066,218,81,41229.48760519
56067,218,82,31188.62045427
56068,218,83,7243.53049796
56069,218,84,43512.30332959
56070,218,85,33397.16724655
56071,218,86,8287.91932471
56072,218,87,14502.09294922
56073,218,88,10097.30262221
56074,218,89,5700.8996981
56075,218,90,14789.66977655
56076,218,91,17009.61255887
56077,218,92,11928.15936735
56078,218,93,25367.72019408
56079,218,94,22649.36904829
56080,218,95,14998.46226151
56081,218,96,7705.61680567
56082,218,97,6678.71483872
56083,218,98,6953.3871767
56084,218,99,21464.37809605
56085,218,100,7995.95334438
56086,218,101,17980.48183223
56087,218,102,21908.38431915
56088,218,103,7173.04887694
56089,218,104,9091.38394525
56090,218,105,13130.33072394
56091,218,106,24132.93830527
56092,218,107,16039.98122268
56093,218,108,7526.5941414
56094,218,109,10423.4088589
56095,218,110,2992.36767132
56096,218,111,10384.21528904
56097,218,112,24024.79433756
56098,218,113,1676.24828008
56099,218,114,13223.56410185
56100,218,115,3389.16665805
56101,218,116,18360.9466075
56102,218,117,24468.11966351
56103,218,118,6269.92808493
56104,218,119,5297.88091076
56105,218,120,9020.75064979
56106,218,121,24899.80932865
56107,218,122,4890.09000532
56108,218,123,19132.85710068
56109,218,124,20568.00264589
56110,218,125,15613.25674134
56111,218,126,7889.65245449
56112,218,127,17429.04247325
56113,218,128,25399.26323801
56114,218,129,14774.93099287
56115,218,130,23074.86989223
56116,218,131,1265.25914277
56117,218,132,21480.42979428
56118,218,133,1961.98924519
56119,218,134,34405.81273337
56120,218,135,30895.07114329
56121,218,136,28181.14790619
56122,218,137,18709.43214194
56123,218,138,17716.25365828
56124,218,139,29682.22695451
56125,218,140,24991.08966579
56126,218,141,24098.58886934
56127,218,142,33190.27852392
56128,218,143,35729.28471392
56129,218,144,31768.78727749
56130,218,145,34857.83077735
56131,218,146,20824.38050367
56132,218,147,21347.80758535
56133,218,148,21912.24319604
56134,218,149,18013.741557
56135,218,150,24356.01570416
56136,218,151,21401.03758198
56137,218,152,22019.18419407
56138,218,153,21426.01731732
56139,218,154,20457.78274852
56140,218,155,21509.7437028
56141,218,156,12080.38985684
56142,218,157,18994.61072043
56143,218,158,25097.05891715
56144,218,159,11342.73672952
56145,218,160,22902.28412609
56146,218,161,21486.5755543
56147,218,162,21656.05376823
56148,218,163,14065.26671546
56149,218,164,21969.62821331
56150,218,165,16473.82848904
56151,218,166,13231.48459918
56152,218,167,21183.55017377
56153,218,168,32367.49323278
56154,218,169,29777.12064614
56155,218,170,31076.80982893
56156,218,171,33741.91832441
56157,218,172,33868.5990361
56158,218,173,34082.95685594
56159,218,174,34893.1953757
56160,218,175,36350.31067725
56161,218,176,38224.67506146
56162,218,177,34414.04594628
56163,218,178,10333.33671873
56164,218,179,7950.64066057
56165,218,180,11551.66652605
56166,218,181,13804.09987397
56167,218,182,16388.05009658
56168,218,183,20715.39907922
56169,218,184,12234.61750032
56170,218,185,8335.76572341
56171,218,186,15685.1574803
56172,218,187,19425.64423382
56173,218,188,26116.83128869
56174,218,189,21722.7822316
56175,218,190,18935.72841896
56176,218,191,20694.22463004
56177,218,192,23844.28110418
56178,218,193,20338.25633585
56179,218,194,19605.97583713
56180,218,195,22616.25401436
56181,218,196,27437.86351667
56182,218,197,19715.23297521
56183,218,198,16454.89604418
56184,218,199,17882.44746441
56185,218,200,34936.61186791
56186,218,201,23761.86626935
56187,218,202,43111.9998123
56188,218,203,38836.3799515
56189,218,204,32002.99432286
56190,218,205,25215.81196288
56191,218,206,21860.58454496
56192,218,207,46985.959345
56193,218,208,18080.48650561
56194,218,209,14578.39940277
56195,218,210,13209.34974166
56196,218,211,18436.93654955
56197,218,212,46181.59862115
56198,218,213,52939.79692266
56199,218,214,21348.62324806
56200,218,215,3794.18559332
56201,218,216,7279.23579358
56202,218,217,1860.27780178
56203,218,218,0.0
56204,218,219,28349.21365722
56205,218,220,32578.64242883
56206,218,221,4781.05971879
56207,218,222,12165.1588091
56208,218,223,10030.26774661
56209,218,224,37242.68412834
56210,218,225,5030.52632467
56211,218,226,17778.76122647
56212,218,227,6396.9805277
56213,218,228,39352.5870224
56214,218,229,23419.23856538
56215,218,230,25689.66147665
56216,218,231,13819.28681735
56217,218,232,13692.38819463
56218,218,233,13978.85101097
56219,218,234,13396.33844101
56220,218,235,13556.96129251
56221,218,236,14198.16949251
56222,218,237,13430.31715874
56223,218,238,40943.72427348
56224,218,239,32559.71834402
56225,218,240,39864.05204783
56226,218,241,22715.42159573
56227,218,242,28574.1325912
56228,218,243,20798.16955244
56229,218,244,36852.4565923
56230,218,245,35883.37362468
56231,218,246,37866.09813668
56232,218,247,33100.46226513
56233,218,248,34940.60270849
56234,218,249,40475.66940871
56235,218,250,39678.26042572
56236,218,251,31894.17723467
56237,218,252,23832.92967888
56238,218,253,19977.01270525
56239,218,254,38592.01349022
56240,218,255,39152.5569579
56241,218,256,39189.3036884
56242,218,257,33646.11621534
56243,218,258,26678.24439115
56244,219,1,45532.59883335
56245,219,2,52598.0416161
56246,219,3,46512.61418852
56247,219,4,50047.34687065
56248,219,5,52080.28275829
56249,219,6,51418.58045789
56250,219,7,41146.50519054
56251,219,8,48449.31001009
56252,219,9,47644.56666153
56253,219,10,40853.47815376
56254,219,11,41939.40905622
56255,219,12,43362.9310325
56256,219,13,44705.1123706
56257,219,14,50528.30859054
56258,219,15,49309.7808773
56259,219,16,53202.2715407
56260,219,17,43890.64853705
56261,219,18,44556.37096764
56262,219,19,47863.81473492
56263,219,20,47183.13160932
56264,219,21,42775.77663105
56265,219,22,51317.92295584
56266,219,23,47281.97106613
56267,219,24,47990.26245983
56268,219,25,47391.89345916
56269,219,26,49446.25536704
56270,219,27,43357.61990491
56271,219,28,46278.19540508
56272,219,29,48449.57599761
56273,219,30,45219.49339355
56274,219,31,47894.41115572
56275,219,32,47471.32393285
56276,219,33,42392.4886684
56277,219,34,47702.32239986
56278,219,35,47897.14457565
56279,219,36,53230.57499559
56280,219,37,54178.74266482
56281,219,38,47922.79351506
56282,219,39,47347.838939
56283,219,40,41045.49633011
56284,219,41,41623.05958495
56285,219,42,39651.64472715
56286,219,43,42079.40845087
56287,219,44,40864.46406901
56288,219,45,40482.16513975
56289,219,46,39318.24310344
56290,219,47,42685.68445479
56291,219,48,42781.42849424
56292,219,49,40311.71986676
56293,219,50,42542.97029517
56294,219,51,41317.29056682
56295,219,52,40900.80578196
56296,219,53,44481.43977076
56297,219,54,40083.35031867
56298,219,55,49923.5258344
56299,219,56,38197.98226679
56300,219,57,48056.6115393
56301,219,58,46872.83252973
56302,219,59,39305.02973685
56303,219,60,42484.63580391
56304,219,61,38332.35264304
56305,219,62,48996.43597928
56306,219,63,43626.21066787
56307,219,64,49553.88404117
56308,219,65,42874.00791048
56309,219,66,45998.91037391
56310,219,67,40153.37317277
56311,219,68,40324.4678366
56312,219,69,52170.71165013
56313,219,70,39878.19544697
56314,219,71,58715.60938834
56315,219,72,42481.40478136
56316,219,73,58962.75637752
56317,219,74,52984.52427106
56318,219,75,43553.06459362
56319,219,76,57752.36738334
56320,219,77,56687.19264542
56321,219,78,59080.44623057
56322,219,79,44949.70110827
56323,219,80,55701.59053303
56324,219,81,55185.66981646
56325,219,82,48523.995189
56326,219,83,35394.41353767
56327,219,84,56725.59386731
56328,219,85,49852.49253194
56329,219,86,36328.14248193
56330,219,87,39944.3657058
56331,219,88,37796.82935108
56332,219,89,33885.05169824
56333,219,90,43110.34904082
56334,219,91,45062.52672793
56335,219,92,40271.07133499
56336,219,93,53447.47308812
56337,219,94,50654.42786594
56338,219,95,43160.35796733
56339,219,96,34711.90122024
56340,219,97,30984.32596514
56341,219,98,32180.29289458
56342,219,99,49241.56292782
56343,219,100,35648.79657115
56344,219,101,45942.18153455
56345,219,102,49757.67544139
56346,219,103,30282.99159171
56347,219,104,37326.91483375
56348,219,105,41478.04216834
56349,219,106,52097.67770275
56350,219,107,44167.08168513
56351,219,108,33546.252794
56352,219,109,38701.97283248
56353,219,110,29026.45712071
56354,219,111,37546.3025189
56355,219,112,51837.43568653
56356,219,113,27567.73149763
56357,219,114,40939.37051016
56358,219,115,24987.8059074
56359,219,116,46607.46620935
56360,219,117,51926.77471146
56361,219,118,32493.52981542
56362,219,119,23327.93613366
56363,219,120,35589.68280099
56364,219,121,52217.11034491
56365,219,122,31175.59236281
56366,219,123,47349.4572792
56367,219,124,48799.44092236
56368,219,125,43643.5779837
56369,219,126,34389.47694835
56370,219,127,45722.4967138
56371,219,128,52557.05766587
56372,219,129,42724.23959206
56373,219,130,51213.25733663
56374,219,131,27097.70465366
56375,219,132,49726.61750414
56376,219,133,26420.66526104
56377,219,134,61422.95961542
56378,219,135,58310.12620443
56379,219,136,55577.70499715
56380,219,137,44597.44511632
56381,219,138,42839.66829362
56382,219,139,57110.70088829
56383,219,140,51938.14892791
56384,219,141,50553.95677986
56385,219,142,60147.35227577
56386,219,143,62874.00437358
56387,219,144,58904.73992208
56388,219,145,62257.26381956
56389,219,146,46986.0587395
56390,219,147,49681.8826792
56391,219,148,48984.77329263
56392,219,149,46353.21216319
56393,219,150,49608.15072288
56394,219,151,49552.52916933
56395,219,152,49285.93662026
56396,219,153,49724.30044035
56397,219,154,48805.11786338
56398,219,155,47603.68978539
56399,219,156,40192.94478668
56400,219,157,47343.31093947
56401,219,158,49754.38954002
56402,219,159,39350.6284628
56403,219,160,48593.41632355
56404,219,161,48025.05569819
56405,219,162,48418.74836939
56406,219,163,42308.00835118
56407,219,164,49417.65752556
56408,219,165,44800.82915968
56409,219,166,41462.53368034
56410,219,167,49531.60386311
56411,219,168,48431.63146727
56412,219,169,46219.45619498
56413,219,170,47567.84420247
56414,219,171,49480.50628
56415,219,172,51388.93600049
56416,219,173,51045.14731002
56417,219,174,51010.06736295
56418,219,175,54649.70909105
56419,219,176,57130.82181148
56420,219,177,52381.08310227
56421,219,178,29546.44064814
56422,219,179,32020.13090056
56423,219,180,28139.54638477
56424,219,181,22371.03457446
56425,219,182,18365.27508944
56426,219,183,15914.26504454
56427,219,184,25509.01678733
56428,219,185,30496.62211772
56429,219,186,19710.6379729
56430,219,187,16339.75466656
56431,219,188,26054.07382207
56432,219,189,19956.60369695
56433,219,190,12866.42811624
56434,219,191,17405.5184131
56435,219,192,24096.57286679
56436,219,193,16343.09453328
56437,219,194,14535.94162092
56438,219,195,22166.19326544
56439,219,196,28628.3817045
56440,219,197,11166.82873634
56441,219,198,39353.76108053
56442,219,199,38689.49464928
56443,219,200,29295.1387723
56444,219,201,32833.65698622
56445,219,202,30726.91475562
56446,219,203,29182.40875705
56447,219,204,29270.7230766
56448,219,205,29011.0218933
56449,219,206,35130.51040905
56450,219,207,34183.52124419
56451,219,208,36407.20321034
56452,219,209,42570.44172775
56453,219,210,41525.17000295
56454,219,211,45545.8086044
56455,219,212,60739.21081252
56456,219,213,65242.1313582
56457,219,214,9151.02456863
56458,219,215,24663.9601627
56459,219,216,35572.9857127
56460,219,217,30082.04365865
56461,219,218,28349.21365722
56462,219,219,0.0
56463,219,220,4433.29819571
56464,219,221,32871.43404146
56465,219,222,18048.94567902
56466,219,223,38372.55826171
56467,219,224,9309.16900328
56468,219,225,33369.34343423
56469,219,226,13084.24661081
56470,219,227,22740.05374715
56471,219,228,11571.0918545
56472,219,229,6026.13417726
56473,219,230,3197.09892745
56474,219,231,42159.19980483
56475,219,232,42019.08635232
56476,219,233,42326.48568444
56477,219,234,41626.26085938
56478,219,235,41856.29874521
56479,219,236,42546.94793751
56480,219,237,41691.17891271
56481,219,238,69119.48239154
56482,219,239,60894.89809073
56483,219,240,68174.16221937
56484,219,241,51063.37532875
56485,219,242,56916.07896519
56486,219,243,49114.2793539
56487,219,244,65201.65583889
56488,219,245,64231.60745988
56489,219,246,66214.19461122
56490,219,247,61449.40296752
56491,219,248,63289.02349281
56492,219,249,68757.24231706
56493,219,250,67804.25852249
56494,219,251,60198.69985523
56495,219,252,52179.80968931
56496,219,253,48203.0071845
56497,219,254,66941.00875149
56498,219,255,67491.23781851
56499,219,256,67224.41070183
56500,219,257,61992.44277435
56501,219,258,55027.38204335
56502,220,1,49829.52584745
56503,220,2,56826.90352906
56504,220,3,50817.61840427
56505,220,4,54358.06948345
56506,220,5,56327.55648422
56507,220,6,55690.80839886
56508,220,7,45426.22655376
56509,220,8,52765.1823328
56510,220,9,51954.7555878
56511,220,10,45176.05805955
56512,220,11,46215.71012498
56513,220,12,47643.05418288
56514,220,13,48988.06559611
56515,220,14,54822.48394579
56516,220,15,53632.51769443
56517,220,16,57398.57461485
56518,220,17,48309.08944676
56519,220,18,48967.65978511
56520,220,19,52124.13212641
56521,220,20,51560.25528632
56522,220,21,47207.34706968
56523,220,22,55264.20804592
56524,220,23,51412.0573219
56525,220,24,52173.27601486
56526,220,25,51733.42853942
56527,220,26,53451.75162416
56528,220,27,47784.8706024
56529,220,28,50667.14039067
56530,220,29,52477.78431206
56531,220,30,49622.80404538
56532,220,31,52127.96189394
56533,220,32,51796.78323445
56534,220,33,46825.57587207
56535,220,34,52061.38039862
56536,220,35,52182.81666457
56537,220,36,57129.30604116
56538,220,37,58076.35841517
56539,220,38,52134.87747706
56540,220,39,51449.90850032
56541,220,40,45436.11938693
56542,220,41,46054.30130089
56543,220,42,44043.52947588
56544,220,43,46369.06961934
56545,220,44,45294.56737149
56546,220,45,44860.05345311
56547,220,46,43726.40086255
56548,220,47,46798.44177878
56549,220,48,46851.92648892
56550,220,49,44655.60701915
56551,220,50,46773.54905107
56552,220,51,45618.85490129
56553,220,52,45173.06026921
56554,220,53,48589.54037839
56555,220,54,44351.81909135
56556,220,55,53399.01039874
56557,220,56,42504.35490982
56558,220,57,51939.96475463
56559,220,58,50836.08581746
56560,220,59,43584.10438707
56561,220,60,46728.18179673
56562,220,61,42689.20216297
56563,220,62,52760.9986175
56564,220,63,47798.54509188
56565,220,64,52873.08391108
56566,220,65,47075.18432512
56567,220,66,50029.16931213
56568,220,67,44034.47306374
56569,220,68,44269.85080206
56570,220,69,54389.0611134
56571,220,70,43506.10133513
56572,220,71,60414.39999859
56573,220,72,45490.12994381
56574,220,73,60528.69632509
56575,220,74,55106.00569581
56576,220,75,46412.74314778
56577,220,76,59581.06665094
56578,220,77,58005.93325084
56579,220,78,60487.82175776
56580,220,79,47656.78595299
56581,220,80,57593.07037501
56582,220,81,57176.5040821
56583,220,82,51126.59753242
56584,220,83,39545.34142009
56585,220,84,58578.59136789
56586,220,85,52307.08471769
56587,220,86,40453.06117009
56588,220,87,43705.41838874
56589,220,88,41857.30494099
56590,220,89,38050.67343945
56591,220,90,47362.80692277
56592,220,91,49381.3463373
56593,220,92,44477.1104841
56594,220,93,57770.70911886
56595,220,94,54986.4889873
56596,220,95,47458.8564718
56597,220,96,38724.21866741
56598,220,97,34872.47341457
56599,220,98,36095.88283779
56600,220,99,53597.5441485
56601,220,100,39721.89974315
56602,220,101,50274.23832612
56603,220,102,54107.25245713
56604,220,103,34113.42914579
56605,220,104,41489.54830037
56606,220,105,45705.94603933
56607,220,106,56436.51195736
56608,220,107,48473.08819375
56609,220,108,37489.79121318
56610,220,109,42874.36541519
56611,220,110,33362.31637554
56612,220,111,41916.09042951
56613,220,112,56193.07270933
56614,220,113,31858.22600192
56615,220,114,45286.11439362
56616,220,115,29200.52750681
56617,220,116,50889.84117854
56618,220,117,56310.21319996
56619,220,118,36869.2923388
56620,220,119,27476.08434655
56621,220,120,39974.17183259
56622,220,121,56609.01658705
56623,220,122,35536.95046971
56624,220,123,51640.32996508
56625,220,124,53087.49856255
56626,220,125,47963.50114026
56627,220,126,38769.83331638
56628,220,127,49988.63573707
56629,220,128,56957.12364093
56630,220,129,47052.63416571
56631,220,130,55524.21129411
56632,220,131,31336.56343278
56633,220,132,54011.05207821
56634,220,133,30635.55536707
56635,220,134,65233.18142519
56636,220,135,62211.25435835
56637,220,136,59485.48716037
56638,220,137,48347.2078858
56639,220,138,46517.77106929
56640,220,139,61018.97407342
56641,220,140,55781.73632517
56642,220,141,54327.72178068
56643,220,142,63951.44115968
56644,220,143,66703.7954327
56645,220,144,62748.05423394
56646,220,145,66141.80341388
56647,220,146,50747.2742301
56648,220,147,53926.20757705
56649,220,148,53384.2998203
56650,220,149,50549.70128151
56651,220,150,54041.29201941
56652,220,151,53859.56750538
56653,220,152,53676.8927596
56654,220,153,53989.99373966
56655,220,154,53012.65157659
56656,220,155,52028.33923667
56657,220,156,44313.71417218
56658,220,157,51556.25271807
56659,220,158,54186.55361617
56660,220,159,43452.80512856
56661,220,160,53023.85480025
56662,220,161,52440.97995481
56663,220,162,52828.8066995
56664,220,163,46458.71686833
56665,220,164,53798.65019956
56666,220,165,48987.45501918
56667,220,166,45611.41610013
56668,220,167,53756.45483489
56669,220,168,52586.17741132
56670,220,169,50415.96554571
56671,220,170,51753.46169985
56672,220,171,53606.47425678
56673,220,172,55594.39687948
56674,220,173,55224.27037422
56675,220,174,55142.95448076
56676,220,175,58872.19691335
56677,220,176,61369.43064552
56678,220,177,56601.84792307
56679,220,178,33102.25081401
56680,220,179,35850.13810678
56681,220,180,31558.24027272
56682,220,181,25583.6073769
56683,220,182,21390.87011268
56684,220,183,18257.36526938
56685,220,184,28848.2272721
56686,220,185,34243.02967306
56687,220,186,22768.43655917
56688,220,187,18932.56745426
56689,220,188,29654.33790653
56690,220,189,23863.53066491
56691,220,190,17195.44504185
56692,220,191,21426.0905378
56693,220,192,27859.81369146
56694,220,193,20417.86130116
56695,220,194,18734.7932104
56696,220,195,26007.61938469
56697,220,196,32202.07404853
56698,220,197,15521.21948126
56699,220,198,43783.66550892
56700,220,199,43095.53968581
56701,220,200,31994.73810607
56702,220,201,36862.60867966
56703,220,202,32167.28944323
56704,220,203,31238.41502843
56705,220,204,32367.60786164
56706,220,205,32802.97514168
56707,220,206,39332.5189514
56708,220,207,35354.55101179
56709,220,208,40775.0133782
56710,220,209,46654.42125035
56711,220,210,45779.55671263
56712,220,211,49457.62400655
56713,220,212,62709.09531463
56714,220,213,66807.89682104
56715,220,214,13482.70734063
56716,220,215,28936.7375366
56717,220,216,39759.29401793
56718,220,217,34337.83526978
56719,220,218,32578.64242883
56720,220,219,4433.29819571
56721,220,220,0.0
56722,220,221,37156.34620649
56723,220,222,22479.40576401
56724,220,223,42579.9186924
56725,220,224,4877.26114702
56726,220,225,37581.118311
56727,220,226,17479.98261285
56728,220,227,27094.89994596
56729,220,228,7145.22175843
56730,220,229,10396.81796681
56731,220,230,7581.6646471
56732,220,231,46397.92425058
56733,220,232,46267.74469758
56734,220,233,46554.34645043
56735,220,234,45908.61650765
56736,220,235,46118.04182699
56737,220,236,46762.75398121
56738,220,237,45965.55553808
56739,220,238,73203.09636726
56740,220,239,65138.35683487
56741,220,240,72329.39372848
56742,220,241,55288.20230757
56743,220,242,61151.71998981
56744,220,243,53288.42610696
56745,220,244,69415.56248962
56746,220,245,68436.32561366
56747,220,246,70435.7787047
56748,220,247,65667.40403028
56749,220,248,67494.84920866
56750,220,249,72892.75461994
56751,220,250,71869.91207949
56752,220,251,64463.80715766
56753,220,252,56384.50345871
56754,220,253,52335.18342651
56755,220,254,71149.5339135
56756,220,255,71674.97666178
56757,220,256,71259.46623332
56758,220,257,66191.80438
56759,220,258,59244.91346591
56760,221,1,12675.99029346
56761,221,2,19800.28945646
56762,221,3,13673.25342851
56763,221,4,17220.11088986
56764,221,5,19239.98767833
56765,221,6,18548.49523608
56766,221,7,8275.24608648
56767,221,8,15641.50425196
56768,221,9,14818.75769658
56769,221,10,8118.98094803
56770,221,11,9069.37871322
56771,221,12,10491.50863716
56772,221,13,11834.08017479
56773,221,14,17666.57472103
56774,221,15,16527.82088494
56775,221,16,20513.96087574
56776,221,17,13172.52846423
56777,221,18,13402.02712215
56778,221,19,15006.78998988
56779,221,20,14947.55141617
56780,221,21,13541.60638445
56781,221,22,20465.30290252
56782,221,23,15076.27212758
56783,221,24,15419.99728581
56784,221,25,14732.78378417
56785,221,26,18180.02974538
56786,221,27,13398.79277087
56787,221,28,14305.62993278
56788,221,29,17040.98710979
56789,221,30,13703.659542
56790,221,31,15100.60193202
56791,221,32,14708.6465654
56792,221,33,14291.16465471
56793,221,34,15205.02209939
56794,221,35,15027.50380927
56795,221,36,22678.12443908
56796,221,37,23574.58112578
56797,221,38,15209.53743991
56798,221,39,15358.99399573
56799,221,40,17434.4880061
56800,221,41,12560.61393538
56801,221,42,8285.73899849
56802,221,43,22017.7677612
56803,221,44,11769.33295043
56804,221,45,8595.19532521
56805,221,46,8728.0955295
56806,221,47,26769.00715555
56807,221,48,27681.32751014
56808,221,49,7800.13927619
56809,221,50,23962.56217087
56810,221,51,8475.38316009
56811,221,52,8035.06649866
56812,221,53,12590.77390138
56813,221,54,7224.78426101
56814,221,55,24019.0929415
56815,221,56,5388.24173271
56816,221,57,18111.11138429
56817,221,58,16224.06290593
56818,221,59,6434.31545049
56819,221,60,9687.96712865
56820,221,61,6152.27438408
56821,221,62,20183.22474441
56822,221,63,11229.95280188
56823,221,64,25355.84303464
56824,221,65,10295.14593967
56825,221,66,14749.24661559
56826,221,67,11743.59519702
56827,221,68,10977.6813725
56828,221,69,37813.00882309
56829,221,70,14965.99792113
56830,221,71,47315.57509903
56831,221,72,23638.29160496
56832,221,73,48590.19402436
56833,221,74,39269.58191752
56834,221,75,25821.4928174
56835,221,76,45473.74902819
56836,221,77,48726.20410227
56837,221,78,49950.0008797
56838,221,79,28216.06555906
56839,221,80,43321.9825989
56840,221,81,42084.26141892
56841,221,82,31665.36971035
56842,221,83,4351.50400935
56843,221,84,44451.93215476
56844,221,85,33988.59076982
56845,221,86,5415.61130452
56846,221,87,13248.42153455
56847,221,88,7476.67309718
56848,221,89,3320.64857632
56849,221,90,10280.60974914
56850,221,91,12276.80607782
56851,221,92,7739.06045089
56852,221,93,20658.25840162
56853,221,94,17914.01006964
56854,221,95,10308.19832892
56855,221,96,6651.61153212
56856,221,97,8433.55496977
56857,221,98,7922.36251224
56858,221,99,16691.17963375
56859,221,100,5940.2916335
56860,221,101,13226.50994288
56861,221,102,17143.26139811
56862,221,103,9392.01401682
56863,221,104,5558.21053598
56864,221,105,8765.84361245
56865,221,106,19390.46822826
56866,221,107,11333.69775266
56867,221,108,7572.16219835
56868,221,109,6611.4201929
56869,221,110,4152.93257766
56870,221,111,5785.83457851
56871,221,112,19258.09675711
56872,221,113,5304.12076064
56873,221,114,8443.80937713
56874,221,115,8114.73038202
56875,221,116,13736.38528632
56876,221,117,19687.47927875
56877,221,118,3429.23951638
56878,221,119,10073.85722758
56879,221,120,4885.46700894
56880,221,121,20123.08910161
56881,221,122,3164.75684471
56882,221,123,14484.00346931
56883,221,124,15931.44421707
56884,221,125,10870.10001409
56885,221,126,4055.08590122
56886,221,127,12859.68395684
56887,221,128,20630.87500811
56888,221,129,10010.98816819
56889,221,130,18385.46834479
56890,221,131,5922.00620505
56891,221,132,16856.46145017
56892,221,133,6720.91018205
56893,221,134,31157.9774629
56894,221,135,27456.92928974
56895,221,136,24804.56730323
56896,221,137,16716.95699088
56897,221,138,16270.35287827
56898,221,139,26255.42617088
56899,221,140,21998.56345049
56900,221,141,21446.93441388
56901,221,142,29997.21264741
56902,221,143,32388.00157784
56903,221,144,28494.55263637
56904,221,145,31373.1411348
56905,221,146,18515.21469908
56906,221,147,16852.43724267
56907,221,148,17160.88615694
56908,221,149,13734.35991551
56909,221,150,19901.34381054
56910,221,151,16715.64850066
56911,221,152,17249.79325649
56912,221,153,16859.2921537
56913,221,154,16103.79264571
56914,221,155,16923.05538207
56915,221,156,8546.03799886
56916,221,157,14631.54847653
56917,221,158,20759.75205649
56918,221,159,8063.18168256
56919,221,160,18378.40812339
56920,221,161,16814.89500111
56921,221,162,16946.43621082
56922,221,163,10156.06597431
56923,221,164,17190.5223237
56924,221,165,12270.05907649
56925,221,166,9384.03814181
56926,221,167,16758.47651132
56927,221,168,29803.76401451
56928,221,169,27260.33970371
56929,221,170,28478.21438082
56930,221,171,31187.89796682
56931,221,172,30907.9734095
56932,221,173,31239.28067229
56933,221,174,32205.19861237
56934,221,175,33132.0910206
56935,221,176,34824.94123957
56936,221,177,31333.01924237
56937,221,178,13038.71526172
56938,221,179,9268.73250263
56939,221,180,14727.14040947
56940,221,181,18089.19770199
56941,221,182,21001.52745934
56942,221,183,25396.09259481
56943,221,184,16035.85342771
56944,221,185,10535.72414991
56945,221,186,20209.13258907
56946,221,187,24101.04780453
56947,221,188,27555.43909909
56948,221,189,24133.56720271
56949,221,190,22702.4734637
56950,221,191,23572.73253645
56951,221,192,25532.64428173
56952,221,193,23412.86256116
56953,221,194,23028.97742308
56954,221,195,24629.93245021
56955,221,196,28485.33527647
56956,221,197,23680.25368503
56957,221,198,13089.53390275
56958,221,199,15102.6137794
56959,221,200,36514.76519355
56960,221,201,23576.02331514
56961,221,202,45283.12420972
56962,221,203,40801.63874786
56963,221,204,33319.41833372
56964,221,205,26012.46073625
56965,221,206,20862.75755748
56966,221,207,49075.3163008
56967,221,208,16113.98739754
56968,221,209,11077.67841645
56969,221,210,8697.10704233
56970,221,211,15611.59621065
56971,221,212,46737.62675173
56972,221,213,53808.85206297
56973,221,214,25444.90833281
56974,221,215,8221.2396413
56975,221,216,3821.9998031
56976,221,217,2921.9039482
56977,221,218,4781.05971879
56978,221,219,32871.43404146
56979,221,220,37156.34620649
56980,221,221,0.0
56981,221,222,15895.85525768
56982,221,223,5927.12732378
56983,221,224,41867.41080979
56984,221,225,2091.6614293
56985,221,226,21650.32752014
56986,221,227,10312.3359224
56987,221,228,44001.2505947
56988,221,229,27726.28420054
56989,221,230,30113.88965698
56990,221,231,9384.88394187
56991,221,232,9207.05581993
56992,221,233,9601.3933
56993,221,234,8754.92018017
56994,221,235,9007.25012811
56995,221,236,9884.27555713
56996,221,237,8822.63482233
56997,221,238,36821.56056426
56998,221,239,28051.1157534
56999,221,240,35564.38623346
57000,221,241,18283.26350307
57001,221,242,24091.70019183
57002,221,243,16575.66436194
57003,221,244,32413.23323828
57004,221,245,31469.53051036
57005,221,246,33406.24022047
57006,221,247,28657.97742767
57007,221,248,30526.13259051
57008,221,249,36223.37138115
57009,221,250,35611.88829276
57010,221,251,27330.87132385
57011,221,252,19464.99602369
57012,221,253,15952.48551724
57013,221,254,34162.96316436
57014,221,255,34783.60922082
57015,221,256,35208.89927776
57016,221,257,29252.37352636
57017,221,258,22254.62763306
57018,222,1,28198.01721011
57019,222,2,35583.59593904
57020,222,3,29118.63719549
57021,222,4,32589.18104288
57022,222,5,34966.38715641
57023,222,6,34168.68725545
57024,222,7,23984.9938712
57025,222,8,30973.90495324
57026,222,9,30209.13303819
57027,222,10,23414.02214569
57028,222,11,24786.25799454
57029,222,12,26161.90565339
57030,222,13,27467.01833891
57031,222,14,33160.8517463
57032,222,15,31788.41791839
57033,222,16,36366.19946107
57034,222,17,25874.09196129
57035,222,18,26570.59896301
57036,222,19,30722.49091879
57037,222,20,29367.60126197
57038,222,21,24728.58717386
57039,222,22,35962.07808703
57040,222,23,30940.4043292
57041,222,24,31312.4954402
57042,222,25,29775.59176349
57043,222,26,33797.18756885
57044,222,27,25312.10894003
57045,222,28,28401.88223594
57046,222,29,32693.59237676
57047,222,30,27271.29244405
57048,222,31,30913.36415843
57049,222,32,29947.76119281
57050,222,33,24383.09127812
57051,222,34,29984.5805057
57052,222,35,30604.23707124
57053,222,36,38093.02422753
57054,222,37,39021.57679168
57055,222,38,31070.66397674
57056,222,39,31175.44199339
57057,222,40,23546.1367213
57058,222,41,23575.10731122
57059,222,42,21781.91141371
57060,222,43,25475.84412436
57061,222,44,22815.5184109
57062,222,45,22692.96093977
57063,222,46,21356.63827252
57064,222,47,27471.89758349
57065,222,48,27880.37762585
57066,222,49,22739.60739748
57067,222,50,26414.1919632
57068,222,51,24008.9543163
57069,222,52,23793.55702181
57070,222,53,28350.64657736
57071,222,54,23018.29942661
57072,222,55,37297.4045766
57073,222,56,20910.41733844
57074,222,57,33177.40969721
57075,222,58,31558.72671128
57076,222,59,22184.24323189
57077,222,60,25534.82109835
57078,222,61,20695.78660247
57079,222,62,34775.64000969
57080,222,63,27110.32354034
57081,222,64,37807.45002079
57082,222,65,26190.93663616
57083,222,66,30305.72223915
57084,222,67,25681.72583376
57085,222,68,25422.40274067
57086,222,69,45819.75270641
57087,222,70,27035.03934914
57088,222,71,54320.57187667
57089,222,72,32972.13312797
57090,222,73,55141.86520951
57091,222,74,47030.79279073
57092,222,75,34734.99951616
57093,222,76,52831.97491485
57094,222,77,54083.36831714
57095,222,78,55946.45434998
57096,222,79,36791.09280451
57097,222,80,50624.57331824
57098,222,81,49687.94190264
57099,222,82,40585.46445695
57100,222,83,19342.32415266
57101,222,84,51758.23041743
57102,222,85,42539.9639809
57103,222,86,20416.03241705
57104,222,87,26259.63244639
57105,222,88,22261.87391205
57106,222,89,17810.36600282
57107,222,90,26090.67963525
57108,222,91,27599.41007974
57109,222,92,23625.24626
57110,222,93,35897.64238491
57111,222,94,33071.8203088
57112,222,95,25845.43396715
57113,222,96,19736.76374432
57114,222,97,17359.32154048
57115,222,98,18185.81350461
57116,222,99,31533.61364646
57117,222,100,20157.0388246
57118,222,101,28391.71573635
57119,222,102,32082.62930118
57120,222,103,17205.63877065
57121,222,104,21091.84595308
57122,222,105,24653.36549181
57123,222,106,34469.98649379
57124,222,107,26792.35208865
57125,222,108,19187.2034385
57126,222,109,22340.72587799
57127,222,110,11767.64569351
57128,222,111,19830.77843162
57129,222,112,34120.20416424
57130,222,113,10851.09848859
57131,222,114,23342.4207988
57132,222,115,9452.23641087
57133,222,116,29348.8199052
57134,222,117,34064.63244831
57135,222,118,14793.34499032
57136,222,119,8929.97807451
57137,222,120,17791.61143837
57138,222,121,34312.60044257
57139,222,122,13616.91981273
57140,222,123,30031.41521851
57141,222,124,31483.21531286
57142,222,125,26188.14827898
57143,222,126,16631.45250763
57144,222,127,28574.43412157
57145,222,128,34613.43413359
57146,222,129,25225.57894705
57147,222,130,33745.28538864
57148,222,131,10958.46364769
57149,222,132,32422.51153932
57150,222,133,10619.33769334
57151,222,134,46569.37281716
57152,222,135,43033.90556241
57153,222,136,40327.83220738
57154,222,137,30678.72045292
57155,222,138,29462.55359825
57156,222,139,41821.94310022
57157,222,140,37153.29252361
57158,222,141,36217.23914869
57159,222,142,45355.27292873
57160,222,143,47886.20543814
57161,222,144,43929.85709028
57162,222,145,46990.71505197
57163,222,146,32875.34826036
57164,222,147,32612.59050438
57165,222,148,31048.80631291
57166,222,149,29624.17439518
57167,222,150,31572.97064618
57168,222,151,32119.32860789
57169,222,152,31391.81244467
57170,222,153,32529.33213869
57171,222,154,31966.13156804
57172,222,155,29564.10474978
57173,222,156,24127.96493819
57174,222,157,30495.61254803
57175,222,158,31762.55417446
57176,222,159,23447.93843573
57177,222,160,30544.55434492
57178,222,161,30016.10132526
57179,222,162,30434.44966194
57180,222,163,25969.48634865
57181,222,164,31574.39320422
57182,222,165,28165.72172991
57183,222,166,25163.03087363
57184,222,167,32579.00717877
57185,222,168,32702.58189318
57186,222,169,30243.88254608
57187,222,170,31636.01305568
57188,222,171,33925.5262372
57189,222,172,35223.20500394
57190,222,173,35074.44964009
57191,222,174,35365.26616579
57192,222,175,38304.70370543
57193,222,176,40637.53707064
57194,222,177,36086.90938109
57195,222,178,18590.38522706
57196,222,179,18681.02395508
57197,222,180,18439.33789738
57198,222,181,15992.60993979
57199,222,182,15260.05918804
57200,222,183,17678.77854398
57201,222,184,17098.71626381
57202,222,185,18006.19057502
57203,222,186,15613.53042863
57204,222,187,16739.61604973
57205,222,188,17087.66753506
57206,222,189,11062.74436667
57207,222,190,6817.77643949
57208,222,191,9234.07296501
57209,222,192,14515.25013928
57210,222,193,8591.97761209
57211,222,194,7506.24208621
57212,222,195,12708.5985506
57213,222,196,19153.00286636
57214,222,197,7825.40148319
57215,222,198,21414.41802372
57216,222,199,21052.78441947
57217,222,200,25015.6521326
57218,222,201,19036.26615596
57219,222,202,32001.44072925
57220,222,203,28114.98213792
57221,222,204,22752.34262424
57222,222,205,17800.47938482
57223,222,206,19598.41647356
57224,222,207,35933.26189759
57225,222,208,19217.83024835
57226,222,209,26657.69104677
57227,222,210,24523.98332523
57228,222,211,30596.5687919
57229,222,212,55009.70996943
57230,222,213,61091.50292421
57231,222,214,9696.90285575
57232,222,215,8491.14397231
57233,222,216,19246.40096224
57234,222,217,13505.76371374
57235,222,218,12165.1588091
57236,222,219,18048.94567902
57237,222,220,22479.40576401
57238,222,221,15895.85525768
57239,222,222,0.0
57240,222,223,21777.83196638
57241,222,224,27347.76285963
57242,222,225,16961.07612297
57243,222,226,5762.23465029
57244,222,227,5768.94100013
57245,222,228,29594.31934465
57246,222,229,12326.48686082
57247,222,230,14991.06208112
57248,222,231,25247.69515296
57249,222,232,25045.41486457
57250,222,233,25482.40648573
57251,222,234,24438.89934217
57252,222,235,24800.0182233
57253,222,236,25776.52656552
57254,222,237,24555.04131713
57255,222,238,52716.63336479
57256,222,239,43726.4810294
57257,222,240,51411.7614179
57258,222,241,34090.58846049
57259,222,242,39820.67264034
57260,222,243,32469.3625523
57261,222,244,48158.38941635
57262,222,245,47242.83167708
57263,222,246,49124.85922972
57264,222,247,44411.70322437
57265,222,248,46301.45133194
57266,222,249,52091.35985545
57267,222,250,51506.80543597
57268,222,251,42920.46470947
57269,222,252,35308.95712839
57270,222,253,31827.96092247
57271,222,254,49914.03772222
57272,222,255,50587.62487931
57273,222,256,51091.81192268
57274,222,257,45049.16241094
57275,222,258,38050.24977861
57276,223,1,7866.69829758
57277,223,2,14257.00379281
57278,223,3,8914.90497285
57279,223,4,12358.54439231
57280,223,5,13800.25587287
57281,223,6,13286.80337361
57282,223,7,3674.95698993
57283,223,8,10917.14186642
57284,223,9,10063.07358068
57285,223,10,4760.41896442
57286,223,11,4254.95804043
57287,223,12,5589.35135767
57288,223,13,6875.71124382
57289,223,14,12613.62261528
57290,223,15,11848.39874668
57291,223,16,14830.45086407
57292,223,17,11713.56356542
57293,223,18,11458.97458691
57294,223,19,9689.98414362
57295,223,20,11440.3002217
57296,223,21,13225.08544325
57297,223,22,14636.96789192
57298,223,23,9163.43114133
57299,223,24,9637.09337225
57300,223,25,10481.30724076
57301,223,26,12307.75393236
57302,223,27,12557.71659529
57303,223,28,11248.9645538
57304,223,29,11157.99571102
57305,223,30,11306.71308776
57306,223,31,9575.42612824
57307,223,32,10185.97460366
57308,223,33,14555.6290587
57309,223,34,11244.09321482
57310,223,35,9960.41317168
57311,223,36,16875.23943769
57312,223,37,17752.30095676
57313,223,38,9554.96009038
57314,223,39,9431.88710739
57315,223,40,19227.75696292
57316,223,41,12620.11978181
57317,223,42,7668.70600992
57318,223,43,24287.30215666
57319,223,44,12033.03188121
57320,223,45,7080.01198169
57321,223,46,8809.9085577
57322,223,47,29582.87480853
57323,223,48,30594.57820212
57324,223,49,5336.02525016
57325,223,50,26407.50814439
57326,223,51,4375.99006974
57327,223,52,3308.84410413
57328,223,53,6678.85728349
57329,223,54,2609.92204529
57330,223,55,19417.68593033
57331,223,56,3261.05597994
57332,223,57,12568.67095522
57333,223,58,10539.48334361
57334,223,59,2490.00037021
57335,223,60,4286.64084862
57336,223,61,5440.92331254
57337,223,62,14899.12850475
57338,223,63,5339.00305488
57339,223,64,21180.55140827
57340,223,65,4502.87014043
57341,223,66,8937.81518084
57342,223,67,7738.3822185
57343,223,68,6571.77383412
57344,223,69,35362.36248693
57345,223,70,11986.88167131
57346,223,71,45026.93615239
57347,223,72,21321.00535757
57348,223,73,46462.85190123
57349,223,74,36879.07747699
57350,223,75,23550.07416121
57351,223,76,43079.45593625
57352,223,77,47092.08702124
57353,223,78,48022.97920911
57354,223,79,25951.35921746
57355,223,80,41009.02123397
57356,223,81,39675.50723101
57357,223,82,29041.48487382
57358,223,83,3353.81488297
57359,223,84,42106.48545841
57360,223,85,31435.57469989
57361,223,86,2993.58521109
57362,223,87,9821.24980905
57363,223,88,3760.46983377
57364,223,89,4639.33786754
57365,223,90,4978.02304695
57366,223,91,7870.97407189
57367,223,92,1898.52577491
57368,223,93,15821.03262993
57369,223,94,13288.51732929
57370,223,95,5763.54280821
57371,223,96,5914.50753646
57372,223,97,10008.95160142
57373,223,98,8873.62949171
57374,223,99,12521.27310484
57375,223,100,4340.62791357
57376,223,101,8959.60396541
57377,223,102,12826.10216676
57378,223,103,11136.50062344
57379,223,104,1622.0136231
57380,223,105,3179.43887395
57381,223,106,14784.62813719
57382,223,107,6800.48801335
57383,223,108,7645.95246963
57384,223,109,1028.41939952
57385,223,110,10076.90844798
57386,223,111,6093.12362345
57387,223,112,14898.626827
57388,223,113,11005.5940421
57389,223,114,5755.39610758
57390,223,115,13385.63613329
57391,223,116,8676.79424279
57392,223,117,15796.52433348
57393,223,118,8308.88131359
57394,223,119,15132.42081064
57395,223,120,7232.50174024
57396,223,121,16381.42566315
57397,223,122,8781.93928898
57398,223,123,9496.29075745
57399,223,124,10862.61706339
57400,223,125,6686.65301712
57401,223,126,7465.38669555
57402,223,127,7642.34989359
57403,223,128,17043.52537563
57404,223,129,6209.15841242
57405,223,130,13485.7835476
57406,223,131,11289.79840907
57407,223,132,11728.0119505
57408,223,133,11952.04329963
57409,223,134,25323.13458062
57410,223,135,21573.16391792
57411,223,136,18946.01938144
57412,223,137,12058.91554642
57413,223,138,12248.85202649
57414,223,139,20377.45986632
57415,223,140,16335.38556662
57416,223,141,16017.60730399
57417,223,142,24185.88918382
57418,223,143,26520.82434659
57419,223,144,22658.2712734
57420,223,145,25472.49032716
57421,223,146,13452.60203509
57422,223,147,11399.17267626
57423,223,148,13954.86006418
57424,223,149,7983.48931065
57425,223,150,18197.53770443
57426,223,151,11830.47539274
57427,223,152,13785.49038101
57428,223,153,11565.07338795
57429,223,154,10433.88574669
57430,223,155,14851.17908781
57431,223,156,2952.79262853
57432,223,157,8976.42369949
57433,223,158,19415.81759138
57434,223,159,2941.64125985
57435,223,160,16491.16146428
57436,223,161,14281.49839106
57437,223,162,14139.44640417
57438,223,163,4231.37073179
57439,223,164,13484.62460892
57440,223,165,6449.80269579
57441,223,166,3480.67149461
57442,223,167,11184.24897185
57443,223,168,31631.64139847
57444,223,169,29233.01395583
57445,223,170,30296.56261907
57446,223,171,32991.2979445
57447,223,172,32111.73163974
57448,223,173,32616.0105422
57449,223,174,33789.79228426
57450,223,175,33853.0603342
57451,223,176,35184.7233944
57452,223,177,32330.87855474
57453,223,178,14549.43124956
57454,223,179,10068.4950235
57455,223,180,16602.3083708
57456,223,181,21363.77091376
57457,223,182,24905.34232851
57458,223,183,29429.1109314
57459,223,184,18647.50973045
57460,223,185,11950.32490185
57461,223,186,23900.93246518
57462,223,187,28136.49989277
57463,223,188,32968.48275224
57464,223,189,29930.0684394
57465,223,190,28593.40297064
57466,223,191,29465.09138702
57467,223,192,31076.07474183
57468,223,193,29327.91886948
57469,223,194,28954.9173663
57470,223,195,30304.04339891
57471,223,196,33687.99707925
57472,223,197,29525.57738597
57473,223,198,14697.16833712
57474,223,199,17401.31002917
57475,223,200,41926.46557512
57476,223,201,28070.40758284
57477,223,202,50923.2428268
57478,223,203,46370.96855076
57479,223,204,38619.90146053
57480,223,205,31106.87358142
57481,223,206,24782.80490226
57482,223,207,54672.75447853
57483,223,208,19339.19710293
57484,223,209,5324.40807197
57485,223,210,3509.94300764
57486,223,211,10209.05266863
57487,223,212,43919.01710105
57488,223,213,51269.54606892
57489,223,214,31246.74753118
57490,223,215,13779.65979513
57491,223,216,2868.72766407
57492,223,217,8372.81752126
57493,223,218,10030.26774661
57494,223,219,38372.55826171
57495,223,220,42579.9186924
57496,223,221,5927.12732378
57497,223,222,21777.83196638
57498,223,223,0.0
57499,223,224,47208.34788799
57500,223,225,5003.29413376
57501,223,226,27517.36604246
57502,223,227,16114.35368685
57503,223,228,49292.46307849
57504,223,229,33420.20267376
57505,223,230,35718.09866873
57506,223,231,3927.9588711
57507,223,232,3894.25322999
57508,223,233,4015.363371
57509,223,234,4119.51618082
57510,223,235,3923.28848534
57511,223,236,4187.18832537
57512,223,237,4004.43553109
57513,223,238,30980.69794392
57514,223,239,22583.29363962
57515,223,240,29838.13362532
57516,223,241,12714.66687667
57517,223,242,18587.48304463
57518,223,243,10777.2426428
57519,223,244,26835.87285396
57520,223,245,25860.28041456
57521,223,246,27856.43352604
57522,223,247,23087.60993052
57523,223,248,24918.07087398
57524,223,249,30460.0331001
57525,223,250,29746.18963775
57526,223,251,21969.59055904
57527,223,252,13807.75131698
57528,223,253,10050.52949076
57529,223,254,28571.55988862
57530,223,255,29122.66230196
57531,223,256,29314.60749825
57532,223,257,23619.9153992
57533,223,258,16665.38468027
57534,224,1,54543.11864525
57535,224,2,61464.90721668
57536,224,3,55539.1822195
57537,224,4,59084.03695422
57538,224,5,60985.20976809
57539,224,6,60375.15352107
57540,224,7,50124.83687827
57541,224,8,57497.36466041
57542,224,9,56681.25104851
57543,224,10,49919.11767479
57544,224,11,50910.2302573
57545,224,12,52340.50392094
57546,224,13,53687.5666817
57547,224,14,59530.56552547
57548,224,15,58371.6944361
57549,224,16,62002.13562518
57550,224,17,53158.263297
57551,224,18,53807.66572403
57552,224,19,56798.0508581
57553,224,20,56359.79042753
57554,224,21,52076.33717687
57555,224,22,59613.66098289
57556,224,23,55952.80024665
57557,224,24,56767.26719508
57558,224,25,56493.6482909
57559,224,26,57863.74526787
57560,224,27,52646.39099946
57561,224,28,55480.33467653
57562,224,29,56914.076076
57563,224,30,54453.00985828
57564,224,31,56774.05855045
57565,224,32,56539.65153395
57566,224,33,51701.42111148
57567,224,34,56840.64277171
57568,224,35,56883.26389737
57569,224,36,61427.71951066
57570,224,37,62372.23540917
57571,224,38,56758.78867025
57572,224,39,55962.19642808
57573,224,40,50292.5280714
57574,224,41,50922.65618707
57575,224,42,48861.58391398
57576,224,43,51150.86364237
57577,224,44,50160.83828253
57578,224,45,49662.28716445
57579,224,46,48563.35675626
57580,224,47,51436.95735936
57581,224,48,51455.16844084
57582,224,49,49421.3140765
57583,224,50,51508.38104161
57584,224,51,50339.81373942
57585,224,52,49864.22846571
57586,224,53,53111.44441758
57587,224,54,49039.7929013
57588,224,55,57278.77140477
57589,224,56,47232.35688168
57590,224,57,56231.47886256
57591,224,58,55209.54607036
57592,224,59,48283.47741138
57593,224,60,51388.80945151
57594,224,61,47469.54218221
57595,224,62,56931.90682597
57596,224,63,52385.99775286
57597,224,64,56597.80036497
57598,224,65,51692.51253921
57599,224,66,54471.01740808
57600,224,67,48340.69205064
57601,224,68,48638.21655442
57602,224,69,56990.48841613
57603,224,70,47567.9294076
57604,224,71,62443.98810713
57605,224,72,48937.45227216
57606,224,73,62417.95224563
57607,224,74,57603.74716464
57608,224,75,49707.3569117
57609,224,76,61751.03661928
57610,224,77,59648.29247101
57611,224,78,62209.90436151
57612,224,79,50792.11688311
57613,224,80,59838.90885453
57614,224,81,59527.89401853
57615,224,82,54137.59248993
57616,224,83,44122.71683167
57617,224,84,60779.10466481
57618,224,85,55161.51873831
57619,224,86,45003.68904028
57620,224,87,47895.80974162
57621,224,88,46342.79404326
57622,224,89,42644.72979216
57623,224,90,52032.01092325
57624,224,91,54118.24604249
57625,224,92,49102.0628787
57626,224,93,62508.84887838
57627,224,94,59735.23143455
57628,224,95,52175.48217583
57629,224,96,43170.16741096
57630,224,97,39213.45097757
57631,224,98,40458.08045433
57632,224,99,58372.94597926
57633,224,100,44223.83025113
57634,224,101,55024.82588134
57635,224,102,58875.43933888
57636,224,103,38404.05263395
57637,224,104,46075.31215807
57638,224,105,50351.62674722
57639,224,106,61192.15496765
57640,224,107,53196.96411185
57641,224,108,41873.83411462
57642,224,109,47467.80468224
57643,224,110,38127.05206278
57644,224,111,46710.55444027
57645,224,112,60967.34759126
57646,224,113,36580.84275409
57647,224,114,50054.55878805
57648,224,115,33855.86875979
57649,224,116,55587.57097074
57650,224,117,61115.94350956
57651,224,118,41672.24926166
57652,224,119,32078.45363158
57653,224,120,44785.23017572
57654,224,121,61424.5840263
57655,224,122,40325.66992356
57656,224,123,56346.55171418
57657,224,124,57789.96961789
57658,224,125,52702.27853893
57659,224,126,43576.86793547
57660,224,127,54670.01565554
57661,224,128,61782.3804891
57662,224,129,51800.80870715
57663,224,130,60249.92746245
57664,224,131,36011.57958202
57665,224,132,58709.20440854
57666,224,133,35289.78615022
57667,224,134,69429.41674309
57668,224,135,66505.0868848
57669,224,136,63789.74821186
57670,224,137,52513.66563315
57671,224,138,50618.72722728
57672,224,139,65321.68564928
57673,224,140,60026.40235193
57674,224,141,58504.64627867
57675,224,142,68143.11965251
57676,224,143,70918.34407544
57677,224,144,66981.74286596
57678,224,145,70413.71545768
57679,224,146,54919.28773492
57680,224,147,58582.26614461
57681,224,148,58209.40835679
57682,224,149,55158.95027609
57683,224,150,58914.48223342
57684,224,151,58581.81647535
57685,224,152,58491.83934471
57686,224,153,58668.39727333
57687,224,154,57631.16872223
57688,224,155,56885.7602481
57689,224,156,48854.13588379
57690,224,157,56181.51507437
57691,224,158,59063.44082516
57692,224,159,47976.2349149
57693,224,160,57890.49013497
57694,224,161,57286.49223925
57695,224,162,57666.82466236
57696,224,163,51026.00459084
57697,224,164,58602.06894321
57698,224,165,53588.13206372
57699,224,166,50177.94744329
57700,224,167,58392.34742643
57701,224,168,57254.52893487
57702,224,169,55120.72393339
57703,224,170,56448.33230405
57704,224,171,58249.94722681
57705,224,172,60303.52597399
57706,224,173,59911.52959111
57707,224,174,59791.15393617
57708,224,175,63593.99980813
57709,224,176,66103.74488702
57710,224,177,61323.24389941
57711,224,178,37145.48494904
57712,224,179,40133.25227068
57713,224,180,35486.84264476
57714,224,181,29389.62050659
57715,224,182,25106.69823274
57716,224,183,21492.04349676
57717,224,184,32728.76135156
57718,224,185,38455.49665964
57719,224,186,26484.9364491
57720,224,187,22351.79063366
57721,224,188,33922.89080377
57722,224,189,28400.27662531
57723,224,190,22028.32838837
57724,224,191,26055.21801669
57725,224,192,32267.00619562
57726,224,193,25087.9707171
57727,224,194,23489.82029629
57728,224,195,30484.4240172
57729,224,196,36434.11427255
57730,224,197,20369.35704645
57731,224,198,48660.91300463
57732,224,199,47961.91965404
57733,224,200,35484.65203809
57734,224,201,41447.3673948
57735,224,202,34492.70463115
57736,224,203,34158.85838756
57737,224,204,36198.88058593
57738,224,205,37209.35875686
57739,224,206,44050.7052963
57740,224,207,37365.31820847
57741,224,208,45616.66849345
57742,224,209,51154.91512345
57743,224,210,50452.02406263
57744,224,211,53782.21156292
57745,224,212,65011.91511714
57746,224,213,68667.20866942
57747,224,214,18324.1242129
57748,224,215,33647.23605366
57749,224,216,44370.71215144
57750,224,217,39024.07063722
57751,224,218,37242.68412834
57752,224,219,9309.16900328
57753,224,220,4877.26114702
57754,224,221,41867.41080979
57755,224,222,27347.76285963
57756,224,223,47208.34788799
57757,224,224,0.0
57758,224,225,42220.4182938
57759,224,226,22345.64681652
57760,224,227,31883.78838017
57761,224,228,2279.66959499
57762,224,229,15259.6932293
57763,224,230,12453.3407462
57764,224,231,51053.93366894
57765,224,232,50933.96970227
57766,224,233,51199.18809788
57767,224,234,50609.57753318
57768,224,235,50797.73159182
57769,224,236,51395.18645914
57770,224,237,50658.28730941
57771,224,238,77677.25584601
57772,224,239,69787.33771691
57773,224,240,76880.32325136
57774,224,241,59922.99843984
57775,224,242,65794.34455412
57776,224,243,57872.32086288
57777,224,244,74030.81899815
57778,224,245,73042.19933114
57779,224,246,75058.83637275
57780,224,247,70288.87561082
57781,224,248,72102.38162152
57782,224,249,77422.31792324
57783,224,250,76325.94095728
57784,224,251,69136.37715801
57785,224,252,60997.53878713
57786,224,253,56877.06253586
57787,224,254,75758.20208294
57788,224,255,76256.7631061
57789,224,256,75683.64872941
57790,224,257,70793.12365681
57791,224,258,63869.49344603
57792,225,1,12529.70918851
57793,225,2,19247.50284149
57794,225,3,13565.70817208
57795,225,4,17093.98148557
57796,225,5,18767.42306566
57797,225,6,18197.16177434
57798,225,7,8087.4556189
57799,225,8,15572.45660667
57800,225,9,14726.00795841
57801,225,10,8375.41516076
57802,225,11,8831.76089441
57803,225,12,10258.79816958
57804,225,13,11601.18678744
57805,225,14,17438.19779989
57806,225,15,16488.85331462
57807,225,16,19833.66613471
57808,225,17,14246.45541697
57809,225,18,14336.73505572
57810,225,19,14604.48541808
57811,225,20,15385.34695569
57812,225,21,14934.39932281
57813,225,22,19056.26506565
57814,225,23,14059.8495534
57815,225,24,14633.27794198
57816,225,25,14869.90144299
57817,225,26,16848.73346247
57818,225,27,14651.06868248
57819,225,28,14895.30385528
57820,225,29,15737.16960397
57821,225,30,14502.4824596
57822,225,31,14553.65665819
57823,225,32,14725.23287701
57824,225,33,15838.14007671
57825,225,34,15469.9250205
57826,225,35,14774.02770034
57827,225,36,21228.03734097
57828,225,37,22143.35769665
57829,225,38,14555.57484198
57830,225,39,14243.50350757
57831,225,40,19318.62892318
57832,225,41,14027.77851316
57833,225,42,9422.56529169
57834,225,43,23992.07303609
57835,225,44,13268.81966588
57836,225,45,9484.21774071
57837,225,46,10081.88652656
57838,225,47,28812.26728572
57839,225,48,29734.01304445
57840,225,49,8331.92146915
57841,225,50,25963.40748938
57842,225,51,8491.5303637
57843,225,52,7782.69601165
57844,225,53,11400.4655245
57845,225,54,6953.50757812
57846,225,55,22063.99198402
57847,225,56,5689.23650913
57848,225,57,16492.63614034
57849,225,58,14712.91248368
57850,225,59,6304.44628866
57851,225,60,9181.3644681
57852,225,61,7077.40489612
57853,225,62,18431.29993869
57854,225,63,10297.7522898
57855,225,64,23332.24484697
57856,225,65,9505.62660863
57857,225,66,13366.58286516
57858,225,67,9784.87477251
57859,225,68,9107.98853853
57860,225,69,35738.4548735
57861,225,70,12883.13619184
57862,225,71,45254.83141854
57863,225,72,21558.77544701
57864,225,73,46541.46694472
57865,225,74,37198.9012241
57866,225,75,23746.55652244
57867,225,76,43405.72242286
57868,225,77,46722.59661792
57869,225,78,47918.53570177
57870,225,79,26144.03847664
57871,225,80,41257.86203206
57872,225,81,40013.95721039
57873,225,82,29580.66429148
57874,225,83,2499.60563909
57875,225,84,42386.3530294
57876,225,85,31907.54783281
57877,225,86,3609.07396297
57878,225,87,11201.7619317
57879,225,88,5639.68660995
57880,225,89,1236.86283634
57881,225,90,9840.36312778
57882,225,91,12306.50464005
57883,225,92,6901.81835371
57884,225,93,20564.08311838
57885,225,94,17912.38910163
57886,225,95,10229.33293389
57887,225,96,4560.92300042
57888,225,97,6756.82659731
57889,225,98,6070.34228012
57890,225,99,16886.90000977
57891,225,100,3911.58743982
57892,225,101,13333.48401184
57893,225,102,17279.03514433
57894,225,103,7798.95738728
57895,225,104,4130.91688064
57896,225,105,8131.34748678
57897,225,106,19408.34024019
57898,225,107,11287.59343784
57899,225,108,5559.17319612
57900,225,109,5414.28837855
57901,225,110,5570.73720248
57902,225,111,6987.61927501
57903,225,112,19391.93226574
57904,225,113,6113.42952077
57905,225,114,8950.04878336
57906,225,115,8383.18458653
57907,225,116,13475.50872319
57908,225,117,20027.92948583
57909,225,118,5519.45863395
57910,225,119,10158.79170091
57911,225,120,6583.94980525
57912,225,121,20527.71331834
57913,225,122,5157.47038206
57914,225,123,14269.11745611
57915,225,124,15683.61004561
57916,225,125,10956.7849574
57917,225,126,5949.58365973
57918,225,127,12501.74478743
57919,225,128,21100.53428414
57920,225,129,10214.1386885
57921,225,130,18246.23202143
57922,225,131,6292.98265054
57923,225,132,16579.86750716
57924,225,133,6949.13031992
57925,225,134,29720.4531823
57926,225,135,26107.81334958
57927,225,136,23418.82107942
57928,225,137,14812.56265394
57929,225,138,14263.02344856
57930,225,139,24898.33203832
57931,225,140,20429.78804944
57932,225,141,19748.60851337
57933,225,142,28532.75926951
57934,225,143,30996.85092992
57935,225,144,27065.33557837
57936,225,145,30054.18246546
57937,225,146,16699.39887084
57938,225,147,16364.25605822
57939,225,148,17740.34099056
57940,225,149,12985.89444318
57941,225,150,21001.21409744
57942,225,151,16573.54889098
57943,225,152,17734.95339661
57944,225,153,16480.43964552
57945,225,154,15436.26732296
57946,225,155,17878.48528794
57947,225,156,7168.52523185
57948,225,157,13976.50304818
57949,225,158,21970.71643983
57950,225,159,6528.18582273
57951,225,160,19408.01438065
57952,225,161,17621.63698658
57953,225,162,17663.31146175
57954,225,163,9060.24177947
57955,225,164,17582.05347585
57956,225,165,11443.37450985
57957,225,166,8235.31944424
57958,225,167,16176.05012928
57959,225,168,31738.3913394
57960,225,169,29209.54287137
57961,225,170,30408.62984373
57962,225,171,33121.7836018
57963,225,172,32747.56243327
57964,225,173,33108.42443872
57965,225,174,34108.96770071
57966,225,175,34889.81823283
57967,225,176,36515.20290675
57968,225,177,33137.60233232
57969,225,178,11466.58458122
57970,225,179,7433.61660548
57971,225,180,13287.75114818
57972,225,181,17197.44444815
57973,225,182,20419.16025795
57974,225,183,24896.01818435
57975,225,184,14860.8587655
57976,225,185,8883.57699342
57977,225,186,19519.60462508
57978,225,187,23597.90890823
57979,225,188,29421.04648396
57980,225,189,25752.17805888
57981,225,190,23774.70746244
57982,225,191,25037.33160593
57983,225,192,27341.11851355
57984,225,193,24804.0047668
57985,225,194,24272.85565199
57986,225,195,26358.85423605
57987,225,196,30422.68242989
57988,225,197,24639.15066259
57989,225,198,14901.45971894
57990,225,199,17048.39610385
57991,225,200,38367.82258768
57992,225,201,25643.46113817
57993,225,202,47006.42989347
57994,225,203,42572.99674417
57995,225,204,35218.72760402
57996,225,205,27982.89584718
57997,225,206,22954.41174915
57998,225,207,50823.20826555
57999,225,208,18170.28217556
58000,225,209,9704.1560043
58001,225,210,8276.73720968
58002,225,211,13948.85155602
58003,225,212,44651.48485738
58004,225,213,51735.59267496
58005,225,214,26320.1435715
58006,225,215,8799.09233624
58007,225,216,2286.77247591
58008,225,217,3456.17105722
58009,225,218,5030.52632467
58010,225,219,33369.34343423
58011,225,220,37581.118311
58012,225,221,2091.6614293
58013,225,222,16961.07612297
58014,225,223,5003.29413376
58015,225,224,42220.4182938
58016,225,225,0.0
58017,225,226,22661.02380182
58018,225,227,11230.63234699
58019,225,228,44313.36804467
58020,225,229,28441.06544081
58021,225,230,30720.15395617
58022,225,231,8840.41919289
58023,225,232,8738.89391081
58024,225,233,8978.77655399
58025,225,234,8578.5101609
58026,225,235,8646.47545676
58027,225,236,9181.73566143
58028,225,237,8573.13039173
58029,225,238,35928.96299946
58030,225,239,27566.98350315
58031,225,240,34833.52896916
58032,225,241,17707.61302473
58033,225,242,23575.15043872
58034,225,243,15767.71105211
58035,225,244,31836.65110927
58036,225,245,30862.9047756
58037,225,246,32854.82735592
58038,225,247,28086.94214018
58039,225,248,29920.54579556
58040,225,249,35446.32846425
58041,225,250,34673.47811149
58042,225,251,26927.94178352
58043,225,252,18810.62269018
58044,225,253,14965.51535906
58045,225,254,33573.55137921
58046,225,255,34125.36223053
58047,225,256,34204.30692229
58048,225,257,28623.09934072
58049,225,258,21664.26696522
58050,226,1,33943.43114627
58051,226,2,41343.87569603
58052,226,3,34856.16654842
58053,226,4,38312.95904155
58054,226,5,40723.03341738
58055,226,6,39916.60381378
58056,226,7,29745.29989411
58057,226,8,36696.87816084
58058,226,9,35939.52868038
58059,226,10,29153.85366978
58060,226,11,30546.42198207
58061,226,12,31919.2439142
58062,226,13,33221.18840697
58063,226,14,38897.2000152
58064,226,15,37501.77143798
58065,226,16,42128.37254413
58066,226,17,31321.47089897
58067,226,18,32066.46725296
58068,226,19,36479.95118865
58069,226,20,34991.17103697
58070,226,21,29994.57897678
58071,226,22,41594.44994476
58072,226,23,36676.04288291
58073,226,24,37069.54363079
58074,226,25,35470.60675041
58075,226,26,39463.5946727
58076,226,27,30665.23007464
58077,226,28,33992.94066484
58078,226,29,38370.75885323
58079,226,30,32808.16634856
58080,226,31,36675.31618559
58081,226,32,35663.40278447
58082,226,33,29493.95813743
58083,226,34,35648.31206001
58084,226,35,36351.27280264
58085,226,36,43699.79548703
58086,226,37,44634.01034311
58087,226,38,36832.39710856
58088,226,39,36896.19023249
58089,226,40,27961.44724806
58090,226,41,28854.75287459
58091,226,42,27397.42980502
58092,226,43,29125.89219989
58093,226,44,28126.80711029
58094,226,45,28346.92490192
58095,226,46,26900.18350812
58096,226,47,30186.22280258
58097,226,48,30405.96487318
58098,226,49,28459.00546651
58099,226,50,29723.87262394
58100,226,51,29761.38068306
58101,226,52,29555.23468915
58102,226,53,34060.80497225
58103,226,54,28780.51644244
58104,226,55,42414.20766224
58105,226,56,26667.53370778
58106,226,57,38723.96977988
58107,226,58,37169.48756634
58108,226,59,27946.14943263
58109,226,60,31296.70106942
58110,226,61,26406.00744198
58111,226,62,40210.45151974
58112,226,63,32853.7480152
58113,226,64,42724.13169287
58114,226,65,31943.98393177
58115,226,66,35967.37985043
58116,226,67,31100.55635948
58117,226,68,30925.85042323
58118,226,69,49412.77796709
58119,226,70,32095.38881763
58120,226,71,57458.87230501
58121,226,72,37250.99337851
58122,226,73,58125.50683422
58123,226,74,50527.71314108
58124,226,75,38853.26189418
58125,226,76,56103.26067066
58126,226,77,56705.88286148
58127,226,78,58741.52827331
58128,226,79,40760.21447369
58129,226,80,53916.75904401
58130,226,81,53087.80491167
58131,226,82,44549.41727155
58132,226,83,25004.73954976
58133,226,84,55031.68615374
58134,226,85,46357.87245454
58135,226,86,26063.38016375
58136,226,87,31511.09201666
58137,226,88,27858.50385355
58138,226,89,23465.49719327
58139,226,90,31852.86652659
58140,226,91,33329.23026488
58141,226,92,29372.45740233
58142,226,93,41599.45155808
58143,226,94,38769.89193353
58144,226,95,31595.29381148
58145,226,96,25197.96623199
58146,226,97,22436.88845088
58147,226,98,23383.60882155
58148,226,99,37197.82015705
58149,226,100,25728.46252121
58150,226,101,34104.45272196
58151,226,102,37756.77285066
58152,226,103,22121.99573448
58153,226,104,26789.95757932
58154,226,105,30411.61954019
58155,226,106,40154.31534331
58156,226,107,32535.12321724
58157,226,108,24497.21880642
58158,226,109,28058.83169361
58159,226,110,17528.41701426
58160,226,111,25521.66325335
58161,226,112,39776.55573618
58162,226,113,16548.69614856
58163,226,114,29055.15184254
58164,226,115,14828.25861673
58165,226,116,35099.9148244
58166,226,117,39652.22225196
58167,226,118,20507.98726856
58168,226,119,13888.31176714
58169,226,120,23459.88036687
58170,226,121,39870.53985864
58171,226,122,19363.19271995
58172,226,123,35776.5717176
58173,226,124,37227.12873426
58174,226,125,31921.29984053
58175,226,126,22320.31539776
58176,226,127,34332.76342441
58177,226,128,40137.29853402
58178,226,129,30953.53747915
58179,226,130,39465.97654623
58180,226,131,16540.89022192
58181,226,132,38166.78639052
58182,226,133,16109.54128928
58183,226,134,52156.19925332
58184,226,135,48673.17748599
58185,226,136,45957.14981764
58186,226,137,36025.01796227
58187,226,138,34678.90028399
58188,226,139,47460.23414598
58189,226,140,42700.7872995
58190,226,141,41681.54318389
58191,226,142,50929.77276244
58192,226,143,53495.57575073
58193,226,144,49528.40574105
58194,226,145,52636.5055654
58195,226,146,38277.03505221
58196,226,147,38372.12911009
58197,226,148,36587.49560425
58198,226,149,35382.19072326
58199,226,150,36748.68987562
58200,226,151,37847.66594882
58201,226,152,36963.53833466
58202,226,153,38282.63250829
58203,226,154,37727.85156763
58204,226,155,34936.21626387
58205,226,156,29816.74183026
58206,226,157,36257.16295365
58207,226,158,36813.01458342
58208,226,159,29111.20910852
58209,226,160,35823.9585424
58210,226,161,35466.24162321
58211,226,162,35921.67199879
58212,226,163,31695.39689603
58213,226,164,37178.23252766
58214,226,165,33918.2101678
58215,226,166,30882.93728686
58216,226,167,38341.03616066
58217,226,168,35782.54858225
58218,226,169,33471.50292623
58219,226,170,34842.21176472
58220,226,171,36902.22011503
58221,226,172,38602.05514661
58222,226,173,38323.24029437
58223,226,174,38406.40048268
58224,226,175,41815.81112238
58225,226,176,44257.30576879
58226,226,177,39556.0432824
58227,226,178,22909.13928696
58228,226,179,23713.61069019
58229,226,180,22345.31037861
58230,226,181,18550.24662937
58231,226,182,16479.1878438
58232,226,183,17454.96032771
58233,226,184,20484.58069835
58234,226,185,22775.05591482
58235,226,186,17266.21593531
58236,226,187,16864.96893126
58237,226,188,16077.42460159
58238,226,189,9316.16258278
58239,226,190,1329.23976126
58240,226,191,6634.21165397
58241,226,192,13598.49619485
58242,226,193,5506.76499421
58243,226,194,3380.57739909
58244,226,195,11527.18398847
58245,226,196,18528.0886292
58246,226,197,2108.10922229
58247,226,198,26386.45173197
58248,226,199,25616.3868058
58249,226,200,22554.81121188
58250,226,201,20742.08893974
58251,226,202,28139.13118097
58252,226,203,24755.22960188
58253,226,204,21021.9918667
58254,226,205,17986.12575419
58255,226,206,22431.2295828
58256,226,207,32062.21238986
58257,226,208,23333.11383337
58258,226,209,32336.09777957
58259,226,210,30286.15449714
58260,226,211,36142.40729357
58261,226,212,58526.01748753
58262,226,213,64220.56322051
58263,226,214,4114.48422618
58264,226,215,14020.06955319
58265,226,216,24947.76824192
58266,226,217,19205.95123569
58267,226,218,17778.76122647
58268,226,219,13084.24661081
58269,226,220,17479.98261285
58270,226,221,21650.32752014
58271,226,222,5762.23465029
58272,226,223,27517.36604246
58273,226,224,22345.64681652
58274,226,225,22661.02380182
58275,226,226,0.0
58276,226,227,11430.68224465
58277,226,228,24621.36555285
58278,226,229,7086.09158872
58279,226,230,9900.17334962
58280,226,231,31008.86439707
58281,226,232,30807.45566531
58282,226,233,31241.91288805
58283,226,234,30198.01498667
58284,226,235,30562.10843335
58285,226,236,31533.4699351
58286,226,237,30315.81815937
58287,226,238,58471.76523178
58288,226,239,49475.28397476
58289,226,240,57173.94691788
58290,226,241,39852.14193943
58291,226,242,45576.10738137
58292,226,243,38225.76575227
58293,226,244,53913.58538622
58294,226,245,53000.8128096
58295,226,246,54877.03408709
58296,226,247,50168.365367
58297,226,248,52059.71994445
58298,226,249,57853.26801642
58299,226,250,57256.48228396
58300,226,251,48659.41271152
58301,226,252,41071.19080416
58302,226,253,37567.52148225
58303,226,254,55669.55320723
58304,226,255,56347.75648823
58305,226,256,56831.1378517
58306,226,257,50809.20010729
58307,226,258,43810.89275035
58308,227,1,22859.94806779
58309,227,2,30105.31318897
58310,227,3,23820.45271724
58311,227,4,27340.54967446
58312,227,5,29528.62860834
58313,227,6,28795.37597575
58314,227,7,18537.06110672
58315,227,8,25735.55556465
58316,227,9,24941.04893267
58317,227,10,18136.24522793
58318,227,11,19337.2444368
58319,227,12,20742.2460843
58320,227,13,22071.20031638
58321,227,14,27852.99942962
58322,227,15,26585.91417616
58323,227,16,30825.55760179
58324,227,17,21486.93629088
58325,227,18,22053.32535195
58326,227,19,25286.85474352
58327,227,20,24476.80151579
58328,227,21,20776.5671349
58329,227,22,30197.40082133
58330,227,23,25261.38314657
58331,227,24,25710.48742678
58332,227,25,24652.97603667
58333,227,26,28043.72222208
58334,227,27,21154.87008362
58335,227,28,23612.39701162
58336,227,29,26945.78318502
58337,227,30,22639.88039758
58338,227,31,25409.57213157
58339,227,32,24745.08548154
58340,227,33,20762.20385893
58341,227,34,24966.72187061
58342,227,35,25246.9954773
58343,227,36,32324.80457425
58344,227,37,33253.92980372
58345,227,38,25520.78270894
58346,227,39,25469.46930853
58347,227,40,21202.76384623
58348,227,41,19623.8227746
58349,227,42,17012.57859949
58350,227,43,24188.51130055
58351,227,44,18815.12390556
58352,227,45,17781.89898826
58353,227,46,16812.01763309
58354,227,47,27296.04503173
58355,227,48,27910.00636003
58356,227,49,17572.61119643
58357,227,50,25541.96440787
58358,227,51,18643.35299594
58359,227,52,18318.23881475
58360,227,53,22630.90194106
58361,227,54,17520.01742006
58362,227,55,31736.55942206
58363,227,56,15520.96394203
58364,227,57,27412.23698242
58365,227,58,25790.52718011
58366,227,59,16708.22433881
58367,227,60,19999.79639059
58368,227,61,15594.81158806
58369,227,62,29041.942126
58370,227,63,21453.33205958
58371,227,64,32388.40398526
58372,227,65,20571.66975561
58373,227,66,24549.68314988
58374,227,67,19965.39988738
58375,227,68,19670.97609495
58376,227,69,41499.00414363
58377,227,70,21556.45055747
58378,227,71,50358.88503612
58379,227,72,28133.98520393
58380,227,73,51318.45048548
58381,227,74,42789.51688593
58382,227,75,30028.3184372
58383,227,76,48757.2261221
58384,227,77,50607.86848177
58385,227,78,52293.97881441
58386,227,79,32202.6202754
58387,227,80,46545.99484963
58388,227,81,45516.41265143
58389,227,82,35965.63802539
58390,227,83,13584.48826429
58391,227,84,47688.8747314
58392,227,85,38038.15637928
58393,227,86,14652.8591647
58394,227,87,20642.09670461
58395,227,88,16493.03708188
58396,227,89,12049.02615912
58397,227,90,20585.86436045
58398,227,91,22347.05162328
58399,227,92,17984.25383223
58400,227,93,30721.24173711
58401,227,94,27920.59087083
58402,227,95,20489.3053746
58403,227,96,14011.93771724
58404,227,97,11974.30285518
58405,227,98,12669.10601359
58406,227,99,26503.89952045
58407,227,100,14391.2854125
58408,227,101,23209.64771441
58409,227,102,27017.78336047
58410,227,103,11998.97341416
58411,227,104,15359.27563282
58412,227,105,19069.91484497
58413,227,106,29359.44505133
58414,227,107,21476.57597984
58415,227,108,13564.91818464
58416,227,109,16632.71602149
58417,227,110,6306.43863977
58418,227,111,14826.80533577
58419,227,112,29099.66002159
58420,227,113,5120.25557091
58421,227,114,18199.46906719
58422,227,115,3971.58440617
58423,227,116,23969.36235878
58424,227,117,29236.21728595
58425,227,118,9797.09057873
58426,227,119,4338.72501426
58427,227,120,12923.14537102
58428,227,121,29557.97481732
58429,227,122,8442.77921191
58430,227,123,24687.5261041
58431,227,124,26141.3452491
58432,227,125,20927.69593079
58433,227,126,11707.170628
58434,227,127,23135.8327163
58435,227,128,29939.54576295
58436,227,129,19997.106231
58437,227,130,28505.09787218
58438,227,131,5201.70199973
58439,227,132,27075.53047306
58440,227,133,4937.65735515
58441,227,134,40800.44694502
58442,227,135,37271.39567601
58443,227,136,34562.84492115
58444,227,137,24991.21617671
58445,227,138,23857.32291455
58446,227,139,36059.09842825
58447,227,140,31387.39802802
58448,227,141,30471.96849947
58449,227,142,39586.51017397
58450,227,143,42118.57581366
58451,227,144,38161.26543287
58452,227,145,41230.30447022
58453,227,146,27157.30151266
58454,227,147,27149.61932322
58455,227,148,26369.85412136
58456,227,149,24031.05274437
58457,227,150,27668.93638282
58458,227,151,26852.6525072
58459,227,152,26625.52021694
58460,227,153,27124.25958012
58461,227,154,26414.63028163
58462,227,155,25289.30310987
58463,227,156,18387.27601286
58464,227,157,24942.41806478
58465,227,158,28090.74340658
58466,227,159,17691.49975829
58467,227,160,26450.6622744
58468,227,161,25560.48010731
58469,227,162,25887.15540282
58470,227,163,20273.05557297
58471,227,164,26720.92975944
58472,227,165,22541.49896601
58473,227,166,19456.9617034
58474,227,167,27069.19105567
58475,227,168,31904.21363303
58476,227,169,29334.59591608
58477,227,170,30710.47605856
58478,227,171,33220.90191461
58479,227,172,33982.38287912
58480,227,173,34002.83643165
58481,227,174,34545.29150074
58482,227,175,36826.95755282
58483,227,176,38975.51436716
58484,227,177,34709.7582512
58485,227,178,14027.53216705
58486,227,179,13316.84673088
58487,227,180,14377.06963174
58488,227,181,13775.60643705
58489,227,182,14658.84085241
58490,227,183,18257.27409579
58491,227,184,13765.13500634
58492,227,185,12942.1659194
58493,227,186,14488.35748446
58494,227,187,17077.54741487
58495,227,188,20932.84524617
58496,227,189,15818.26112496
58497,227,190,12558.14797066
58498,227,191,14504.72369084
58499,227,192,18490.54978796
58500,227,193,14057.09615708
58501,227,194,13222.52755861
58502,227,195,17007.74567572
58503,227,196,22599.51075173
58504,227,197,13415.34901485
58505,227,198,18176.82167952
58506,227,199,18583.97054865
58507,227,200,29472.2794778
58508,227,201,20464.98339246
58509,227,202,37160.15086161
58510,227,203,33042.6641307
58511,227,204,26806.74945529
58512,227,205,20712.15518152
58513,227,206,19723.76886039
58514,227,207,41067.69876676
58515,227,208,17604.75124242
58516,227,209,20909.97521997
58517,227,210,19005.01473775
58518,227,211,24832.02860554
58519,227,212,50697.8544898
58520,227,213,57098.36910455
58521,227,214,15140.1045333
58522,227,215,2819.63118332
58523,227,216,13517.30391512
58524,227,217,7776.46329231
58525,227,218,6396.9805277
58526,227,219,22740.05374715
58527,227,220,27094.89994596
58528,227,221,10312.3359224
58529,227,222,5768.94100013
58530,227,223,16114.35368685
58531,227,224,31883.78838017
58532,227,225,11230.63234699
58533,227,226,11430.68224465
58534,227,227,0.0
58535,227,228,34069.32495123
58536,227,229,17435.87217906
58537,227,230,19886.49063326
58538,227,231,19697.08028256
58539,227,232,19517.60616845
58540,227,233,19909.14222211
58541,227,234,19006.02915303
58542,227,235,19305.67544015
58543,227,236,20180.86933807
58544,227,237,19096.73857173
58545,227,238,47092.40895731
58546,227,239,38329.28448955
58547,227,240,45875.21453244
58548,227,241,28592.44087982
58549,227,242,34384.5973218
58550,227,243,26862.0737807
58551,227,244,42713.82714935
58552,227,245,41775.95648175
58553,227,246,43700.29775685
58554,227,247,38959.49483408
58555,227,248,40832.74647558
58556,227,249,46528.5099174
58557,227,250,45860.33657602
58558,227,251,37576.34737264
58559,227,252,29777.26499386
58560,227,253,26157.80323195
58561,227,254,44465.37468617
58562,227,255,45094.87489577
58563,227,256,45416.68130282
58564,227,257,39562.25881919
58565,227,258,32562.96458169
58566,228,1,56673.83452175
58567,228,2,63548.89831484
58568,228,3,57674.48834165
58569,228,4,61221.19364397
58570,228,5,63080.78726981
58571,228,6,62486.68582898
58572,228,7,52247.97149588
58573,228,8,59638.74884822
58574,228,9,58819.30243393
58575,228,10,52069.2283012
58576,228,11,53030.66989968
58577,228,12,54462.19618546
58578,228,13,55810.05313824
58579,228,14,61656.62524594
58580,228,15,60517.26126991
58581,228,16,64066.19820519
58582,228,17,55382.7381873
58583,228,18,56024.21993081
58584,228,19,58904.4151664
58585,228,20,58545.55910831
58586,228,21,54321.38779619
58587,228,22,61541.06517942
58588,228,23,57984.20498234
58589,228,24,58827.80545609
58590,228,25,58653.02542709
58591,228,26,59825.02473338
58592,228,27,54882.76628462
58593,228,28,57675.98991423
58594,228,29,58888.75497548
58595,228,30,56661.61792601
58596,228,31,58864.21912056
58597,228,32,58687.95003178
58598,228,33,53957.94046417
58599,228,34,59012.46629866
58600,228,35,59005.38641045
58601,228,36,63327.45274096
58602,228,37,64270.09382317
58603,228,38,58836.23585394
58604,228,39,57978.10503028
58605,228,40,52570.87028509
58606,228,41,53166.95165862
58607,228,42,51061.80393944
58608,228,43,53425.81561882
58609,228,44,52402.63983309
58610,228,45,51851.09289633
58611,228,46,50778.04402429
58612,228,47,53682.74825198
58613,228,48,53692.18426503
58614,228,49,51585.84861454
58615,228,50,53775.37009001
58616,228,51,52476.2502921
58617,228,52,51983.06848631
58618,228,53,55134.03015629
58619,228,54,51157.07134284
58620,228,55,58970.95559601
58621,228,56,49374.08800577
58622,228,57,58131.04380731
58623,228,58,57152.22370909
58624,228,59,50407.7370749
58625,228,60,53489.30780474
58626,228,61,49644.06291572
58627,228,62,58769.45844374
58628,228,63,54444.78599478
58629,228,64,58214.91478505
58630,228,65,53768.27408772
58631,228,66,56450.05637388
58632,228,67,50254.23507714
58633,228,68,50583.16903039
58634,228,69,58071.2759506
58635,228,70,49360.77495744
58636,228,71,63245.41502244
58637,228,72,50432.95893251
58638,228,73,63153.42878633
58639,228,74,58634.53418864
58640,228,75,51129.15120082
58641,228,76,62619.7929459
58642,228,77,60273.36111251
58643,228,78,62867.24138534
58644,228,79,52136.61141717
58645,228,80,60746.89246426
58646,228,81,60486.14315628
58647,228,82,55416.96471697
58648,228,83,46180.65651505
58649,228,84,61664.00798925
58650,228,85,56365.05051605
58651,228,86,47046.66945594
58652,228,87,49751.69336049
58653,228,88,48350.31445092
58654,228,89,44712.6795195
58655,228,90,54137.22428121
58656,228,91,56263.38931151
58657,228,92,51183.29552958
58658,228,93,64652.91695619
58659,228,94,61886.58161146
58660,228,95,54308.72668639
58661,228,96,45159.82577358
58662,228,97,41154.6396878
58663,228,98,42408.23010821
58664,228,99,60541.92252954
58665,228,100,46241.62303379
58666,228,101,57178.35221618
58667,228,102,61039.55222348
58668,228,103,40321.61086475
58669,228,104,48136.54735555
58670,228,105,52443.99283114
58671,228,106,63347.66729461
58672,228,107,55334.3216004
58673,228,108,43833.30374298
58674,228,109,49532.42191844
58675,228,110,40294.7067213
58676,228,111,48894.65754596
58677,228,112,63135.13754284
58678,228,113,38724.17025422
58679,228,114,52220.69629854
58680,228,115,35963.73214325
58681,228,116,57708.42865088
58682,228,117,63305.45081676
58683,228,118,43863.36423682
58684,228,119,34160.2246412
58685,228,120,46981.20595096
58686,228,121,63621.24614526
58687,228,122,42507.70260407
58688,228,123,58472.30411506
58689,228,124,59913.06783423
58690,228,125,54848.95813266
58691,228,126,45770.30381493
58692,228,127,56781.44192236
58693,228,128,63986.35013694
58694,228,129,53953.59851353
58695,228,130,62386.66794536
58696,228,131,38128.42508457
58697,228,132,60829.45550563
58698,228,133,37395.82746405
58699,228,134,71271.6908177
58700,228,135,68399.61774188
58701,228,136,65691.17145705
58702,228,137,54352.85728298
58703,228,138,52427.22374956
58704,228,139,67221.47474204
58705,228,140,61899.26204338
58706,228,141,60344.00943878
58707,228,142,69983.74358259
58708,228,143,72769.33200005
58709,228,144,68844.72261571
58710,228,145,72294.84800956
58711,228,146,56759.08474163
58712,228,147,60677.62132821
58713,228,148,60413.63650978
58714,228,149,57228.70468001
58715,228,150,61165.43108126
58716,228,151,60716.78880601
58717,228,152,60688.38549201
58718,228,153,60776.8591357
58719,228,154,59705.23063015
58720,228,155,59117.67589908
58721,228,156,50889.14262778
58722,228,157,58259.94322017
58723,228,158,61323.23520691
58724,228,159,50002.68553385
58725,228,160,60132.3235374
58726,228,161,59507.38929779
58727,228,162,59881.35683058
58728,228,163,53074.36783833
58729,228,164,60790.25218847
58730,228,165,55653.73350271
58731,228,166,52226.34826095
58732,228,167,60476.0857033
58733,228,168,59506.76422124
58734,228,169,57381.33761993
58735,228,170,58706.68764711
58736,228,171,60496.09975273
58737,228,172,62564.71683415
58738,228,173,62167.90644765
58739,228,174,62038.30433562
58740,228,175,65857.6911599
58741,228,176,68369.88241901
58742,228,177,63586.96887986
58743,228,178,38946.5237717
58744,228,179,42044.63625224
58745,228,180,37237.98074062
58746,228,181,31104.31556446
58747,228,182,26802.29685311
58748,228,183,23011.73566914
58749,228,184,34465.43972331
58750,228,185,40334.96060229
58751,228,186,28173.31049333
58752,228,187,23940.61996755
58753,228,188,36075.59837629
58754,228,189,30628.95600654
58755,228,190,24307.98442287
58756,228,191,28305.83761699
58757,228,192,34459.9094566
58758,228,193,27347.12232592
58759,228,194,25763.30839819
58760,228,195,32696.90327397
58761,228,196,38573.63634923
58762,228,197,22648.25610674
58763,228,198,50924.77384541
58764,228,199,50237.74092997
58765,228,200,37386.70071703
58766,228,201,43681.93328532
58767,228,202,35975.06460057
58768,228,203,35864.21850426
58769,228,204,38213.49134928
58770,228,205,39398.46106674
58771,228,206,46315.07445291
58772,228,207,38712.89958912
58773,228,208,47896.25920816
58774,228,209,53167.11946194
58775,228,210,52559.72872149
58776,228,211,55700.57936139
58777,228,212,65937.85951592
58778,228,213,69378.0516818
58779,228,214,20603.43438074
58780,228,215,35785.55544302
58781,228,216,46446.99753173
58782,228,217,41145.17707397
58783,228,218,39352.5870224
58784,228,219,11571.0918545
58785,228,220,7145.22175843
58786,228,221,44001.2505947
58787,228,222,29594.31934465
58788,228,223,49292.46307849
58789,228,224,2279.66959499
58790,228,225,44313.36804467
58791,228,226,24621.36555285
58792,228,227,34069.32495123
58793,228,228,0.0
58794,228,229,17535.8624998
58795,228,230,14725.97515272
58796,228,231,53151.9095939
58797,228,232,53037.87456055
58798,228,233,53290.7192847
58799,228,234,52733.9366601
58800,228,235,52909.50517066
58801,228,236,53479.58949575
58802,228,237,52777.76020318
58803,228,238,79664.1542096
58804,228,239,71875.59374463
58805,228,240,78910.31918395
58806,228,241,62005.60956002
58807,228,242,67879.8259153
58808,228,243,59926.76926998
58809,228,244,76098.37077225
58810,228,245,75104.53699614
58811,228,246,77130.71430408
58812,228,247,72360.90805814
58813,228,248,74165.90094337
58814,228,249,79440.12742924
58815,228,250,78303.26453963
58816,228,251,71238.80651058
58817,228,252,63067.32536288
58818,228,253,58908.66600287
58819,228,254,77821.54571976
58820,228,255,78304.48652906
58821,228,256,77643.79798571
58822,228,257,72853.38326394
58823,228,258,65945.02078533
58824,229,1,40289.76140117
58825,229,2,47526.4140313
58826,229,3,41242.17945219
58827,229,4,44749.92388284
58828,229,5,46960.33827119
58829,229,6,46230.89088513
58830,229,7,35971.75143937
58831,229,8,43140.01688939
58832,229,9,42354.99396907
58833,229,10,35546.11085541
58834,229,11,36771.50771895
58835,229,12,38178.01683001
58836,229,13,39506.89362947
58837,229,14,45279.39388291
58838,229,15,43976.88041677
58839,229,16,48214.27382869
58840,229,17,38190.69556177
58841,229,18,38895.67860791
58842,229,19,42720.37593118
58843,229,20,41667.85794149
58844,229,21,36968.56788658
58845,229,22,46929.8609262
58846,229,23,42483.99307524
58847,229,24,43054.96739383
58848,229,25,42002.71889114
58849,229,26,44934.41708313
58850,229,27,37596.17161238
58851,229,28,40717.52839861
58852,229,29,43890.481723
58853,229,30,39597.39500727
58854,229,31,42825.20328306
58855,229,32,42134.35303756
58856,229,33,36522.2420818
58857,229,34,42252.39366633
58858,229,35,42680.56193946
58859,229,36,48936.9276559
58860,229,37,49882.83563169
58861,229,38,42911.38941047
58862,229,39,42618.54092647
58863,229,40,35039.42203215
58864,229,41,35821.56229829
58865,229,42,34092.32090377
58866,229,43,36060.93583886
58867,229,44,35077.84374493
58868,229,45,34978.93800189
58869,229,46,33682.93704528
58870,229,47,36772.73703427
58871,229,48,36903.14179289
58872,229,49,34934.61248285
58873,229,50,36549.98613899
58874,229,51,36075.13549216
58875,229,52,35749.39384608
58876,229,53,39752.20733484
58877,229,54,34946.92224165
58878,229,55,46512.46844068
58879,229,56,32953.87944497
58880,229,57,43825.63042626
58881,229,58,42471.69518536
58882,229,59,34140.56583605
58883,229,60,37409.21531813
58884,229,61,32915.8691165
58885,229,62,45012.70577244
58886,229,63,38738.38713444
58887,229,64,46443.07877251
58888,229,65,37913.52960486
58889,229,66,41448.54642489
58890,229,67,35988.80466233
58891,229,68,36012.11750636
58892,229,69,50919.10584317
58893,229,70,36261.11577314
58894,229,71,58199.12640899
58895,229,72,40018.8181528
58896,229,73,58641.09244655
58897,229,74,51877.00916557
58898,229,75,41340.11862654
58899,229,76,57049.22365885
58900,229,77,56746.22517183
58901,229,78,58989.50655012
58902,229,79,42981.55184126
58903,229,80,54922.22340905
58904,229,81,54258.97426942
58905,229,82,46687.83569163
58906,229,83,30617.47761248
58907,229,84,55995.04832245
58908,229,85,48245.8804781
58909,229,86,31611.99518015
58910,229,87,36045.69004244
58911,229,88,33231.8231686
58912,229,89,29081.67638578
58913,229,90,38006.89182906
58914,229,91,39753.35169551
58915,229,92,35311.10276157
58916,229,93,48103.97299298
58917,229,94,45288.85119179
58918,229,95,37920.77082263
58919,229,96,30296.07415728
58920,229,97,26919.36482519
58921,229,98,28031.11268567
58922,229,99,43799.24891069
58923,229,100,31071.82145738
58924,229,101,40587.92799606
58925,229,102,44336.28075904
58926,229,103,26366.06480351
58927,229,104,32503.31130661
58928,229,105,36451.29001195
58929,229,106,46707.27213483
58930,229,107,38900.88226352
58931,229,108,29311.16306948
58932,229,109,33842.63809966
58933,229,110,23735.64518684
58934,229,111,32083.72456741
58935,229,112,46391.40487463
58936,229,113,22450.16286806
58937,229,114,35550.2532712
58938,229,115,20157.6017958
58939,229,116,41404.56151903
58940,229,117,46379.20636702
58941,229,118,27026.72903061
58942,229,119,18728.51606157
58943,229,120,30074.0060005
58944,229,121,46635.11127796
58945,229,122,25773.63190418
58946,229,123,42119.14510507
58947,229,124,43573.22083907
58948,229,125,38335.2632472
58949,229,126,28895.59938178
58950,229,127,40569.74739177
58951,229,128,46939.72510663
58952,229,129,37391.41682345
58953,229,130,45912.35199546
58954,229,131,22154.04164571
58955,229,132,44508.41021364
58956,229,133,21561.05155292
58957,229,134,57279.10911789
58958,229,135,53988.26066422
58959,229,136,51253.32063959
58960,229,137,40678.35841174
58961,229,138,39086.53141595
58962,229,139,52778.52782694
58963,229,140,47769.62881506
58964,229,141,46540.74539103
58965,229,142,56021.41977694
58966,229,143,58684.11938162
58967,229,144,54702.6747904
58968,229,145,57955.37539589
58969,229,146,43023.76932826
58970,229,147,44577.18298815
58971,229,148,43374.4265012
58972,229,149,41389.3944967
58973,229,150,43762.78273203
58974,229,151,44267.56788959
58975,229,152,43712.00534737
58976,229,153,44559.89089102
58977,229,154,43802.54021235
58978,229,155,41858.54306793
58979,229,156,35458.19122184
58980,229,157,42331.81297456
58981,229,158,43861.93197377
58982,229,159,34668.95970865
58983,229,160,42796.22989372
58984,229,161,42334.70670506
58985,229,162,42759.20316246
58986,229,163,37483.38708421
58987,229,164,43883.49587722
58988,229,165,39869.84987848
58989,229,166,36647.56791344
58990,229,167,44480.31962339
58991,229,168,42483.33039197
58992,229,169,40244.70625929
58993,229,170,41599.30311986
58994,229,171,43552.08233919
58995,229,172,45406.95754711
58996,229,173,45079.24959178
58997,229,174,45075.66532456
58998,229,175,48657.54034685
58999,229,176,51130.20784275
59000,229,177,46390.3601195
59001,229,178,26256.15067645
59002,229,179,28073.62160934
59003,229,180,25174.6890715
59004,229,181,20052.94603458
59005,229,182,16685.04686302
59006,229,183,15733.83794654
59007,229,184,22794.28937236
59008,229,185,26767.9345561
59009,229,186,17864.64347348
59010,229,187,15674.00977987
59011,229,188,20792.32495677
59012,229,189,14364.35791626
59013,229,190,6845.47599622
59014,229,191,11695.00399829
59015,229,192,18641.55347571
59016,229,193,10573.64859109
59017,229,194,8626.09648331
59018,229,195,16631.66257905
59019,229,196,23369.8063892
59020,229,197,5140.7121354
59021,229,198,33442.73474887
59022,229,199,32702.2264661
59023,229,200,25238.18877613
59024,229,201,27011.72251029
59025,229,202,28422.20623222
59026,229,203,26049.30727768
59027,229,204,24653.01550878
59028,229,205,23471.16414248
59029,229,206,29158.78399199
59030,229,207,32160.1894623
59031,229,208,30386.64966494
59032,229,209,37912.03136041
59033,229,210,36423.15921075
59034,229,211,41268.80489477
59035,229,212,59795.51022423
59036,229,213,64870.86002654
59037,229,214,3138.67620201
59038,229,215,19643.01761367
59039,229,216,30698.43322461
59040,229,217,25051.83474329
59041,229,218,23419.23856538
59042,229,219,6026.13417726
59043,229,220,10396.81796681
59044,229,221,27726.28420054
59045,229,222,12326.48686082
59046,229,223,33420.20267376
59047,229,224,15259.6932293
59048,229,225,28441.06544081
59049,229,226,7086.09158872
59050,229,227,17435.87217906
59051,229,228,17535.8624998
59052,229,229,0.0
59053,229,230,2829.23475388
59054,229,231,37098.86782552
59055,229,232,36931.24809417
59056,229,233,37295.73924381
59057,229,234,36441.57887472
59058,229,235,36731.51465761
59059,229,236,37548.3716518
59060,229,237,36530.03084568
59061,229,238,64362.31227192
59062,229,239,55764.19996871
59063,229,240,63251.27190076
59064,229,241,46007.17673226
59065,229,242,51814.95470368
59066,229,243,44197.37977015
59067,229,244,60139.44598329
59068,229,245,59194.62825639
59069,229,246,61130.48218069
59070,229,247,56384.24081804
59071,229,248,58251.15726891
59072,229,249,63880.21274096
59073,229,250,63090.9753461
59074,229,251,55010.91042914
59075,229,252,47173.24926135
59076,229,253,43395.66254191
59077,229,254,61889.22680287
59078,229,255,62500.28395651
59079,229,256,62581.35340241
59080,229,257,56973.71806798
59081,229,258,49978.9097424
59082,230,1,42737.52375299
59083,230,2,49894.23100557
59084,230,3,43704.09298427
59085,230,4,47226.87308469
59086,230,5,49351.47943581
59087,230,6,48654.80435368
59088,230,7,38382.80901519
59089,230,8,45622.02800126
59090,230,9,44826.9211672
59091,230,10,38022.7344327
59092,230,11,39179.79867174
59093,230,12,40595.78349003
59094,230,13,41932.146316
59095,230,14,47732.82223783
59096,230,15,46470.8721111
59097,230,16,50541.60986454
59098,230,17,40862.9963335
59099,230,18,41548.85404529
59100,230,19,45120.66893587
59101,230,20,44250.4411548
59102,230,21,39693.34332495
59103,230,22,48963.3752944
59104,230,23,44714.34885067
59105,230,24,45353.21526113
59106,230,25,44523.44890247
59107,230,26,47026.6212815
59108,230,27,40298.5875565
59109,230,28,43322.08195928
59110,230,29,46004.87417349
59111,230,30,42231.79257039
59112,230,31,45189.08088025
59113,230,32,44629.4751363
59114,230,33,39277.85259733
59115,230,34,44803.09500718
59116,230,35,45116.78261655
59117,230,36,50926.1820022
59118,230,37,51873.98616981
59119,230,38,45246.92224612
59120,230,39,44815.27921473
59121,230,40,37860.34574649
59122,230,41,38543.28286358
59123,230,42,36693.40607219
59124,230,43,38884.94419161
59125,230,44,37792.05291058
59126,230,45,37552.57731811
59127,230,46,36321.64657326
59128,230,47,39539.75008889
59129,230,48,39651.94321929
59130,230,49,37445.5000428
59131,230,50,39359.73100354
59132,230,51,38519.74430999
59133,230,52,38148.67439241
59134,230,53,41946.26472653
59135,230,54,37338.06162912
59136,230,55,48070.16891498
59137,230,56,35396.94203653
59138,230,57,45779.35659292
59139,230,58,44507.27329906
59140,230,59,36544.94490496
59141,230,60,39772.184955
59142,230,61,35445.0244608
59143,230,62,46847.03374574
59144,230,63,41009.72954077
59145,230,64,47855.22340276
59146,230,65,40220.03725079
59147,230,66,43556.2931013
59148,230,67,37899.38323558
59149,230,68,37995.74160421
59150,230,69,51446.57934823
59151,230,70,37902.57053138
59152,230,71,58389.12883345
59153,230,72,41105.72043514
59154,230,73,58739.7972127
59155,230,74,52337.57213144
59156,230,75,42309.41552733
59157,230,76,57325.85393547
59158,230,77,56663.20097388
59159,230,78,58980.03241421
59160,230,79,43836.59828401
59161,230,80,55231.90971968
59162,230,81,54637.44169221
59163,230,82,47486.84697897
59164,230,83,32823.904508
59165,230,84,56283.17726352
59166,230,85,48937.94816204
59167,230,86,33789.5357349
59168,230,87,37825.23832039
59169,230,88,35336.47693631
59170,230,89,31298.8904852
59171,230,90,40384.22445968
59172,230,91,42233.52583861
59173,230,92,37614.84860828
59174,230,93,50604.86003386
59175,230,94,47799.42430098
59176,230,95,40365.41470395
59177,230,96,32321.13404211
59178,230,97,28760.25280922
59179,230,98,29917.39941919
59180,230,99,46346.82979268
59181,230,100,33178.90681566
59182,230,101,43090.78281706
59183,230,102,46873.81604808
59184,230,103,28130.85628144
59185,230,104,34735.81718922
59186,230,105,38789.30059142
59187,230,106,49230.54716417
59188,230,107,41359.32571172
59189,230,108,31243.67635748
59190,230,109,36094.67488166
59191,230,110,26191.73947589
59192,230,111,34635.35652834
59193,230,112,48941.75521027
59194,230,113,24814.89934816
59195,230,114,38067.50704102
59196,230,115,22367.70577533
59197,230,116,43833.31639623
59198,230,117,48979.15687285
59199,230,118,29576.51896218
59200,230,119,20813.08839819
59201,230,120,32650.8976363
59202,230,121,49251.93598617
59203,230,122,28289.19874952
59204,230,123,44561.80247472
59205,230,124,46014.66031528
59206,230,125,40814.17916475
59207,230,126,31460.65588825
59208,230,127,42973.2679948
59209,230,128,49573.85520775
59210,230,129,39881.88532413
59211,230,130,48391.52827698
59212,230,131,24428.49851466
59213,230,132,46946.40568998
59214,230,133,23790.60238331
59215,230,134,59202.08236556
59216,230,135,55995.14031897
59217,230,136,53259.410278
59218,230,137,42475.48353227
59219,230,138,40799.90184073
59220,230,139,54789.54380882
59221,230,140,49696.90767739
59222,230,141,48391.14632733
59223,230,142,57934.85113446
59224,230,143,60630.26130345
59225,230,144,56652.00817749
59226,230,145,59955.19010189
59227,230,146,44845.21212164
59228,230,147,46959.55573145
59229,230,148,46004.21014142
59230,230,149,43700.42956897
59231,230,150,46507.26573359
59232,230,151,46738.18087647
59233,230,152,46324.05723987
59234,230,153,46971.53301745
59235,230,154,46134.33684055
59236,230,155,44553.9149215
59237,230,156,37650.26446791
59238,230,157,44666.99197281
59239,230,158,46629.18919661
59240,230,159,36833.67438488
59241,230,160,45517.16677219
59242,230,161,45003.38096617
59243,230,162,45412.90602658
59244,230,163,39722.26205957
59245,230,164,46476.12365546
59246,230,165,42163.48891056
59247,230,166,38880.78043616
59248,230,167,46836.44146198
59249,230,168,45269.43354591
59250,230,169,43044.7395737
59251,230,170,44396.08092817
59252,230,171,46327.808123
59253,230,172,48211.03037924
59254,230,173,47874.76823496
59255,230,174,47854.61772146
59256,230,175,51467.14192509
59257,230,176,53944.39861036
59258,230,177,49199.13923457
59259,230,178,27706.99900722
59260,230,179,29858.52020905
59261,230,180,26458.63208502
59262,230,181,20980.8164182
59263,230,182,17257.08009102
59264,230,183,15554.75217953
59265,230,184,23940.45178616
59266,230,185,28439.69808374
59267,230,186,18534.5634879
59268,230,187,15728.99064748
59269,230,188,23204.43108985
59270,230,189,16943.72436196
59271,230,190,9670.41460044
59272,230,191,14336.09378797
59273,230,192,21153.62611619
59274,230,193,13246.87705776
59275,230,194,11380.78463484
59276,230,195,19183.50180151
59277,230,196,25784.84858572
59278,230,197,7969.81086831
59279,230,198,36217.87449276
59280,230,199,35514.2590642
59281,230,200,27033.45726461
59282,230,201,29728.5387108
59283,230,202,29350.41672457
59284,230,203,27379.11470959
59285,230,204,26735.48330089
59286,230,205,26035.48987367
59287,230,206,31956.54993526
59288,230,207,32965.6042382
59289,230,208,33213.9699982
59290,230,209,40069.19388563
59291,230,210,38798.48134227
59292,230,211,43242.142736
59293,230,212,60189.46107139
59294,230,213,65000.29581788
59295,230,214,5956.4280162
59296,230,215,21950.83372311
59297,230,216,32953.91684238
59298,230,217,27376.83464179
59299,230,218,25689.66147665
59300,230,219,3197.09892745
59301,230,220,7581.6646471
59302,230,221,30113.88965698
59303,230,222,14991.06208112
59304,230,223,35718.09866873
59305,230,224,12453.3407462
59306,230,225,30720.15395617
59307,230,226,9900.17334962
59308,230,227,19886.49063326
59309,230,228,14725.97515272
59310,230,229,2829.23475388
59311,230,230,0.0
59312,230,231,39454.10034701
59313,230,232,39299.97129275
59314,230,233,39636.48406033
59315,230,234,38857.93722752
59316,230,235,39118.39071606
59317,230,236,39873.40769549
59318,230,237,38934.78188676
59319,230,238,66585.1480962
59320,230,239,58164.41422588
59321,230,240,65553.64557451
59322,230,241,48366.61063489
59323,230,242,54199.21891797
59324,230,243,46487.41262862
59325,230,244,62508.04253283
59326,230,245,61550.69061873
59327,230,246,63509.80074372
59328,230,247,58752.90814878
59329,230,248,60607.30454819
59330,230,249,66160.68075819
59331,230,250,65292.13476624
59332,230,251,57438.55008175
59333,230,252,49509.06746771
59334,230,253,45631.35436997
59335,230,254,64253.36669354
59336,230,255,64835.25352799
59337,230,256,64748.40565159
59338,230,257,59320.10541064
59339,230,258,52336.67695645
59340,231,1,4070.98752874
59341,231,2,10441.3597668
59342,231,3,5102.57078013
59343,231,4,8459.99159181
59344,231,5,9931.55347608
59345,231,6,9369.2976754
59346,231,7,1765.11702453
59347,231,8,7071.18896132
59348,231,9,6222.04322597
59349,231,10,3439.74509816
59350,231,11,1358.31369996
59351,231,12,1945.96197504
59352,231,13,3050.73465747
59353,231,14,8688.0292976
59354,231,15,8002.81535441
59355,231,16,11129.5178489
59356,231,17,9874.46891738
59357,231,18,9307.69769428
59358,231,19,5772.16071452
59359,231,20,8211.23048838
59360,231,21,11996.84660199
59361,231,22,12402.55120763
59362,231,23,6150.78556005
59363,231,24,6104.93914358
59364,231,25,6861.33044898
59365,231,26,9975.81980447
59366,231,27,11046.59799532
59367,231,28,8334.80183612
59368,231,29,8827.30156669
59369,231,30,8849.70742555
59370,231,31,5736.19624981
59371,231,32,6439.2807094
59372,231,33,13583.45610991
59373,231,34,7750.16696653
59374,231,35,6040.70021509
59375,231,36,14660.74632336
59376,231,37,15449.01934435
59377,231,38,5826.21848514
59378,231,39,6674.01997103
59379,231,40,18941.18377416
59380,231,41,11718.31239254
59381,231,42,7311.93462643
59382,231,43,24113.70788301
59383,231,44,11346.8970937
59384,231,45,6244.34544012
59385,231,46,8612.13320775
59386,231,47,29652.15935218
59387,231,48,30714.85850311
59388,231,49,4535.54565135
59389,231,50,26292.3552596
59390,231,51,2458.69666836
59391,231,52,1711.23558142
59392,231,53,4584.79186423
59393,231,54,2303.71889346
59394,231,55,19173.32429611
59395,231,56,4617.19046705
59396,231,57,11233.17498008
59397,231,58,9012.49891896
59398,231,59,3163.16404953
59399,231,60,367.40950747
59400,231,61,6031.09327724
59401,231,62,13915.12749372
59402,231,63,2569.70460422
59403,231,64,21337.1660554
59404,231,65,1415.88861037
59405,231,66,7145.68513791
59406,231,67,9177.87153928
59407,231,68,7861.0432263
59408,231,69,36652.90842145
59409,231,70,13707.01497945
59410,231,71,46330.73274837
59411,231,72,22990.82472417
59412,231,73,47864.62865218
59413,231,74,38192.67514182
59414,231,75,25184.1818721
59415,231,76,44326.74929913
59416,231,77,48806.99645058
59417,231,78,49545.40546791
59418,231,79,27530.36092821
59419,231,80,42331.73592489
59420,231,81,40945.35440552
59421,231,82,30308.12401207
59422,231,83,7254.08842893
59423,231,84,43396.45309973
59424,231,85,32710.87397339
59425,231,86,6703.75028294
59426,231,87,11434.53818051
59427,231,88,6582.85749149
59428,231,89,8565.45513561
59429,231,90,1072.11385873
59430,231,91,4332.82212917
59431,231,92,2173.66006767
59432,231,93,11911.22724769
59433,231,94,9441.49878862
59434,231,95,2468.58707701
59435,231,96,9476.38894238
59436,231,97,13749.52979794
59437,231,98,12551.83229146
59438,231,99,8867.43384557
59439,231,100,7941.37829881
59440,231,101,5421.23555029
59441,231,102,9098.39945519
59442,231,103,14867.13924136
59443,231,104,5364.37637124
59444,231,105,775.62435339
59445,231,106,10928.84594567
59446,231,107,3294.20230922
59447,231,108,11218.50259017
59448,231,109,4029.35224221
59449,231,110,13480.47237681
59450,231,111,7024.48667298
59451,231,112,11118.64647172
59452,231,113,14650.03455439
59453,231,114,4491.652299
59454,231,115,17200.70795887
59455,231,116,4767.43145796
59456,231,117,12189.94390611
59457,231,118,10973.94483918
59458,231,119,18999.10463416
59459,231,120,8893.92175257
59460,231,121,12830.15391958
59461,231,122,11808.45188728
59462,231,123,5594.29612774
59463,231,124,6939.37618391
59464,231,125,3527.57213286
59465,231,126,9596.81913037
59466,231,127,3716.21862652
59467,231,128,13549.86746501
59468,231,129,3586.74188467
59469,231,130,9574.68553766
59470,231,131,15063.89276547
59471,231,132,7800.1847062
59472,231,133,15765.9416588
59473,231,134,22857.17566476
59474,231,135,18953.23616442
59475,231,136,16479.55838907
59476,231,137,12187.92865867
59477,231,138,13063.71834183
59478,231,139,17801.67875577
59479,231,140,14529.8736568
59480,231,141,14719.58686354
59481,231,142,21809.72663511
59482,231,143,23923.57214293
59483,231,144,20218.65512074
59484,231,145,22723.38042146
59485,231,146,12913.23809007
59486,231,147,7529.03373124
59487,231,148,10765.02768763
59488,231,149,4412.27678971
59489,231,150,15710.26038608
59490,231,151,7930.69680385
59491,231,152,10455.09100285
59492,231,153,7648.91325588
59493,231,154,6721.20650166
59494,231,155,12310.47246661
59495,231,156,4018.72372839
59496,231,157,5249.40789151
59497,231,158,17096.51173084
59498,231,159,4858.43143059
59499,231,160,13972.20642691
59500,231,161,11483.76118864
59501,231,162,11179.86798085
59502,231,163,2729.56510068
59503,231,164,10033.70256159
59504,231,165,3130.63685799
59505,231,166,2850.84659409
59506,231,167,7383.23235113
59507,231,168,30973.79305926
59508,231,169,28722.86300545
59509,231,170,29658.85350763
59510,231,171,32292.1457813
59511,231,172,31031.089666
59512,231,173,31639.4534307
59513,231,174,32930.53406827
59514,231,175,32433.34646977
59515,231,176,33520.18592983
59516,231,177,31113.07283876
59517,231,178,18131.27921154
59518,231,179,13647.396831
59519,231,180,20225.96260482
59520,231,181,25203.59524713
59521,231,182,28807.08081952
59522,231,183,33335.37788615
59523,231,184,22397.64067275
59524,231,185,15588.0842161
59525,231,186,27784.0171566
59526,231,187,32044.4669772
59527,231,188,35198.77808108
59528,231,189,32729.53374593
59529,231,190,32034.3676124
59530,231,191,32495.93444208
59531,231,192,33482.9286995
59532,231,193,32451.66142113
59533,231,194,32240.73345042
59534,231,195,32897.2291739
59535,231,196,35676.3263327
59536,231,197,33051.11346347
59537,231,198,14603.21082563
59538,231,199,17559.9727597
59539,231,200,44095.97371673
59540,231,201,29466.19546832
59541,231,202,53370.56118671
59542,231,203,48728.27942164
59543,231,204,40677.25964428
59544,231,205,33009.71832467
59545,231,206,25786.35659624
59546,231,207,57044.92879649
59547,231,208,20025.38654913
59548,231,209,4550.21135274
59549,231,210,827.1411041
59550,231,211,9379.55898816
59551,231,212,44852.80859642
59552,231,213,52352.9183509
59553,231,214,34828.14187003
59554,231,215,17506.50570486
59555,231,216,6792.5512338
59556,231,217,12080.95797967
59557,231,218,13819.28681735
59558,231,219,42159.19980483
59559,231,220,46397.92425058
59560,231,221,9384.88394187
59561,231,222,25247.69515296
59562,231,223,3927.9588711
59563,231,224,51053.93366894
59564,231,225,8840.41919289
59565,231,226,31008.86439707
59566,231,227,19697.08028256
59567,231,228,53151.9095939
59568,231,229,37098.86782552
59569,231,230,39454.10034701
59570,231,231,0.0
59571,231,232,367.77132851
59572,231,233,399.87164954
59573,231,234,1649.6386113
59574,231,235,856.28555532
59575,231,236,850.15463557
59576,231,237,1344.95587153
59577,231,238,27492.18934356
59578,231,239,18740.46663669
59579,231,240,26180.40245476
59580,231,241,8912.6507151
59581,231,242,14757.03387493
59582,231,243,7264.4899818
59583,231,244,23053.98588581
59584,231,245,22099.12744571
59585,231,246,24058.66137015
59586,231,247,19298.99294709
59587,231,248,21155.62159137
59588,231,249,26846.16016265
59589,231,250,26316.83307851
59590,231,251,18087.70632647
59591,231,252,10080.19808358
59592,231,253,6916.09334972
59593,231,254,24799.52727333
59594,231,255,25402.40855678
59595,231,256,25975.90442928
59596,231,257,19874.96229346
59597,231,258,12883.52608456
59598,232,1,4004.74590794
59599,232,2,10596.45357358
59600,232,3,5048.01034906
59601,232,4,8464.45206115
59602,232,5,10061.49285255
59603,232,6,9458.30106655
59604,232,7,1409.88662909
59605,232,8,7037.90592724
59606,232,9,6184.96977633
59607,232,10,3072.19145432
59608,232,11,1002.24078759
59609,232,12,1789.46077721
59610,232,13,2996.37162855
59611,232,14,8731.21035622
59612,232,15,7970.17976482
59613,232,16,11321.46804887
59614,232,17,9545.77916264
59615,232,18,8996.21687831
59616,232,19,5867.52271702
59617,232,20,8011.67958679
59618,232,21,11646.48862949
59619,232,22,12749.68694677
59620,232,23,6467.15064766
59621,232,24,6352.47923158
59622,232,25,6740.6927559
59623,232,26,10322.49297774
59624,232,27,10705.08038835
59625,232,28,8090.5320083
59626,232,29,9176.30397558
59627,232,30,8560.0755261
59628,232,31,5893.97764844
59629,232,32,6359.12521175
59630,232,33,13227.47929286
59631,232,34,7600.38135161
59632,232,35,6072.12894855
59633,232,36,15006.31810289
59634,232,37,15789.99619148
59635,232,38,6027.04071004
59636,232,39,7007.40992487
59637,232,40,18575.61081431
59638,232,41,11358.831487
59639,232,42,6944.44221629
59640,232,43,23747.85523866
59641,232,44,10983.13509683
59642,232,45,5877.07947197
59643,232,46,8244.66224269
59644,232,47,29284.94218435
59645,232,48,30347.44526516
59646,232,49,4168.87948465
59647,232,50,25926.20194004
59648,232,51,2090.99431972
59649,232,52,1388.37196679
59650,232,53,4951.18601628
59651,232,54,2047.0315725
59652,232,55,19535.37102317
59653,232,56,4333.77020662
59654,232,57,11600.53720939
59655,232,58,9379.48477783
59656,232,59,2904.00037746
59657,232,60,495.99457981
59658,232,61,5686.90038347
59659,232,62,14282.82712689
59660,232,63,2931.80862189
59661,232,64,21691.77076572
59662,232,65,1781.56347487
59663,232,66,7511.62307289
59664,232,67,9456.78018853
59665,232,68,8140.61993828
59666,232,69,36971.72467093
59667,232,70,13984.33628232
59668,232,71,46650.76726043
59669,232,72,23283.23970939
59670,232,73,48180.05404632
59671,232,74,38510.73242947
59672,232,75,25480.17167321
59673,232,76,44649.14891142
59674,232,77,49105.32052674
59675,232,78,49854.76326438
59676,232,79,27830.81152915
59677,232,80,42650.1898626
59678,232,81,41266.0946794
59679,232,82,30626.20979113
59680,232,83,7242.10919366
59681,232,84,43716.67924119
59682,232,85,33029.34424888
59683,232,86,6743.24828065
59684,232,87,11712.33578127
59685,232,88,6731.74677031
59686,232,89,8514.22467494
59687,232,90,1101.52970649
59688,232,91,4176.05638267
59689,232,92,2244.19683667
59690,232,93,11927.05124113
59691,232,94,9410.69374154
59692,232,95,2223.92918147
59693,232,96,9555.8411544
59694,232,97,13800.04241808
59695,232,98,12615.76592104
59696,232,99,8761.66183138
59697,232,100,8007.70339866
59698,232,101,5272.13928216
59699,232,102,9016.46107053
59700,232,103,14921.25529068
59701,232,104,5386.42668878
59702,232,105,890.76249419
59703,232,106,10903.71001817
59704,232,107,3117.42494489
59705,232,108,11301.01541729
59706,232,109,4089.51216351
59707,232,110,13281.52984735
59708,232,111,6685.24131957
59709,232,112,11058.22255363
59710,232,113,14488.12435376
59711,232,114,4124.81190716
59712,232,115,17078.11049437
59713,232,116,4784.18861213
59714,232,117,12076.29378625
59715,232,118,10707.35132938
59716,232,119,18895.04748797
59717,232,120,8574.89833812
59718,232,121,12703.70853016
59719,232,122,11570.51283668
59720,232,123,5602.13721716
59721,232,124,6977.37183392
59722,232,125,3279.58547561
59723,232,126,9299.70423431
59724,232,127,3768.84208988
59725,232,128,13411.3841554
59726,232,129,3270.94090374
59727,232,130,9592.19775572
59728,232,131,14931.18285078
59729,232,132,7855.77572938
59730,232,133,15644.26824848
59731,232,134,23184.84310367
59732,232,135,19273.82018942
59733,232,136,16811.36228313
59734,232,137,12536.00790383
59735,232,138,13388.05935974
59736,232,139,18125.95758403
59737,232,140,14888.81490222
59738,232,141,15086.35752083
59739,232,142,22142.82672935
59740,232,143,24242.71415845
59741,232,144,20549.23182911
59742,232,145,23032.54073715
59743,232,146,13276.97096214
59744,232,147,7663.03486775
59745,232,148,10566.61807919
59746,232,149,4664.70872798
59747,232,150,15438.3779141
59748,232,151,7936.27721937
59749,232,152,10279.53032538
59750,232,153,7742.4153679
59751,232,154,6922.4172744
59752,232,155,12037.84570653
59753,232,156,4243.71140667
59754,232,157,5454.35743361
59755,232,158,16812.19486392
59756,232,159,5048.70293907
59757,232,160,13700.6301901
59758,232,161,11235.39046445
59759,232,162,10950.05290314
59760,232,163,3075.01164479
59761,232,164,9880.58166888
59762,232,165,3442.35522585
59763,232,166,3146.43708112
59764,232,167,7551.63291897
59765,232,168,30617.09469194
59766,232,169,28362.60631061
59767,232,170,29301.45029566
59768,232,171,31936.67501179
59769,232,172,30686.75729026
59770,232,173,31291.76057375
59771,232,174,32579.50180551
59772,232,175,32102.98140099
59773,232,176,33202.20750776
59774,232,177,30773.84232635
59775,232,178,18221.315339
59776,232,179,13733.20167053
59777,232,180,20308.80962056
59778,232,181,25227.0836835
59779,232,182,28798.00832462
59780,232,183,33322.79101461
59781,232,184,22450.55456578
59782,232,185,15664.43043195
59783,232,186,27787.08884644
59784,232,187,32030.41462735
59785,232,188,34878.63591959
59786,232,189,32448.60507705
59787,232,190,31824.70075013
59788,232,191,32236.10523169
59789,232,192,33173.54708741
59790,232,193,32201.49012879
59791,232,194,32009.57236788
59792,232,195,32600.41567206
59793,232,196,35344.00052406
59794,232,197,32854.67621918
59795,232,198,14235.585209
59796,232,199,17192.23895353
59797,232,200,43770.82086655
59798,232,201,29113.74517829
59799,232,202,53059.96489744
59800,232,203,48412.79082386
59801,232,204,40347.13693669
59802,232,205,32674.26255452
59803,232,206,25425.60313499
59804,232,207,56729.35424397
59805,232,208,19661.00598328
59806,232,209,4896.35858482
59807,232,210,530.22906574
59808,232,211,9744.4623906
59809,232,212,45188.67040245
59810,232,213,52683.64931692
59811,232,214,34641.14555475
59812,232,215,17359.00273879
59813,232,216,6740.69704059
59814,232,217,11937.0525297
59815,232,218,13692.38819463
59816,232,219,42019.08635232
59817,232,220,46267.74469758
59818,232,221,9207.05581993
59819,232,222,25045.41486457
59820,232,223,3894.25322999
59821,232,224,50933.96970227
59822,232,225,8738.89391081
59823,232,226,30807.45566531
59824,232,227,19517.60616845
59825,232,228,53037.87456055
59826,232,229,36931.24809417
59827,232,230,39299.97129275
59828,232,231,367.77132851
59829,232,232,0.0
59830,232,233,767.54222898
59831,232,234,1282.39766636
59832,232,235,488.69692964
59833,232,236,1217.30151505
59834,232,237,977.3361661
59835,232,238,27715.70214527
59836,232,239,18875.81646735
59837,232,240,26370.76534538
59838,232,241,9076.34568035
59839,232,242,14900.594904
59840,232,243,7509.86339946
59841,232,244,23211.10876085
59842,232,245,22263.39855717
59843,232,246,24209.87496667
59844,232,247,19455.62005788
59845,232,248,21319.93885047
59846,232,249,27046.05350933
59847,232,250,26550.514439
59848,232,251,18202.43423645
59849,232,252,10266.63254311
59850,232,253,7216.58300958
59851,232,254,24959.23032441
59852,232,255,25577.26900673
59853,232,256,26223.13160377
59854,232,257,20045.33807783
59855,232,258,13047.91320409
59856,233,1,4166.32499873
59857,233,2,10273.06249178
59858,233,3,5178.30852777
59859,233,4,8460.3145904
59860,233,5,9791.68066376
59861,233,6,9275.38536441
59862,233,7,2158.41674574
59863,233,8,7115.95232184
59864,233,9,6273.80074509
59865,233,10,3839.61674639
59866,233,11,1748.64111289
59867,233,12,2164.56035649
59868,233,13,3145.42591993
59869,233,14,8645.63935104
59870,233,15,8044.38848764
59871,233,16,10919.78111198
59872,233,17,10229.16490902
59873,233,18,9644.15081204
59874,233,19,5680.91541777
59875,233,20,8430.45353755
59876,233,21,12374.97164889
59877,233,22,12022.23443272
59878,233,23,5806.68896517
59879,233,24,5840.09003713
59880,233,25,7000.09941651
59881,233,26,9596.29898656
59882,233,27,11415.00325817
59883,233,28,8600.97372128
59884,233,29,8445.49529365
59885,233,30,9163.22988475
59886,233,31,5574.99209426
59887,233,32,6536.37075839
59888,233,33,13967.87344935
59889,233,34,7917.63250785
59890,233,35,6018.87261572
59891,233,36,14281.86522771
59892,233,37,15074.87646145
59893,233,38,5615.7103648
59894,233,39,6310.13419476
59895,233,40,19337.18190348
59896,233,41,12106.92748075
59897,233,42,7711.80048935
59898,233,43,24510.06132894
59899,233,44,11740.67647391
59900,233,45,6642.91404266
59901,233,46,9011.99518652
59902,233,47,30050.53894362
59903,233,48,31113.58170491
59904,233,49,4935.09468658
59905,233,50,26689.1234322
59906,233,51,2858.1334022
59907,233,52,2083.70949406
59908,233,53,4185.64508742
59909,233,54,2620.66360726
59910,233,55,18782.48891037
59911,233,56,4945.3098165
59912,233,57,10833.35317255
59913,233,58,8612.87275652
59914,233,59,3475.18851126
59915,233,60,558.33137518
59916,233,61,6412.2888535
59917,233,62,13515.82171863
59918,233,63,2175.53585356
59919,233,64,20955.86193534
59920,233,65,1018.14402827
59921,233,66,6746.85060729
59922,233,67,8890.98603734
59923,233,68,7574.69693125
59924,233,69,36314.05201192
59925,233,70,13419.37606192
59926,233,71,45990.2173355
59927,233,72,22683.56750097
59928,233,73,47529.44411656
59929,233,74,37854.6582545
59930,233,75,24872.54139279
59931,233,76,43983.51400563
59932,233,77,48491.54378687
59933,233,78,49217.21684721
59934,233,79,27213.3427739
59935,233,80,41993.14748747
59936,233,81,40604.13179363
59937,233,82,29970.36562447
59938,233,83,7301.04052261
59939,233,84,43055.77423513
59940,233,85,32372.56158065
59941,233,86,6696.51018106
59942,233,87,11147.39811685
59943,233,88,6453.24686681
59944,233,89,8651.24413691
59945,233,90,1165.82025449
59946,233,91,4519.96507434
59947,233,92,2179.23413275
59948,233,93,11893.92782245
59949,233,94,9478.20357313
59950,233,95,2757.37675671
59951,233,96,9418.41064247
59952,233,97,13718.5268837
59953,233,98,12507.12284912
59954,233,99,8985.86327955
59955,233,100,7901.02371094
59956,233,101,5594.87205659
59957,233,102,9190.85584684
59958,233,103,14831.34886112
59959,233,104,5381.90174432
59960,233,105,848.52079419
59961,233,106,10957.21393193
59962,233,107,3509.64119233
59963,233,108,11154.68159723
59964,233,109,4014.41462518
59965,233,110,13715.23246681
59966,233,111,7400.88962771
59967,233,112,11184.98027075
59968,233,113,14845.75516062
59969,233,114,4889.66620752
59970,233,115,17353.88020676
59971,233,116,4768.40839042
59972,233,117,12312.57101083
59973,233,118,11278.7087179
59974,233,119,19131.88904542
59975,233,120,9250.81593399
59976,233,121,12966.01198941
59977,233,122,12083.98360711
59978,233,123,5600.2286453
59979,233,124,6907.08158798
59980,233,125,3810.51482894
59981,233,126,9932.34450707
59982,233,127,3686.89284951
59983,233,128,13698.15315922
59984,233,129,3934.4052556
59985,233,130,9558.68866598
59986,233,131,15228.79677032
59987,233,132,7746.18308513
59988,233,133,15918.83444414
59989,233,134,22496.48052683
59990,233,135,18600.30969626
59991,233,136,16114.98302581
59992,233,137,11815.40724628
59993,233,138,12720.29718308
59994,233,139,17444.94456804
59995,233,140,14137.39056651
59996,233,141,14320.08234651
59997,233,142,21443.39981834
59998,233,143,23571.78433986
59999,233,144,19855.06829857
60000,233,145,22382.24860258
60001,233,146,12520.24384491
60002,233,147,7389.01633826
60003,233,148,10979.94767496
60004,233,149,4147.23287958
60005,233,150,16001.57221189
60006,233,151,7931.0121842
60007,233,152,10645.91169459
60008,233,153,7553.53489423
60009,233,154,6507.70168603
60010,233,155,12603.82229451
60011,233,156,3810.71466862
60012,233,157,5036.27234652
60013,233,158,17401.02045607
60014,233,159,4687.49306472
60015,233,160,14263.74587574
60016,233,161,11751.5313886
60017,233,162,11427.99745692
60018,233,163,2367.30561155
60019,233,164,10201.03135671
60020,233,165,2799.29013943
60021,233,166,2560.06467309
60022,233,167,7205.12142547
60023,233,168,31358.61317381
60024,233,169,29112.01749253
60025,233,170,30044.5347799
60026,233,171,32675.48316509
60027,233,172,31401.40911252
60028,233,173,32013.65363352
60029,233,174,33308.6142019
60030,233,175,32787.65691034
60031,233,176,33860.46434021
60032,233,177,31477.52521729
60033,233,178,18054.09369426
60034,233,179,13577.57008536
60035,233,180,20155.87060388
60036,233,181,25197.09085933
60037,233,182,28835.21119489
60038,233,183,33366.59791302
60039,233,184,22359.73534697
60040,233,185,15527.35385382
60041,233,186,27799.16364479
60042,233,187,32077.45957323
60043,233,188,35554.01745339
60044,233,189,33045.01171665
60045,233,190,32275.96591144
60046,233,191,32789.69863841
60047,233,192,33827.37297686
60048,233,193,32735.43252051
60049,233,194,32504.76489289
60050,233,195,33228.93817093
60051,233,196,36043.7237286
60052,233,197,33278.73737667
60053,233,198,15002.37680597
60054,233,199,17959.77896431
60055,233,200,44456.06407711
60056,233,201,29853.26303621
60057,233,202,53715.78923709
60058,233,203,49078.54666354
60059,233,204,41042.37720698
60060,233,205,33380.26602376
60061,233,206,26181.08183186
60062,233,207,57395.17343316
60063,233,208,20423.21185523
60064,233,209,4183.20594699
60065,233,210,1199.58622263
60066,233,211,8985.00856118
60067,233,212,44493.74350728
60068,233,213,51999.80279495
60069,233,214,35045.66867564
60070,233,215,17685.79727785
60071,233,216,6883.4510374
60072,233,217,12259.64976679
60073,233,218,13978.85101097
60074,233,219,42326.48568444
60075,233,220,46554.34645043
60076,233,221,9601.3933
60077,233,222,25482.40648573
60078,233,223,4015.363371
60079,233,224,51199.18809788
60080,233,225,8978.77655399
60081,233,226,31241.91288805
60082,233,227,19909.14222211
60083,233,228,53290.7192847
60084,233,229,37295.73924381
60085,233,230,39636.48406033
60086,233,231,399.87164954
60087,233,232,767.54222898
60088,233,233,0.0
60089,233,234,2048.4861873
60090,233,235,1255.72612295
60091,233,236,450.80843644
60092,233,237,1744.32845246
60093,233,238,27242.41609712
60094,233,239,18588.32009283
60095,233,240,25966.634741
60096,233,241,8736.89578337
60097,233,242,14597.80963891
60098,233,243,6999.81856445
60099,233,244,22876.86915173
60100,233,245,21914.47682637
60101,233,246,23887.73358238
60102,233,247,19123.46755455
60103,233,248,20971.16672278
60104,233,249,26621.9804878
60105,233,250,26056.24514541
60106,233,251,17958.29731582
60107,233,252,9877.63241844
60108,233,253,6589.28278897
60109,233,254,24619.23189611
60110,233,255,25205.5634649
60111,233,256,25700.76623941
60112,233,257,19684.2852568
60113,233,258,12702.71432986
60114,234,1,3958.76027499
60115,234,2,11147.51393114
60116,234,3,4988.67121822
60117,234,4,8526.65679161
60118,234,5,10532.35981248
60119,234,6,9796.98417572
60120,234,7,491.28021581
60121,234,8,6994.01264487
60122,234,9,6148.56126367
60123,234,10,1800.18293212
60124,234,11,385.73028088
60125,234,12,1737.850126
60126,234,13,3079.48770205
60127,234,14,8922.82624158
60128,234,15,7910.92614878
60129,234,16,11991.44681834
60130,234,17,8386.91724277
60131,234,18,7902.16289572
60132,234,19,6287.21261554
60133,234,20,7346.50930818
60134,234,21,10409.79142264
60135,234,22,13943.10261677
60136,234,23,7571.70788406
60137,234,24,7244.51387369
60138,234,25,6390.46997779
60139,234,26,11516.5883028
60140,234,27,9498.89208373
60141,234,28,7255.96688585
60142,234,29,10380.05067115
60143,234,30,7550.00439456
60144,234,31,6513.15051328
60145,234,32,6165.09235676
60146,234,33,11972.37406348
60147,234,34,7126.29465274
60148,234,35,6274.48099432
60149,234,36,16192.41973938
60150,234,37,16958.73149187
60151,234,38,6778.67420301
60152,234,39,8163.550639
60153,234,40,17294.90324588
60154,234,41,10093.79349748
60155,234,42,5670.03742811
60156,234,43,22466.65598736
60157,234,44,9706.52273336
60158,234,45,4594.72065041
60159,234,46,6970.18958854
60160,234,47,28002.56614959
60161,234,48,29065.2304719
60162,234,49,2905.01585346
60163,234,50,24644.56452969
60164,234,51,811.23488289
60165,234,52,821.50347341
60166,234,53,6222.99991699
60167,234,54,1631.29509586
60168,234,55,20809.94479041
60169,234,56,3537.27746439
60170,234,57,12876.28655895
60171,234,58,10653.0763723
60172,234,59,2326.23583874
60173,234,60,1640.29491466
60174,234,61,4554.19606428
60175,234,62,15564.21468657
60176,234,63,4191.58254626
60177,234,64,22948.75004712
60178,234,65,3054.8794912
60179,234,66,8780.3058294
60180,234,67,10515.87045738
60181,234,68,9206.90613472
60182,234,69,38125.91940328
60183,234,70,15027.47347405
60184,234,71,47807.48849681
60185,234,72,24362.07948637
60186,234,73,49322.71140186
60187,234,74,39662.43487631
60188,234,75,26568.70359773
60189,234,76,45813.15116374
60190,234,77,50195.43907359
60191,234,78,50978.77212332
60192,234,79,28931.88649455
60193,234,80,43802.5646961
60194,234,81,42425.48442504
60195,234,82,31779.36343166
60196,234,83,7422.26368009
60197,234,84,44874.26180675
60198,234,85,34183.1596776
60199,234,86,7104.8436922
60200,234,87,12761.59561699
60201,234,88,7435.16579724
60202,234,89,8537.10958058
60203,234,90,1839.69082043
60204,234,91,3783.07803069
60205,234,92,2928.08640836
60206,234,93,11992.63541775
60207,234,94,9337.48346242
60208,234,95,1671.11757862
60209,234,96,10007.1546919
60210,234,97,14125.52620285
60211,234,98,12992.61984599
60212,234,99,8430.53971673
60213,234,100,8434.74705476
60214,234,101,4857.86491449
60215,234,102,8767.39154006
60216,234,103,15253.53318152
60217,234,104,5726.37996111
60218,234,105,1922.7753132
60219,234,106,10834.92639665
60220,234,107,2729.55483947
60221,234,108,11747.71610029
60222,234,109,4600.45053571
60223,234,110,12717.7560732
60224,234,111,5570.76569938
60225,234,112,10864.06077968
60226,234,113,14058.58051833
60227,234,114,2842.57988859
60228,234,115,16783.14184337
60229,234,116,4981.5998497
60230,234,117,11685.53202765
60231,234,118,9889.95760453
60232,234,119,18661.50933864
60233,234,120,7544.93991417
60234,234,121,12263.37132471
60235,234,122,10863.82986196
60236,234,123,5738.57202845
60237,234,124,7180.45448242
60238,234,125,2569.76790051
60239,234,126,8362.31528174
60240,234,127,4136.7430309
60241,234,128,12924.21889304
60242,234,129,2236.69094018
60243,234,130,9684.99577867
60244,234,131,14607.70858424
60245,234,132,8102.44267387
60246,234,133,15358.09706381
60247,234,134,24300.77837297
60248,234,135,20366.29306712
60249,234,136,17946.07422925
60250,234,137,13778.33559385
60251,234,138,14566.72196841
60252,234,139,19232.57183611
60253,234,140,16125.88411612
60254,234,141,16358.18660922
60255,234,142,23279.21062945
60256,234,143,25326.9995275
60257,234,144,21677.11492286
60258,234,145,24081.37704164
60259,234,146,14555.11176686
60260,234,147,8174.2525933
60261,234,148,9881.07741737
60262,234,149,5597.73773649
60263,234,150,14468.78487181
60264,234,151,8010.58629271
60265,234,152,9679.46510782
60266,234,153,8118.32049286
60267,234,154,7661.49277992
60268,234,155,11074.55316928
60269,234,156,5206.17336253
60270,234,157,6229.52384383
60271,234,158,15796.55715389
60272,234,159,5901.44900765
60273,234,160,12736.12474184
60274,234,161,10363.475154
60275,234,162,10147.3701686
60276,234,163,4324.94341275
60277,234,164,9365.61011266
60278,234,165,4563.37569262
60279,234,166,4296.91059684
60280,234,167,8176.77001407
60281,234,168,29357.90828771
60282,234,169,27093.89010389
60283,234,170,28040.36774179
60284,234,171,30680.87338403
60285,234,172,29464.12017248
60286,234,173,30058.82346143
60287,234,174,31336.49872431
60288,234,175,30924.05030706
60289,234,176,32063.086477
60290,234,177,29567.03239215
60291,234,178,18662.13820453
60292,234,179,14176.45552599
60293,234,180,20720.39420093
60294,234,181,25427.80876846
60295,234,182,28881.10371383
60296,234,183,33388.69998354
60297,234,184,22756.70307018
60298,234,185,16068.01505317
60299,234,186,27913.62834848
60300,234,187,32092.49725201
60301,234,188,33811.89399576
60302,234,189,31537.00765397
60303,234,190,31183.69675917
60304,234,191,31405.72939671
60305,234,192,32150.24468602
60306,234,193,31407.91570374
60307,234,194,31287.97488487
60308,234,195,31626.88326434
60309,234,196,34227.81372053
60310,234,197,32261.99187894
60311,234,198,12953.92786819
60312,234,199,15913.77424882
60313,234,200,42682.17790875
60314,234,201,27913.65753003
60315,234,202,52027.60452621
60316,234,203,47361.86227016
60317,234,204,39239.00518034
60318,234,205,31545.77637094
60319,234,206,24187.86198281
60320,234,207,55677.04361243
60321,234,208,18405.41540624
60322,234,209,6141.61628286
60323,234,210,1026.61900864
60324,234,211,11024.70586686
60325,234,212,46392.35360008
60326,234,213,53871.85630592
60327,234,214,34081.98915799
60328,234,215,16971.88088436
60329,234,216,6793.79383346
60330,234,217,11588.98444714
60331,234,218,13396.33844101
60332,234,219,41626.26085938
60333,234,220,45908.61650765
60334,234,221,8754.92018017
60335,234,222,24438.89934217
60336,234,223,4119.51618082
60337,234,224,50609.57753318
60338,234,225,8578.5101609
60339,234,226,30198.01498667
60340,234,227,19006.02915303
60341,234,228,52733.9366601
60342,234,229,36441.57887472
60343,234,230,38857.93722752
60344,234,231,1649.6386113
60345,234,232,1282.39766636
60346,234,233,2048.4861873
60347,234,234,0.0
60348,234,235,793.84621239
60349,234,236,2495.9478233
60350,234,237,306.58174038
60351,234,238,28456.98585567
60352,234,239,19323.59010413
60353,234,240,26997.03035164
60354,234,241,9668.8548245
60355,234,242,15389.27785515
60356,234,243,8382.8283587
60357,234,244,23725.62585738
60358,234,245,22804.36281511
60359,234,246,24702.25199083
60360,234,247,19975.61429415
60361,234,248,21862.75020076
60362,234,249,27704.98527205
60363,234,250,27328.66094825
60364,234,251,18580.70789783
60365,234,252,10924.85385586
60366,234,253,8266.7368765
60367,234,254,25480.12323968
60368,234,255,26150.26194956
60369,234,256,27049.32568752
60370,234,257,20611.66672457
60371,234,258,13615.75442166
60372,235,1,3947.70571562
60373,235,2,10800.29113131
60374,235,3,4996.09939968
60375,235,4,8474.70569849
60376,235,5,10233.27253987
60377,235,6,9577.59181659
60378,235,7,961.98945886
60379,235,8,7002.90614331
60380,235,9,6148.98555372
60381,235,10,2585.26712669
60382,235,11,543.19460354
60383,235,12,1666.0866566
60384,235,13,2972.95919343
60385,235,14,8791.95487357
60386,235,15,7932.57846361
60387,235,16,11572.6026832
60388,235,17,9104.28559784
60389,235,18,8578.02979512
60390,235,19,6007.56353901
60391,235,20,7747.88123865
60392,235,21,11176.52839348
60393,235,22,13205.89301004
60394,235,23,6885.57387595
60395,235,24,6684.21493677
60396,235,25,6588.99885356
60397,235,26,10778.52703475
60398,235,27,10246.46623789
60399,235,28,7765.17997795
60400,235,29,9635.83115091
60401,235,30,8171.90446599
60402,235,31,6113.88340908
60403,235,32,6264.21095127
60404,235,33,12750.53401475
60405,235,34,7405.79503731
60406,235,35,6127.69464781
60407,235,36,15460.02067595
60408,235,37,16237.16681765
60409,235,38,6300.92076687
60410,235,39,7447.16200188
60411,235,40,18088.09916315
60412,235,41,10877.87769734
60413,235,42,6457.4983612
60414,235,43,23260.09392837
60415,235,44,10497.44582646
60416,235,45,5388.42296004
60417,235,46,7757.75515262
60418,235,47,28796.29065858
60419,235,48,29858.75010525
60420,235,49,3684.33669816
60421,235,50,25438.19834677
60422,235,51,1602.43436787
60423,235,52,1023.41286002
60424,235,53,5436.41004559
60425,235,54,1785.87047675
60426,235,55,20019.83928151
60427,235,56,3993.50242707
60428,235,57,12087.41334246
60429,235,58,9865.58387199
60430,235,59,2617.56266852
60431,235,60,892.68353824
60432,235,61,5242.95818526
60433,235,62,14771.40720704
60434,235,63,3411.6221749
60435,235,64,22168.48128371
60436,235,65,2266.66850206
60437,235,66,7995.88365704
60438,235,67,9848.7030382
60439,235,68,8534.60487236
60440,235,69,37406.3982113
60441,235,70,14371.72150925
60442,235,71,47086.66163514
60443,235,72,23686.80038087
60444,235,73,48610.32715834
60445,235,74,38944.44084414
60446,235,75,25887.83855589
60447,235,76,45087.94060907
60448,235,77,49514.62801435
60449,235,78,50277.60129446
60450,235,79,28243.69931913
60451,235,80,43084.2625466
60452,235,81,41702.96397098
60453,235,82,31060.25800722
60454,235,83,7275.38835521
60455,235,84,44152.86864292
60456,235,85,33463.74691837
60457,235,86,6845.97739223
60458,235,87,12101.37974936
60459,235,88,6972.43567351
60460,235,89,8490.78655237
60461,235,90,1293.49079188
60462,235,91,3991.25479293
60463,235,92,2440.62060496
60464,235,93,11945.21966558
60465,235,94,9371.53197741
60466,235,95,1941.34674034
60467,235,96,9701.48881825
60468,235,97,13901.92110869
60469,235,98,12736.46096279
60470,235,99,8623.5344165
60471,235,100,8140.38516512
60472,235,101,5089.00291078
60473,235,102,8909.79123329
60474,235,103,15026.7465246
60475,235,104,5474.0639358
60476,235,105,1223.94988279
60477,235,106,10869.07076718
60478,235,107,2918.47585408
60479,235,108,11447.5177172
60480,235,109,4237.22718507
60481,235,110,13046.368511
60482,235,111,6248.5111807
60483,235,112,10976.2332574
60484,235,113,14303.63379882
60485,235,114,3636.40843914
60486,235,115,16945.78555661
60487,235,116,4829.59363423
60488,235,117,11921.54956732
60489,235,118,10377.68177257
60490,235,119,18786.88463013
60491,235,120,8168.5668667
60492,235,121,12531.05454568
60493,235,122,11281.54008153
60494,235,123,5629.45887933
60495,235,124,7037.1896129
60496,235,125,2971.62587649
60497,235,126,8926.135163
60498,235,127,3872.29504498
60499,235,128,13221.85458999
60500,235,129,2858.43681875
60501,235,130,9616.86244278
60502,235,131,14786.6151224
60503,235,132,7935.46959466
60504,235,133,15514.24482798
60505,235,134,23612.68020319
60506,235,135,19692.307327
60507,235,136,17245.66249094
60508,235,137,13006.08334143
60509,235,138,13831.23869657
60510,235,139,18549.69281055
60511,235,140,15361.77085098
60512,235,141,15571.9485808
60513,235,142,22578.32950358
60514,235,143,24658.63089601
60515,235,144,20981.3663372
60516,235,145,23434.84450166
60517,235,146,13763.09438474
60518,235,147,7845.69445382
60519,235,148,10299.83227631
60520,235,149,5008.54350297
60521,235,150,15069.53034115
60522,235,151,7949.65977025
60523,235,152,10044.04614989
60524,235,153,7872.14418052
60525,235,154,7193.76343048
60526,235,155,11669.70660142
60527,235,156,4585.69840859
60528,235,157,5735.83756936
60529,235,158,16426.50882696
60530,235,159,5346.3263181
60531,235,160,13332.95166222
60532,235,161,10900.42285097
60533,235,162,10640.38178196
60534,235,163,3546.37550717
60535,235,164,9676.09568055
60536,235,165,3862.31261281
60537,235,166,3569.96523604
60538,235,167,7779.07747816
60539,235,168,30138.86964608
60540,235,169,27880.42500951
60541,235,170,28822.4383373
60542,235,171,31459.84100481
60543,235,172,30223.15311797
60544,235,173,30824.09140928
60545,235,174,32107.83680929
60546,235,175,31656.52336114
60547,235,176,32771.23333641
60548,235,177,30316.46193611
60549,235,178,18371.13835506
60550,235,179,13880.96345821
60551,235,180,20448.22123082
60552,235,181,25286.8109605
60553,235,182,28813.60513474
60554,235,183,33332.73204298
60555,235,184,22549.97149739
60556,235,185,15798.22111943
60557,235,186,27819.06179068
60558,235,187,32038.66045715
60559,235,188,34465.2771681
60560,235,189,32091.7141108
60561,235,190,31567.76030592
60562,235,191,31909.06970997
60563,235,192,32775.87793499
60564,235,193,31888.03242001
60565,235,194,31722.72704103
60566,235,195,32220.85749453
60567,235,196,34912.77569143
60568,235,197,32615.88287639
60569,235,198,13746.93248505
60570,235,199,16704.3351825
60571,235,200,43349.84485744
60572,235,201,28652.37030324
60573,235,202,52659.77758066
60574,235,203,48005.68855937
60575,235,204,39918.99217267
60576,235,205,32238.50480576
60577,235,206,24951.04189951
60578,235,207,56321.93954861
60579,235,208,19180.30466757
60580,235,209,5366.47248394
60581,235,210,424.48802158
60582,235,211,10231.63861549
60583,235,212,45643.53570407
60584,235,213,53132.314873
60585,235,214,34415.11365505
60586,235,215,17192.3435731
60587,235,216,6722.85318053
60588,235,217,11780.21213442
60589,235,218,13556.96129251
60590,235,219,41856.29874521
60591,235,220,46118.04182699
60592,235,221,9007.25012811
60593,235,222,24800.0182233
60594,235,223,3923.28848534
60595,235,224,50797.73159182
60596,235,225,8646.47545676
60597,235,226,30562.10843335
60598,235,227,19305.67544015
60599,235,228,52909.50517066
60600,235,229,36731.51465761
60601,235,230,39118.39071606
60602,235,231,856.28555532
60603,235,232,488.69692964
60604,235,233,1255.72612295
60605,235,234,793.84621239
60606,235,235,0.0
60607,235,236,1704.57319785
60608,235,237,488.67083989
60609,235,238,28001.20539111
60610,235,239,19046.29496663
60611,235,240,26612.03740734
60612,235,241,9294.0650209
60613,235,242,15084.5022832
60614,235,243,7836.14635464
60615,235,244,23408.80780199
60616,235,245,22470.94504941
60617,235,246,24399.38042673
60618,235,247,19654.09835367
60619,235,248,21527.88398506
60620,235,249,27299.95503548
60621,235,250,26849.91427383
60622,235,251,18345.89249439
60623,235,252,10511.93965136
60624,235,253,7613.77456973
60625,235,254,25159.8515926
60626,235,255,25797.98204893
60627,235,256,26540.84641898
60628,235,257,20261.85312229
60629,235,258,13260.96017246
60630,236,1,4286.14122145
60631,236,2,10069.87485891
60632,236,3,5268.16864425
60633,236,4,8451.59845803
60634,236,5,9621.41294408
60635,236,6,9158.16193364
60636,236,7,2607.59373313
60637,236,8,7161.4920872
60638,236,9,6330.72622369
60639,236,10,4289.42716595
60640,236,11,2187.09557824
60641,236,12,2443.39994
60642,236,13,3278.10994753
60643,236,14,8588.20067386
60644,236,15,8083.27566337
60645,236,16,10669.04565756
60646,236,17,10618.07618655
60647,236,18,10011.92825495
60648,236,19,5579.16588383
60649,236,20,8667.00550337
60650,236,21,12792.00010505
60651,236,22,11585.8272308
60652,236,23,5411.13775181
60653,236,24,5536.08024934
60654,236,25,7150.90264028
60655,236,26,9160.95106561
60656,236,27,11820.07916422
60657,236,28,8889.79363044
60658,236,29,8008.12985603
60659,236,30,9504.96271802
60660,236,31,5393.0359494
60661,236,32,6642.65338172
60662,236,33,14392.86908397
60663,236,34,8097.62190325
60664,236,35,5994.33661849
60665,236,36,13846.63040208
60666,236,37,14644.11575816
60667,236,38,5376.07085445
60668,236,39,5892.09290916
60669,236,40,19778.46669375
60670,236,41,12537.74662483
60671,236,42,8161.70427243
60672,236,43,24951.85940864
60673,236,44,12178.80476004
60674,236,45,7089.06145491
60675,236,46,9461.93482935
60676,236,47,30495.93531369
60677,236,48,31559.67855959
60678,236,49,5385.69276759
60679,236,50,27131.60063358
60680,236,51,3306.42728594
60681,236,52,2521.52092656
60682,236,53,3734.8504641
60683,236,54,3016.79713325
60684,236,55,18350.3887538
60685,236,56,5342.37001621
60686,236,57,10383.23922071
60687,236,58,8162.34869535
60688,236,59,3862.74918434
60689,236,60,932.88451584
60690,236,61,6852.29802161
60691,236,62,13068.61746945
60692,236,63,1728.38153601
60693,236,64,20537.75974889
60694,236,65,568.40012821
60695,236,66,6296.04550434
60696,236,67,8602.46188786
60697,236,68,7289.03996785
60698,236,69,35951.58596947
60699,236,70,13125.76424849
60700,236,71,45625.268379
60701,236,72,22362.29592835
60702,236,73,47171.20940303
60703,236,74,37493.18857277
60704,236,75,24545.42835656
60705,236,76,43615.159636
60706,236,77,48157.99582604
60707,236,78,48867.74333747
60708,236,79,26879.18374246
60709,236,80,41630.78132455
60710,236,81,40238.46307018
60711,236,82,29609.68218654
60712,236,83,7410.47433141
60713,236,84,42690.71059729
60714,236,85,32011.00775986
60715,236,86,6748.48245781
60716,236,87,10856.05694749
60717,236,88,6365.40194732
60718,236,89,8798.94215275
60719,236,90,1382.06910202
60720,236,91,4735.85839238
60721,236,92,2301.49531803
60722,236,93,11858.79859696
60723,236,94,9508.04108862
60724,236,95,3093.39253811
60725,236,96,9404.80995903
60726,236,97,13729.2378018
60727,236,98,12503.64153119
60728,236,99,9108.55442893
60729,236,100,7911.38980916
60730,236,101,5789.83318865
60731,236,102,9283.97493603
60732,236,103,14835.59378365
60733,236,104,5468.09308094
60734,236,105,1133.70108416
60735,236,106,10974.94374809
60736,236,107,3763.98045249
60737,236,108,11131.24922177
60738,236,109,4076.53280381
60739,236,110,14013.16700424
60740,236,111,7836.89062357
60741,236,112,11245.13386817
60742,236,113,15102.56671725
60743,236,114,5335.01173611
60744,236,115,17564.30760907
60745,236,116,4777.97143877
60746,236,117,12434.69930014
60747,236,118,11648.00325713
60748,236,119,19319.60505765
60749,236,120,9669.68080496
60750,236,121,13102.37473901
60751,236,122,12424.09789104
60752,236,123,5609.4067622
60753,236,124,6866.60926308
60754,236,125,4132.04072608
60755,236,126,10331.5224653
60756,236,127,3673.99056933
60757,236,128,13847.87654249
60758,236,129,4322.67162118
60759,236,130,9528.95764702
60760,236,131,15452.90928914
60761,236,132,7678.13708343
60762,236,133,16129.7528226
60763,236,134,22078.42114159
60764,236,135,18190.37271063
60765,236,136,15693.54468282
60766,236,137,11410.86453801
60767,236,138,12355.15976223
60768,236,139,17031.25980282
60769,236,140,13690.20298036
60770,236,141,13869.44326735
60771,236,142,21019.83611524
60772,236,143,23162.59551639
60773,236,144,19434.30274624
60774,236,145,21984.03042879
60775,236,146,12085.0332184
60776,236,147,7224.15878269
60777,236,148,11207.87160328
60778,236,149,3850.74074135
60779,236,150,16313.59174587
60780,236,151,7923.8007563
60781,236,152,10847.05094279
60782,236,153,7439.09448622
60783,236,154,6261.16904923
60784,236,155,12919.81164328
60785,236,156,3644.85070043
60786,236,157,4796.44145747
60787,236,158,17728.0255631
60788,236,159,4560.05358594
60789,236,160,14576.76235699
60790,236,161,12038.73227838
60791,236,162,11693.09371714
60792,236,163,1994.74352467
60793,236,164,10376.36274598
60794,236,165,2429.88653589
60795,236,166,2298.92552127
60796,236,167,6997.18347657
60797,236,168,31783.38419923
60798,236,169,29542.87535566
60799,236,170,30470.51640304
60800,236,171,33098.20364512
60801,236,172,31806.99265231
60802,236,173,32424.24740081
60803,236,174,33724.27174193
60804,236,175,33172.90961666
60805,236,176,34228.2959487
60806,236,177,31875.60178857
60807,236,178,18008.84806467
60808,236,179,13544.21845705
60809,236,180,20117.65860642
60810,236,181,25229.07693093
60811,236,182,28905.01572947
60812,236,183,33438.96262072
60813,236,184,22357.24156959
60814,236,185,15502.65149287
60815,236,186,27854.71653715
60816,236,187,32152.02468869
60817,236,188,35968.97569921
60818,236,189,33421.15465251
60819,236,190,32576.36602959
60820,236,191,33143.93513765
60821,236,192,34232.03120619
60822,236,193,33079.47028614
60823,236,194,32828.49216612
60824,236,195,33621.1873759
60825,236,196,36470.03956991
60826,236,197,33564.3657978
60827,236,198,15449.54568768
60828,236,199,18408.87341373
60829,236,200,44875.44502612
60830,236,201,30296.76527706
60831,236,202,54120.77564089
60832,236,203,49488.48593068
60833,236,204,41466.51020118
60834,236,205,33809.50200827
60835,236,206,26630.13777757
60836,236,207,57804.98582886
60837,236,208,20873.82456775
60838,236,209,3793.09814503
60839,236,210,1641.30551324
60840,236,211,8547.49339358
60841,236,212,44104.93649575
60842,236,213,51618.56615209
60843,236,214,35320.45994397
60844,236,215,17923.84090694
60845,236,216,7041.68066277
60846,236,217,12500.56307489
60847,236,218,14198.16949251
60848,236,219,42546.94793751
60849,236,220,46762.75398121
60850,236,221,9884.27555713
60851,236,222,25776.52656552
60852,236,223,4187.18832537
60853,236,224,51395.18645914
60854,236,225,9181.73566143
60855,236,226,31533.4699351
60856,236,227,20180.86933807
60857,236,228,53479.58949575
60858,236,229,37548.3716518
60859,236,230,39873.40769549
60860,236,231,850.15463557
60861,236,232,1217.30151505
60862,236,233,450.80843644
60863,236,234,2495.9478233
60864,236,235,1704.57319785
60865,236,236,0.0
60866,236,237,2192.79833563
60867,236,238,26940.71066831
60868,236,239,18396.37541964
60869,236,240,25704.37756377
60870,236,241,8527.90445243
60871,236,242,14400.30035202
60872,236,243,6692.9612302
60873,236,244,22655.66748643
60874,236,245,21685.23168609
60875,236,246,23673.09620555
60876,236,247,18905.30660557
60877,236,248,20742.43589856
60878,236,249,26348.21776512
60879,236,250,25743.0124847
60880,236,251,17792.01478662
60881,236,252,9636.30969387
60882,236,253,6212.19287195
60883,236,254,24394.06365338
60884,236,255,24962.03204565
60885,236,256,25371.89911661
60886,236,257,19449.12151822
60887,236,258,12482.6069135
60888,237,1,3958.58434665
60889,237,2,11028.93140399
60890,237,3,4999.56849121
60891,237,4,8520.85192383
60892,237,5,10432.27292496
60893,237,6,9727.44933836
60894,237,7,577.53346741
60895,237,8,7009.7745552
60896,237,9,6159.58225109
60897,237,10,2098.37222318
60898,237,11,259.41585858
60899,237,12,1689.13942723
60900,237,13,3036.94565664
60901,237,14,8886.89429347
60902,237,15,7932.84820045
60903,237,16,11845.06125149
60904,237,17,8671.56527267
60905,237,18,8172.12560685
60906,237,19,6190.34994688
60907,237,20,7513.6456185
60908,237,21,10710.63009814
60909,237,22,13666.93987233
60910,237,23,7316.34870733
60911,237,24,7039.56245989
60912,237,25,6478.45215912
60913,237,26,11239.87748297
60914,237,27,9793.75288342
60915,237,28,7463.96637651
60916,237,29,10100.50635
60917,237,30,7800.24202063
60918,237,31,6370.35905562
60919,237,32,6214.27801818
60920,237,33,12276.41510397
60921,237,34,7246.51951315
60922,237,35,6228.89822153
60923,237,36,15918.50859542
60924,237,37,16689.62799137
60925,237,38,6605.68913153
60926,237,39,7895.73267709
60927,237,40,17601.31377595
60928,237,41,10399.22629314
60929,237,42,5970.18906058
60930,237,43,22772.96487862
60931,237,44,10013.07465394
60932,237,45,4899.98618232
60933,237,46,7270.44217481
60934,237,47,28307.84097666
60935,237,48,29370.16702748
60936,237,49,3199.90285456
60937,237,50,24950.7430447
60938,237,51,1113.80578388
60939,237,52,795.34126178
60940,237,53,5922.94094435
60941,237,54,1625.06549659
60942,237,55,20503.42612657
60943,237,56,3680.45680926
60944,237,57,12574.98247845
60945,237,58,10352.59370059
60946,237,59,2390.16689492
60947,237,60,1353.21956042
60948,237,61,4804.05832084
60949,237,62,15260.07109905
60950,237,63,3894.7770742
60951,237,64,22643.94163548
60952,237,65,2753.66073317
60953,237,66,8481.53373951
60954,237,67,10244.45230442
60955,237,68,8933.54028255
60956,237,69,37838.78102813
60957,237,70,14760.44817745
60958,237,71,47519.9994945
60959,237,72,24089.12011121
60960,237,73,49037.93939043
60961,237,74,39375.79640893
60962,237,75,26293.96026406
60963,237,76,45524.25925826
60964,237,77,49921.04769236
60965,237,78,50697.65529026
60966,237,79,28654.78370217
60967,237,80,43515.85794151
60968,237,81,42137.42465522
60969,237,82,31492.29190825
60970,237,83,7333.3573572
60971,237,84,44586.57581509
60972,237,85,33896.01811893
60973,237,86,6973.97971619
60974,237,87,12492.82272995
60975,237,88,7231.63914805
60976,237,89,8487.58537863
60977,237,90,1620.89832105
60978,237,91,3867.55153147
60979,237,92,2705.68295221
60980,237,93,11991.11939579
60981,237,94,9365.62174983
60982,237,95,1759.57735268
60983,237,96,9861.86158004
60984,237,97,14012.48777676
60985,237,98,12867.06278759
60986,237,99,8518.97905405
60987,237,100,8292.37764216
60988,237,101,4955.17794059
60989,237,102,8836.71645315
60990,237,103,15139.66893084
60991,237,104,5595.59460156
60992,237,105,1633.48430863
60993,237,106,10864.20124863
60994,237,107,2799.58042297
60995,237,108,11605.37894766
60996,237,109,4427.09393325
60997,237,110,12818.49380309
60998,237,111,5816.21552518
60999,237,112,10923.35547932
61000,237,113,14126.25834235
61001,237,114,3148.5300758
61002,237,115,16818.99084102
61003,237,116,4930.93522988
61004,237,117,11792.66459211
61005,237,118,10054.93611328
61006,237,119,18683.168604
61007,237,120,7767.09932339
61008,237,121,12382.82373467
61009,237,122,11000.15946432
61010,237,123,5706.42162518
61011,237,124,7137.71909739
61012,237,125,2724.22512404
61013,237,126,8558.84253902
61014,237,127,4039.94745272
61015,237,128,13055.307619
61016,237,129,2479.12440496
61017,237,130,9673.98831471
61018,237,131,14649.33583089
61019,237,132,8051.70048719
61020,237,133,15390.99568926
61021,237,134,24046.45593039
61022,237,135,20117.81626875
61023,237,136,17686.19343455
61024,237,137,13475.36358374
61025,237,138,14274.15252168
61026,237,139,18980.25801311
61027,237,140,15837.48753622
61028,237,141,16058.4856322
61029,237,142,23019.35336282
61030,237,143,25081.120581
61031,237,144,21419.41306518
61032,237,145,23844.65194997
61033,237,146,14248.54298819
61034,237,147,8060.88077734
61035,237,148,10056.62137726
61036,237,149,5379.81753931
61037,237,150,14713.08541662
61038,237,151,8000.74820734
61039,237,152,9834.39667324
61040,237,153,8036.90116221
61041,237,154,7493.31023762
61042,237,155,11316.18589026
61043,237,156,4947.29293991
61044,237,157,6049.66771505
61045,237,158,16051.50524801
61046,237,159,5664.7415113
61047,237,160,12978.72357361
61048,237,161,10583.47848418
61049,237,162,10350.93365893
61050,237,163,4020.09610709
61051,237,164,9499.76983823
61052,237,165,4300.16524767
61053,237,166,4005.00081716
61054,237,167,8036.44605982
61055,237,168,29662.73158232
61056,237,169,27399.87652376
61057,237,170,28345.4418183
61058,237,171,30985.22546541
61059,237,172,29762.98125721
61060,237,173,30359.50408115
61061,237,174,31638.87847403
61062,237,175,31214.67753729
61063,237,176,32345.75875545
61064,237,177,29862.98955493
61065,237,178,18525.2254169
61066,237,179,14036.78960468
61067,237,180,20590.80638258
61068,237,181,25348.03512975
61069,237,182,28829.62492
61070,237,183,33341.97600201
61071,237,184,22651.83291942
61072,237,185,15938.38802789
61073,237,186,27851.73734781
61074,237,187,32046.49897748
61075,237,188,34049.72129869
61076,237,189,31732.94094548
61077,237,190,31309.61786674
61078,237,191,31580.33862201
61079,237,192,32376.12141369
61080,237,193,31572.96444222
61081,237,194,31434.46358155
61082,237,195,31839.30580538
61083,237,196,34479.3962229
61084,237,197,32375.81486856
61085,237,198,13258.26309976
61086,237,199,16216.10247312
61087,237,200,42926.33077518
61088,237,201,28189.3467348
61089,237,202,52256.60627275
61090,237,203,47595.79278498
61091,237,204,39488.48094893
61092,237,205,31800.73525276
61093,237,206,24475.19366224
61094,237,207,55911.51433129
61095,237,208,18698.63685854
61096,237,209,5837.67240527
61097,237,210,741.9857406
61098,237,211,10718.2899855
61099,237,212,46096.18000389
61100,237,213,53578.52296916
61101,237,214,34187.57640545
61102,237,215,17030.61261688
61103,237,216,6732.64166341
61104,237,217,11634.23095022
61105,237,218,13430.31715874
61106,237,219,41691.17891271
61107,237,220,45965.55553808
61108,237,221,8822.63482233
61109,237,222,24555.04131713
61110,237,223,4004.43553109
61111,237,224,50658.28730941
61112,237,225,8573.13039173
61113,237,226,30315.81815937
61114,237,227,19096.73857173
61115,237,228,52777.76020318
61116,237,229,36530.03084568
61117,237,230,38934.78188676
61118,237,231,1344.95587153
61119,237,232,977.3361661
61120,237,233,1744.32845246
61121,237,234,306.58174038
61122,237,235,488.67083989
61123,237,236,2192.79833563
61124,237,237,0.0
61125,237,238,28298.49667648
61126,237,239,19234.9148318
61127,237,240,26866.72944273
61128,237,241,9538.62149335
61129,237,242,15288.93619027
61130,237,243,8184.05399219
61131,237,244,23622.0225568
61132,237,245,22694.09589114
61133,237,246,24604.25780292
61134,237,247,19869.65104821
61135,237,248,21751.79214563
61136,237,249,27566.75661548
61137,237,250,27160.86011042
61138,237,251,18508.54167932
61139,237,252,10780.34584153
61140,237,253,8025.23699597
61141,237,254,25375.34210456
61142,237,255,26032.8792468
61143,237,256,26869.49976389
61144,237,257,20494.62773797
61145,237,258,13495.21024331
61146,238,1,25073.51753732
61147,238,2,17482.94750691
61148,238,3,24352.51146761
61149,238,4,21429.16187618
61150,238,5,18260.00337416
61151,238,6,19332.26894248
61152,238,7,28875.96697943
61153,238,8,22917.33754921
61154,238,9,23471.76006863
61155,238,10,29776.53384649
61156,238,11,28087.36386045
61157,238,12,26801.96390175
61158,238,13,25596.94668381
61159,238,14,20599.86255
61160,238,15,22379.05479832
61161,238,16,16481.17858577
61162,238,17,30926.98789371
61163,238,18,29874.56460281
61164,238,19,22335.24660865
61165,238,20,26014.65016256
61166,238,21,33496.28524765
61167,238,22,18432.4862581
61168,238,23,21878.68992403
61169,238,24,21405.58653183
61170,238,25,24524.84543778
61171,238,26,19885.88159115
61172,238,27,32283.18416888
61173,238,28,27263.73066596
61174,238,29,20782.86760287
61175,238,30,28854.74739657
61176,238,31,21951.45328615
61177,238,32,23999.54996554
61178,238,33,35062.67699834
61179,238,34,24869.46137503
61180,238,35,22733.45886552
61181,238,36,17082.78871888
61182,238,37,16231.30518606
61183,238,38,21700.3380949
61184,238,39,21774.12822845
61185,238,40,40616.26734252
61186,238,41,34157.34063674
61187,238,42,32617.77999496
61188,238,43,45015.11327324
61189,238,44,34424.89087541
61190,238,45,31429.97405183
61191,238,46,33622.68395987
61192,238,47,50464.92954653
61193,238,48,51560.18509367
61194,238,49,30679.87766213
61195,238,50,46995.47602948
61196,238,51,29008.9426866
61197,238,52,29022.52994275
61198,238,53,24642.46512665
61199,238,54,29760.20015362
61200,238,55,25424.14547644
61201,238,56,31978.5601662
61202,238,57,22046.83540889
61203,238,58,22634.09113419
61204,238,59,30611.39964279
61205,238,60,27221.42667108
61206,238,61,32721.69621453
61207,238,62,22360.13669549
61208,238,63,25643.84787097
61209,238,64,27909.06871457
61210,238,65,26528.34055833
61211,238,66,23215.59828232
61212,238,67,29628.96373767
61213,238,68,29149.8717815
61214,238,69,43021.82256114
61215,238,70,31654.27502793
61216,238,71,50696.46040758
61217,238,72,35988.70190391
61218,238,73,52618.63570788
61219,238,74,44318.30718251
61220,238,75,37131.32977053
61221,238,76,48693.30308047
61222,238,77,55510.2185419
61223,238,78,54841.71026796
61224,238,79,38330.92655807
61225,238,80,47589.24100467
61226,238,81,46157.88926352
61227,238,82,38425.06141962
61228,238,83,33762.01259541
61229,238,84,48225.3727501
61230,238,85,40100.77257709
61231,238,86,32800.18508514
61232,238,87,30578.24549004
61233,238,88,31346.34242735
61234,238,89,35290.60515351
61235,238,90,26709.12283591
61236,238,91,25928.90197113
61237,238,92,29108.4635431
61238,238,93,19099.15649021
61239,238,94,21576.47574462
61240,238,95,27262.59027711
61241,238,96,34507.56117981
61242,238,97,38552.7531618
61243,238,98,37284.1410923
61244,238,99,23550.95312194
61245,238,100,33482.12635399
61246,238,101,25477.26431078
61247,238,102,22905.04586695
61248,238,103,39446.77290042
61249,238,104,31860.735032
61250,238,105,28066.07538678
61251,238,106,20705.67378295
61252,238,107,26473.90668835
61253,238,108,35846.02199109
61254,238,109,30520.73398391
61255,238,110,40953.64303314
61256,238,111,33720.99628328
61257,238,112,21599.63856175
61258,238,113,41986.24445578
61259,238,114,30187.49995329
61260,238,115,44224.19614923
61261,238,116,23841.66784673
61262,238,117,23002.25772062
61263,238,118,38346.74848607
61264,238,119,45798.14937606
61265,238,120,35817.97900534
61266,238,121,23380.69779006
61267,238,122,39281.75661677
61268,238,123,23324.0978005
61269,238,124,21974.89785469
61270,238,125,27212.05690748
61271,238,126,36761.3689316
61272,238,127,24408.39220283
61273,238,128,23801.54453703
61274,238,129,28205.73270635
61275,238,130,20466.01762931
61276,238,131,42208.98336084
61277,238,132,21079.57206004
61278,238,133,42809.1626272
61279,238,134,12059.97591627
61280,238,135,12554.9524653
61281,238,136,14846.14114096
61282,238,137,26403.56871696
61283,238,138,28615.28068441
61284,238,139,13479.46974494
61285,238,140,18872.74926391
61286,238,141,20909.8163227
61287,238,142,12988.30285029
61288,238,143,10772.53538764
61289,238,144,13079.87598203
61290,238,145,9841.4200148
61291,238,146,24160.38941636
61292,238,147,20413.90903897
61293,238,148,25982.661555
61294,238,149,23096.17052946
61295,238,150,30512.97510303
61296,238,151,21751.8629435
61297,238,152,25221.80247676
61298,238,153,20719.38874353
61299,238,154,20808.3676317
61300,238,155,29236.31365075
61301,238,156,28936.72913135
61302,238,157,22266.54446438
61303,238,158,31901.63757421
61304,238,159,29769.11021252
61305,238,160,29785.78822467
61306,238,161,27948.79855264
61307,238,162,27160.41502318
61308,238,163,26878.925263
61309,238,164,24562.95861006
61310,238,165,24554.93930305
61311,238,166,27715.39752226
61312,238,167,20298.03693287
61313,238,168,48822.84207344
61314,238,169,47571.94006161
61315,238,170,47828.45708446
61316,238,171,49736.17679345
61317,238,172,46993.4222649
61318,238,173,47964.35761325
61319,238,174,49553.3419759
61320,238,175,46412.64018111
61321,238,176,45911.33932688
61322,238,177,46401.83668833
61323,238,178,41419.56006174
61324,238,179,37759.24770878
61325,238,180,43418.60517755
61326,238,181,49466.0003692
61327,238,182,53643.97242691
61328,238,183,58063.15546946
61329,238,184,46144.86956727
61330,238,185,39589.97849447
61331,238,186,52385.63090914
61332,238,187,56858.61713491
61333,238,188,61392.92958222
61334,238,189,59843.93229624
61335,238,190,59516.66412032
61336,238,191,59840.92838406
61337,238,192,60028.45623733
61338,238,193,59862.87813454
61339,238,194,59723.19845474
61340,238,195,59740.9794483
61341,238,196,61370.75655075
61342,238,197,60495.60005065
61343,238,198,37890.61513921
61344,238,199,40715.09322806
61345,238,200,69966.68679769
61346,238,201,54115.02354314
61347,238,202,79693.51852147
61348,238,203,74922.35297761
61349,238,204,66378.70394608
61350,238,205,58615.93993169
61351,238,206,49785.78304048
61352,238,207,83166.31663026
61353,238,208,43968.32326654
61354,238,209,26551.97725257
61355,238,210,28243.42207033
61356,238,211,24234.28769178
61357,238,212,47047.594392
61358,238,213,54244.48980002
61359,238,214,62227.44052284
61360,238,215,44726.86221917
61361,238,216,33664.62220918
61362,238,217,39347.95895783
61363,238,218,40943.72427348
61364,238,219,69119.48239154
61365,238,220,73203.09636726
61366,238,221,36821.56056426
61367,238,222,52716.63336479
61368,238,223,30980.69794392
61369,238,224,77677.25584601
61370,238,225,35928.96299946
61371,238,226,58471.76523178
61372,238,227,47092.40895731
61373,238,228,79664.1542096
61374,238,229,64362.31227192
61375,238,230,66585.1480962
61376,238,231,27492.18934356
61377,238,232,27715.70214527
61378,238,233,27242.41609712
61379,238,234,28456.98585567
61380,238,235,28001.20539111
61381,238,236,26940.71066831
61382,238,237,28298.49667648
61383,238,238,0.0
61384,238,239,10805.69758311
61385,238,240,3224.82084656
61386,238,241,18853.73861159
61387,238,242,13751.82210261
61388,238,243,20247.78211616
61389,238,244,6966.39572339
61390,238,245,7175.43292201
61391,238,246,6853.62465999
61392,238,247,9587.54183969
61393,238,248,7851.09233479
61394,238,249,2241.55121707
61395,238,250,1509.55398022
61396,238,251,12061.59576622
61397,238,252,17549.81061517
61398,238,253,20966.73539928
61399,238,254,5992.5753193
61400,238,255,4683.98464242
61401,238,256,2709.80653298
61402,238,257,8637.38731009
61403,238,258,15071.52632875
61404,239,1,15533.45878536
61405,239,2,8330.48257057
61406,239,3,14643.75889903
61407,239,4,11313.75421558
61408,239,5,8814.96134765
61409,239,6,9558.79018764
61410,239,7,19792.45394318
61411,239,8,12909.489525
61412,239,9,13603.66064836
61413,239,10,20329.23483658
61414,239,11,18992.76567754
61415,239,12,17588.48779352
61416,239,13,16267.17505299
61417,239,14,10627.50040276
61418,239,15,12211.90518972
61419,239,16,7984.39234642
61420,239,17,20391.59956105
61421,239,18,19355.12250112
61422,239,19,13045.24804451
61423,239,20,15562.0772979
61424,239,21,22883.86349022
61425,239,22,14222.94282875
61426,239,23,14349.6262874
61427,239,24,13168.68374444
61428,239,25,14359.86202694
61429,239,26,14345.63856317
61430,239,27,21695.46276052
61431,239,28,16792.51269722
61432,239,29,14738.2243012
61433,239,30,18352.15691133
61434,239,31,13013.3432351
61435,239,32,13985.8510709
61436,239,33,24398.32347948
61437,239,34,14518.19634727
61438,239,35,13124.42308895
61439,239,36,14257.83913213
61440,239,37,13875.13121702
61441,239,38,13055.64346939
61442,239,39,14618.09521611
61443,239,40,29868.1344329
61444,239,41,23617.75043263
61445,239,42,22645.94258658
61446,239,43,34213.7722176
61447,239,44,23953.29179282
61448,239,45,21520.54275887
61449,239,46,23521.2437094
61450,239,47,39659.7528
61451,239,48,40755.52395606
61452,239,49,21083.39950734
61453,239,50,36189.92075958
61454,239,51,19719.09319559
61455,239,52,20017.96542018
61456,239,53,17212.88060795
61457,239,54,20826.47728998
61458,239,55,24155.7758689
61459,239,56,22828.62707144
61460,239,57,17531.62888994
61461,239,58,17036.49626316
61462,239,59,21624.91432008
61463,239,60,18411.56965502
61464,239,61,23153.97994827
61465,239,62,19159.52540758
61466,239,63,17521.46374489
61467,239,64,26998.81503446
61468,239,65,18120.26436129
61469,239,66,16760.7093884
61470,239,67,23559.71372242
61471,239,68,22699.54927401
61472,239,69,43690.71619304
61473,239,70,26812.24810638
61474,239,71,52498.97213255
61475,239,72,33542.53600919
61476,239,73,54344.18340731
61477,239,74,45153.47558918
61478,239,75,35199.56083171
61479,239,76,50414.65301108
61480,239,77,56585.91726625
61481,239,78,56436.03278309
61482,239,79,36948.17988801
61483,239,80,48920.24771366
61484,239,81,47439.69801704
61485,239,82,38105.14338507
61486,239,83,25744.30298541
61487,239,84,49749.32546186
61488,239,85,40187.7946568
61489,239,86,24951.87386976
61490,239,87,25136.54519278
61491,239,88,23948.2332464
61492,239,89,27180.45947537
61493,239,90,17785.33400394
61494,239,91,16199.35281668
61495,239,92,20694.3810588
61496,239,93,8498.1685679
61497,239,94,11180.91266675
61498,239,95,17881.0479203
61499,239,96,27215.47026336
61500,239,97,31534.02781764
61501,239,98,30250.89050268
61502,239,99,13087.48203913
61503,239,100,25915.78042559
61504,239,101,15538.42560887
61505,239,102,12446.07955527
61506,239,103,32563.6023199
61507,239,104,23783.82764277
61508,239,105,19436.11967356
61509,239,106,10115.94736887
61510,239,107,16945.29331983
61511,239,108,28795.97613327
61512,239,109,22380.58653494
61513,239,110,32039.42063878
61514,239,111,24099.42873814
61515,239,112,10925.56975215
61516,239,113,33349.89307808
61517,239,114,20519.85616284
61518,239,115,35939.74982217
61519,239,116,14378.61777315
61520,239,117,12217.67615876
61521,239,118,29002.62337184
61522,239,119,37715.37353748
61523,239,120,26207.61473854
61524,239,121,12577.58188
61525,239,122,30112.14197111
61526,239,123,13701.31540204
61527,239,124,12254.44080804
61528,239,125,17586.29273001
61529,239,126,27264.58349681
61530,239,127,15194.96776382
61531,239,128,12998.14528835
61532,239,129,18570.24634132
61533,239,130,10221.23940994
61534,239,131,33803.6743217
61535,239,132,11314.64240641
61536,239,133,34504.77074083
61537,239,134,15301.29517576
61538,239,135,12680.87121828
61539,239,136,13107.23533666
61540,239,137,22002.7479459
61541,239,138,24190.92791297
61542,239,139,12679.3379586
61543,239,140,16102.46397203
61544,239,141,18211.02176021
61545,239,142,15340.7575265
61546,239,143,15027.04148563
61547,239,144,14253.29144209
61548,239,145,13323.43202064
61549,239,146,20336.69943295
61550,239,147,11213.35537583
61551,239,148,15266.58844755
61552,239,149,14691.16362793
61553,239,150,19719.78770877
61554,239,151,11730.02357219
61555,239,152,14530.08050187
61556,239,153,11206.63885653
61557,239,154,12203.27368987
61558,239,155,18468.91356742
61559,239,156,21212.20357608
61560,239,157,13627.87154931
61561,239,158,21130.57255029
61562,239,159,22156.46932635
61563,239,160,18981.67956118
61564,239,161,17203.84819188
61565,239,162,16424.41221921
61566,239,163,18951.35157464
61567,239,164,13915.8779358
61568,239,165,16280.21260667
61569,239,166,19789.24563127
61570,239,167,11401.99141531
61571,239,168,38121.70345873
61572,239,169,36806.28007583
61573,239,170,37098.71365143
61574,239,171,39073.15294528
61575,239,172,36425.70515592
61576,239,173,37376.1229021
61577,239,174,38958.19071788
61578,239,175,36060.12983897
61579,239,176,35773.60932242
61580,239,177,35893.3984349
61581,239,178,35196.45903221
61582,239,179,31023.31743766
61583,239,180,37307.37706231
61584,239,181,42979.90494317
61585,239,182,46905.58342577
61586,239,183,51432.18786037
61587,239,184,39849.02809262
61588,239,185,32977.79194471
61589,239,186,45762.84625991
61590,239,187,50166.5666087
61591,239,188,51056.92081159
61592,239,189,49959.47974102
61593,239,190,50424.62076564
61594,239,191,50188.9441022
61595,239,192,49828.03019095
61596,239,193,50317.39739604
61597,239,194,50389.67064012
61598,239,195,49682.82548038
61599,239,196,50900.48156738
61600,239,197,51551.66154151
61601,239,198,27330.97411578
61602,239,199,30080.76913383
61603,239,200,59494.08486614
61604,239,201,43506.31006688
61605,239,202,69313.71970381
61606,239,203,64518.34991174
61607,239,204,55882.5992644
61608,239,205,48143.83730896
61609,239,206,39130.71216065
61610,239,207,72713.98803807
61611,239,208,33371.54155271
61612,239,209,19241.78916366
61613,239,210,19370.96463417
61614,239,211,18854.21587396
61615,239,212,49526.95478864
61616,239,213,57108.59941661
61617,239,214,53392.33462084
61618,239,215,36233.50588931
61619,239,216,25433.984992
61620,239,217,30812.85525987
61621,239,218,32559.71834402
61622,239,219,60894.89809073
61623,239,220,65138.35683487
61624,239,221,28051.1157534
61625,239,222,43726.4810294
61626,239,223,22583.29363962
61627,239,224,69787.33771691
61628,239,225,27566.98350315
61629,239,226,49475.28397476
61630,239,227,38329.28448955
61631,239,228,71875.59374463
61632,239,229,55764.19996871
61633,239,230,58164.41422588
61634,239,231,18740.46663669
61635,239,232,18875.81646735
61636,239,233,18588.32009283
61637,239,234,19323.59010413
61638,239,235,19046.29496663
61639,239,236,18396.37541964
61640,239,237,19234.9148318
61641,239,238,10805.69758311
61642,239,239,0.0
61643,239,240,8339.32010974
61644,239,241,9875.62209866
61645,239,242,3999.88338205
61646,239,243,12150.94922994
61647,239,244,4529.16718174
61648,239,245,3804.34211851
61649,239,246,5418.96697259
61650,239,247,1331.26535621
61651,239,248,2979.2438025
61652,239,249,9272.69921652
61653,239,250,10297.82498204
61654,239,251,1285.72529364
61655,239,252,8896.12228041
61656,239,253,13463.53589503
61657,239,254,6269.61240897
61658,239,255,7168.20154923
61659,239,256,10780.27208254
61660,239,257,2333.61871801
61661,239,258,5996.78001697
61662,240,1,23410.2143155
61663,240,2,15860.654024
61664,240,3,22606.71333261
61665,240,4,19462.7949214
61666,240,5,16546.94719755
61667,240,6,17504.05281877
61668,240,7,27440.21138686
61669,240,8,21016.64867532
61670,240,9,21643.92194037
61671,240,10,28187.31211793
61672,240,11,26640.94531421
61673,240,12,25294.98686423
61674,240,13,24030.04939412
61675,240,14,18697.01468111
61676,240,15,20391.87247283
61677,240,16,15050.9707208
61678,240,17,28721.08659333
61679,240,18,27680.8341954
61680,240,19,20750.27092021
61681,240,20,23866.18937793
61682,240,21,31222.85553584
61683,240,22,18409.76842928
61684,240,23,20927.6474311
61685,240,24,20201.21714029
61686,240,25,22550.44357526
61687,240,26,19515.08805483
61688,240,27,30032.62791844
61689,240,28,25103.94647791
61690,240,29,20283.65261927
61691,240,30,26673.32209823
61692,240,31,20500.00114621
61693,240,32,22103.05910421
61694,240,33,32735.71625466
61695,240,34,22786.02640153
61696,240,35,21018.07670649
61697,240,36,17409.28554314
61698,240,37,16652.2287412
61699,240,38,20354.85328132
61700,240,39,20944.86180335
61701,240,40,38175.63728672
61702,240,41,31949.69795597
61703,240,42,30780.12021038
61704,240,43,42436.37764644
61705,240,44,32272.49639585
61706,240,45,29622.13669346
61707,240,46,31714.3964359
61708,240,47,47816.68206814
61709,240,48,48904.38894985
61710,240,49,29025.81418715
61711,240,50,44375.15854723
61712,240,51,27485.42768618
61713,240,52,27620.9529614
61714,240,53,23777.81429179
61715,240,54,28393.51462435
61716,240,55,26450.72293725
61717,240,56,30534.28467972
61718,240,57,22052.60192026
61719,240,58,22323.45773262
61720,240,59,29228.65350285
61721,240,60,25883.96202167
61722,240,61,31090.52041778
61723,240,62,22764.97816627
61724,240,63,24549.86455838
61725,240,64,29077.37757531
61726,240,65,25339.38392076
61727,240,66,22646.97062385
61728,240,67,29291.44100231
61729,240,68,28680.96354178
61730,240,69,44750.05472231
61731,240,70,31732.10081289
61732,240,71,52737.04962885
61733,240,72,36826.46104515
61734,240,73,54648.2662583
61735,240,74,46095.44238023
61736,240,75,38124.94557655
61737,240,76,50706.69265579
61738,240,77,57394.59331051
61739,240,78,56848.08548431
61740,240,79,39486.88388111
61741,240,80,49504.36895853
61742,240,81,48054.36233887
61743,240,82,39867.59812218
61744,240,83,32785.96199734
61745,240,84,50189.76575731
61746,240,85,41661.93067955
61747,240,86,31880.33999024
61748,240,87,30454.58661172
61749,240,88,30577.10619591
61750,240,89,34289.59380014
61751,240,90,25321.0823242
61752,240,91,24184.77734274
61753,240,92,27943.53203044
61754,240,93,16825.85836349
61755,240,94,19453.13766648
61756,240,95,25686.61416043
61757,240,96,33803.41297574
61758,240,97,37974.38850605
61759,240,98,36692.23728965
61760,240,99,21389.41657385
61761,240,100,32671.16466109
61762,240,101,23627.77480054
61763,240,102,20744.89462078
61764,240,103,38921.85260113
61765,240,104,30847.87662709
61766,240,105,26807.68184786
61767,240,106,18444.55191832
61768,240,107,24826.5715677
61769,240,108,35237.8986216
61770,240,109,29472.76248559
61771,240,110,39651.86068402
61772,240,111,32067.68390906
61773,240,112,19264.88776404
61774,240,113,40806.8409978
61775,240,114,28496.89111476
61776,240,115,43197.61274923
61777,240,116,22201.05449842
61778,240,117,20512.86378731
61779,240,118,36842.35370912
61780,240,119,44857.80037194
61781,240,120,34177.49846813
61782,240,121,20826.94443184
61783,240,122,37860.7953455
61784,240,123,21608.43262009
61785,240,124,20202.21302098
61786,240,125,25525.09178242
61787,240,126,35179.32358336
61788,240,127,22878.97962393
61789,240,128,21182.4585786
61790,240,129,26520.18610301
61791,240,130,18424.16479655
61792,240,131,41125.81435361
61793,240,132,19277.31036587
61794,240,133,41769.19035532
61795,240,134,13871.51947907
61796,240,135,13467.44078687
61797,240,136,15367.70542445
61798,240,137,26539.78384437
61799,240,138,28780.78008177
61800,240,139,14185.30264293
61801,240,140,19292.37888231
61802,240,141,21419.8847449
61803,240,142,14597.90345571
61804,240,143,12798.03614171
61805,240,144,14348.03260132
61806,240,145,11555.7700712
61807,240,146,24424.9615864
61808,240,147,18836.1919598
61809,240,148,23598.9132542
61810,240,149,21861.97555775
61811,240,150,27831.27180743
61812,240,151,19835.34705967
61813,240,152,22867.40694924
61814,240,153,19021.09268642
61815,240,154,19460.67916245
61816,240,155,26771.37985198
61817,240,156,28026.27560641
61818,240,157,20932.92162386
61819,240,158,29169.04237015
61820,240,159,28907.65266845
61821,240,160,27207.77001714
61822,240,161,25523.3687805
61823,240,162,24748.98720434
61824,240,163,25871.42699798
61825,240,164,22254.97728299
61826,240,165,23390.38659758
61827,240,166,26718.39781483
61828,240,167,18833.78308642
61829,240,168,45978.0315416
61830,240,169,44805.07519665
61831,240,170,45013.66682508
61832,240,171,46858.58344053
61833,240,172,44058.42696468
61834,240,173,45039.6022215
61835,240,174,46630.80753784
61836,240,175,43388.43956312
61837,240,176,42828.4765381
61838,240,177,43438.13097042
61839,240,178,41134.26474759
61840,240,179,37274.63951484
61841,240,180,43182.6258379
61842,240,181,49129.97344972
61843,240,182,53234.14147554
61844,240,183,57704.93666542
61845,240,184,45860.08607093
61846,240,185,39160.35642079
61847,240,186,52012.57131143
61848,240,187,56475.20916853
61849,240,188,59355.9444253
61850,240,189,58096.40531242
61851,240,190,58176.07846393
61852,240,191,58222.07447174
61853,240,192,58085.88987353
61854,240,193,58300.01032725
61855,240,194,58267.07616451
61856,240,195,57889.7320229
61857,240,196,59228.75679433
61858,240,197,59224.88570974
61859,240,198,35666.80537004
61860,240,199,38419.65683876
61861,240,200,67823.85442758
61862,240,201,51845.51455164
61863,240,202,77627.22103675
61864,240,203,72836.35224694
61865,240,204,64215.32287764
61866,240,205,56471.95905598
61867,240,206,47466.82580822
61868,240,207,81041.84755749
61869,240,208,41710.69054094
61870,240,209,25757.64397692
61871,240,210,26889.92611383
61872,240,211,24027.50146446
61873,240,212,49230.13114891
61874,240,213,56538.63660328
61875,240,214,61008.54422889
61876,240,215,43616.67439965
61877,240,216,32606.45474791
61878,240,217,38199.89314524
61879,240,218,39864.05204783
61880,240,219,68174.16221937
61881,240,220,72329.39372848
61882,240,221,35564.38623346
61883,240,222,51411.7614179
61884,240,223,29838.13362532
61885,240,224,76880.32325136
61886,240,225,34833.52896916
61887,240,226,57173.94691788
61888,240,227,45875.21453244
61889,240,228,78910.31918395
61890,240,229,63251.27190076
61891,240,230,65553.64557451
61892,240,231,26180.40245476
61893,240,232,26370.76534538
61894,240,233,25966.634741
61895,240,234,26997.03035164
61896,240,235,26612.03740734
61897,240,236,25704.37756377
61898,240,237,26866.72944273
61899,240,238,3224.82084656
61900,240,239,8339.32010974
61901,240,240,0.0
61902,240,241,17328.78726775
61903,240,242,11789.65804779
61904,240,243,19066.56028117
61905,240,244,4034.30761614
61906,240,245,4537.40233876
61907,240,246,3708.91188941
61908,240,247,7287.20986775
61909,240,248,5387.87061949
61910,240,249,1054.23743074
61911,240,250,3807.2831634
61912,240,251,9514.71619264
61913,240,252,16104.20371382
61914,240,253,20003.32337683
61915,240,254,2797.68797651
61916,240,255,1482.28001844
61917,240,256,5053.50826378
61918,240,257,6475.09568223
61919,240,258,13393.34457535
61920,241,1,6250.37319116
61921,241,2,1545.38419232
61922,241,3,5643.21862106
61923,241,4,3921.97868653
61924,241,5,1380.50999725
61925,241,6,2035.13844637
61926,241,7,10111.60333935
61927,241,8,4754.67506324
61928,241,9,4997.34250465
61929,241,10,10923.8745026
61930,241,11,9312.16427088
61931,241,12,7975.56779445
61932,241,13,6744.60381862
61933,241,14,3039.57907218
61934,241,15,4713.2184055
61935,241,16,2399.33727297
61936,241,17,13209.76531695
61937,241,18,12179.19289704
61938,241,19,3485.66761222
61939,241,20,8495.7939441
61940,241,21,15903.17574651
61941,241,22,8780.56442422
61942,241,23,5042.1805329
61943,241,24,3453.34480504
61944,241,25,6443.9956948
61945,241,26,7260.5709505
61946,241,27,14664.07087048
61947,241,28,9650.08431411
61948,241,29,6913.12621648
61949,241,30,11186.89991389
61950,241,31,3182.86980108
61951,241,32,5693.49438196
61952,241,33,17613.5859136
61953,241,34,7205.58828096
61954,241,35,4029.49226195
61955,241,36,10371.28782165
61956,241,37,10706.62360772
61957,241,38,3183.88315439
61958,241,39,5613.85958705
61959,241,40,23432.19558831
61960,241,41,16281.46513015
61961,241,42,13899.10299922
61962,241,43,28369.88738942
61963,241,44,16354.73940701
61964,241,45,12686.75943888
61965,241,46,14994.18606906
61966,241,47,34041.46369143
61967,241,48,35150.43573274
61968,241,49,11831.46348086
61969,241,50,30517.24721632
61970,241,51,10176.07936581
61971,241,52,10297.08160017
61972,241,53,7677.18286076
61973,241,54,11079.09264185
61974,241,55,18912.65957022
61975,241,56,13206.09773351
61976,241,57,10546.90212608
61977,241,58,9071.56227996
61978,241,59,11907.02932139
61979,241,60,8598.17304549
61980,241,61,13868.28165669
61981,241,62,13087.05018357
61982,241,63,7682.69111965
61983,241,64,21668.59796084
61984,241,65,8244.66080438
61985,241,66,8026.72118219
61986,241,67,14452.94369552
61987,241,68,13411.54871448
61988,241,69,38419.30313273
61989,241,70,18314.33958116
61990,241,71,47825.01961244
61991,241,72,26360.43440564
61992,241,73,49547.16056649
61993,241,74,39953.26361936
61994,241,75,28310.38809968
61995,241,76,45744.14997623
61996,241,77,51192.75969859
61997,241,78,51469.18326341
61998,241,79,30382.68760557
61999,241,80,43977.93715302
62000,241,81,42513.84981962
62001,241,82,32317.40613849
62002,241,83,15871.34760354
62003,241,84,44937.17978239
62004,241,85,34614.51034434
62005,241,86,15095.77697571
62006,241,87,16338.2856354
62007,241,88,14198.14846531
62008,241,89,17304.90940404
62009,241,90,8008.07917333
62010,241,91,7179.26953698
62011,241,92,10822.3176572
62012,241,93,5199.74831438
62013,241,94,4976.36979843
62014,241,95,8410.17688891
62015,241,96,17451.39629758
62016,241,97,21798.25024286
62017,241,98,20524.0774691
62018,241,99,6550.01228913
62019,241,100,16100.10352432
62020,241,101,6936.69636671
62021,241,102,6071.11603708
62022,241,103,22855.59300248
62023,241,104,13911.19837933
62024,241,105,9585.36035046
62025,241,106,5532.06836411
62026,241,107,7632.99265998
62027,241,108,19081.23026644
62028,241,109,12507.40290232
62029,241,110,22340.43335497
62030,241,111,14869.53042297
62031,241,112,6499.86744307
62032,241,113,23561.05163915
62033,241,114,11354.00862935
62034,241,115,26088.01009711
62035,241,116,5012.63502098
62036,241,117,8500.21709431
62037,241,118,19533.35296199
62038,241,119,27846.48046145
62039,241,120,16964.45997289
62040,241,121,9269.44142735
62041,241,122,20532.62277125
62042,241,123,4596.9383751
62043,241,124,3474.80406202
62044,241,125,8390.19092828
62045,241,126,17914.01690894
62046,241,127,5565.67332821
62047,241,128,10104.61046624
62048,241,129,9377.40745995
62049,241,130,3858.31620501
62050,241,131,23965.67585805
62051,241,132,2837.93886897
62052,241,133,24653.08197898
62053,241,134,16680.86032997
62054,241,135,12725.6566721
62055,241,136,11048.70972529
62056,241,137,14292.47456921
62057,241,138,16211.23754702
62058,241,139,11843.45583435
62059,241,140,11432.07449538
62060,241,141,12894.87387422
62061,241,142,15951.02682804
62062,241,143,17342.98254285
62063,241,144,14345.95293746
62064,241,145,15834.23315008
62065,241,146,13409.72315472
62066,241,147,1577.75441019
62067,241,148,9801.45592111
62068,241,149,4837.11872217
62069,241,150,15706.8836426
62070,241,151,3884.99399897
62071,241,152,9014.45163075
62072,241,153,2136.45158221
62073,241,154,2360.14606387
62074,241,155,13028.60909527
62075,241,156,11413.31287844
62076,241,157,3753.06492278
62077,241,158,17322.38724826
62078,241,159,12373.04618244
62079,241,160,14277.96954416
62080,241,161,11679.51701441
62081,241,162,10933.42793904
62082,241,163,9136.23964886
62083,241,164,8210.06874743
62084,241,165,6427.87721534
62085,241,166,9961.76568949
62086,241,167,1531.88581592
62087,241,168,33876.20158005
62088,241,169,32046.50271695
62089,241,170,32671.09505052
62090,241,171,35044.22493644
62091,241,172,33013.53764983
62092,241,173,33822.91717429
62093,241,174,35309.36873965
62094,241,175,33553.51864158
62095,241,176,33982.79272043
62096,241,177,32778.2462093
62097,241,178,25678.88154834
62098,241,179,21379.32075021
62099,241,180,27804.03818126
62100,241,181,33301.99842148
62101,241,182,37146.23276848
62102,241,183,41680.42680567
62103,241,184,30252.74092119
62104,241,185,23349.86486569
62105,241,186,36034.59195393
62106,241,187,40405.8265765
62107,241,188,42784.75656983
62108,241,189,40999.44563966
62109,241,190,40848.19491735
62110,241,191,40992.80840702
62111,241,192,41307.78476583
62112,241,193,41031.05167929
62113,241,194,40950.703073
62114,241,195,40943.87159384
62115,241,196,42938.62700352
62116,241,197,41908.70017563
62117,241,198,19941.55634169
62118,241,199,22932.82706363
62119,241,200,51503.73054051
62120,241,201,36031.38356194
62121,241,202,61086.20479492
62122,241,203,56352.32158482
62123,241,204,47967.14466572
62124,241,205,40201.07504447
62125,241,206,31903.41202252
62126,241,207,64640.0998718
62127,241,208,25987.26729904
62128,241,209,9657.36392066
62129,241,210,9587.42616987
62130,241,211,10748.56154924
62131,241,212,45540.6624908
62132,241,213,53205.38260887
62133,241,214,43708.746133
62134,241,215,26417.90775956
62135,241,216,15560.13986059
62136,241,217,20991.7654968
62137,241,218,22715.42159573
62138,241,219,51063.37532875
62139,241,220,55288.20230757
62140,241,221,18283.26350307
62141,241,222,34090.58846049
62142,241,223,12714.66687667
62143,241,224,59922.99843984
62144,241,225,17707.61302473
62145,241,226,39852.14193943
62146,241,227,28592.44087982
62147,241,228,62005.60956002
62148,241,229,46007.17673226
62149,241,230,48366.61063489
62150,241,231,8912.6507151
62151,241,232,9076.34568035
62152,241,233,8736.89578337
62153,241,234,9668.8548245
62154,241,235,9294.0650209
62155,241,236,8527.90445243
62156,241,237,9538.62149335
62157,241,238,18853.73861159
62158,241,239,9875.62209866
62159,241,240,17328.78726775
62160,241,241,0.0
62161,241,242,5876.28102156
62162,241,243,2714.3548206
62163,241,244,14141.88076343
62164,241,245,13187.6834425
62165,241,246,15150.83948628
62166,241,247,10387.44881383
62167,241,248,12244.17817723
62168,241,249,18038.96892842
62169,241,250,17787.03680453
62170,241,251,9334.22303048
62171,241,252,1357.45421492
62172,241,253,4355.83625012
62173,241,254,15886.87746638
62174,241,255,16504.42423875
62175,241,256,17617.3023173
62176,241,257,10969.87423218
62177,241,258,3971.74765517
62178,242,1,11671.65799191
62179,242,2,4331.55143319
62180,242,3,10833.36836719
62181,242,4,7699.53554599
62182,242,5,4857.12046144
62183,242,6,5722.25882097
62184,242,7,15851.85575913
62185,242,8,9232.39177754
62186,242,9,9854.92042178
62187,242,10,16467.89553072
62188,242,11,15050.61019813
62189,242,12,13660.34881529
62190,242,13,12355.36420741
62191,242,14,6910.29533603
62192,242,15,8642.0925363
62193,242,16,4077.98287939
62194,242,17,17196.09080525
62195,242,18,16140.69088722
62196,242,19,9102.08269197
62197,242,20,12272.28704237
62198,242,21,19795.55653751
62199,242,22,11278.72386261
62200,242,23,10441.8743736
62201,242,24,9186.48164717
62202,242,25,10796.67850621
62203,242,26,10937.14592894
62204,242,27,18571.55301988
62205,242,28,13522.62008823
62206,242,29,11158.11067011
62207,242,30,15118.10538422
62208,242,31,9023.78636216
62209,242,32,10319.13311959
62210,242,33,21397.37030841
62211,242,34,11117.7073283
62212,242,35,9265.23601366
62213,242,36,11830.73126333
62214,242,37,11678.7452549
62215,242,38,9055.76360306
62216,242,39,10772.28879852
62217,242,40,27049.89557169
62218,242,41,20422.22978304
62219,242,42,18992.41884864
62220,242,43,31646.41199402
62221,242,44,20675.75596798
62222,242,45,17832.49081137
62223,242,46,19942.28428238
62224,242,47,37212.24597605
62225,242,48,38319.10325488
62226,242,49,17269.55413249
62227,242,50,33700.18328768
62228,242,51,15816.82397527
62229,242,52,16066.41003871
62230,242,53,13280.04057884
62231,242,54,16868.2964885
62232,242,55,21604.28089725
62233,242,56,18910.67700223
62234,242,57,14264.89598766
62235,242,58,13483.29612412
62236,242,59,17676.44520541
62237,242,60,14432.03145092
62238,242,61,19339.00877811
62239,242,62,16218.94190321
62240,242,63,13526.69669945
62241,242,64,24460.99680882
62242,242,65,14120.71421556
62243,242,66,13007.87945965
62244,242,67,19764.66671185
62245,242,68,18850.36089937
62246,242,69,41310.79993806
62247,242,70,23215.30506542
62248,242,71,50381.24577622
62249,242,72,30418.78470757
62250,242,73,52185.8465821
62251,242,74,42807.09461119
62252,242,75,32187.40773703
62253,242,76,48290.47745234
62254,242,77,54207.84193209
62255,242,78,54219.48832597
62256,242,79,34060.38573594
62257,242,80,46687.08165423
62258,242,81,45206.60935332
62259,242,82,35504.40214531
62260,242,83,21744.4923871
62261,242,84,47568.74414672
62262,242,85,37677.71983043
62263,242,86,20955.11070667
62264,242,87,21439.04640761
62265,242,88,19977.28514743
62266,242,89,23181.15775606
62267,242,90,13815.01724482
62268,242,91,12407.83816632
62269,242,92,16697.05410105
62270,242,93,5556.63216623
62271,242,94,7837.04019614
62272,242,95,13990.7080818
62273,242,96,23242.65638814
62274,242,97,27571.07474911
62275,242,98,26289.96298127
62276,242,99,9820.21464992
62277,242,100,21928.86884619
62278,242,101,11838.58973581
62279,242,102,9176.36067135
62280,242,103,28609.27077784
62281,242,104,19784.03447873
62282,242,105,15446.06870304
62283,242,106,7094.35920515
62284,242,107,13089.29101737
62285,242,108,24837.73118535
62286,242,109,18380.74038091
62287,242,110,28105.72059996
62288,242,111,20305.09201504
62289,242,112,8080.10262189
62290,242,113,29384.93394886
62291,242,114,16727.80294602
62292,242,115,31951.50897462
62293,242,116,10486.19503603
62294,242,117,9769.23983234
62295,242,118,25143.65696634
62296,242,119,33719.90378116
62297,242,120,22416.08396529
62298,242,121,10313.06373143
62299,242,122,26217.77739712
62300,242,123,9851.93556345
62301,242,124,8427.84938998
62302,242,125,13765.09394421
62303,242,126,23441.23386724
62304,242,127,11253.06830568
62305,242,128,10926.75649323
62306,242,129,14757.71362883
62307,242,130,6714.34143507
62308,242,131,29820.62585467
62309,242,132,7496.69100578
62310,242,133,30516.45934293
62311,242,134,15065.49640091
62312,242,135,11686.61551249
62313,242,136,11272.38240946
62314,242,137,18605.84057242
62315,242,138,20735.49508736
62316,242,139,11306.132228
62317,242,140,13511.4315291
62318,242,141,15488.97039612
62319,242,142,14767.12764071
62320,242,143,15203.67062393
62321,242,144,13392.79499452
62322,242,145,13502.44316741
62323,242,146,17153.49158359
62324,242,147,7239.84278757
62325,242,148,12452.32973238
62326,242,149,10693.02368392
62327,242,150,17589.05848568
62328,242,151,8053.3130594
62329,242,152,11658.95807288
62330,242,153,7297.66745666
62331,242,154,8204.94375228
62332,242,155,15794.67743983
62333,242,156,17227.53825896
62334,242,157,9628.08866903
62335,242,158,19116.44692217
62336,242,159,18176.00952211
62337,242,160,16579.06003459
62338,242,161,14456.66426234
62339,242,162,13656.5348212
62340,242,163,14961.86091226
62341,242,164,10947.35938397
62342,242,165,12282.78118323
62343,242,166,15797.58314274
62344,242,167,7404.02425865
62345,242,168,36183.47167157
62346,242,169,34662.81367569
62347,242,170,35083.38762033
62348,242,171,37224.76619291
62349,242,172,34794.419873
62350,242,173,35698.19267893
62351,242,174,37255.44349201
62352,242,175,34778.60536283
62353,242,176,34772.26304827
62354,242,177,34372.60976625
62355,242,178,31302.2362888
62356,242,179,27087.12568001
62357,242,180,33419.33484293
62358,242,181,39038.72550338
62359,242,182,42939.18309564
62360,242,183,47468.82604551
62361,242,184,35932.81945577
62362,242,185,29047.77528427
62363,242,186,41806.18493758
62364,242,187,46200.1503431
62365,242,188,47660.40627317
62366,242,189,46306.7472735
62367,242,190,46543.29214047
62368,242,191,46449.05721542
62369,242,192,46337.71534022
62370,242,193,46544.1539217
62371,242,194,46559.72472911
62372,242,195,46111.47759934
62373,242,196,47619.12469361
62374,242,197,47645.56253369
62375,242,198,24157.20302921
62376,242,199,27013.18558952
62377,242,200,56215.25429462
62378,242,201,40387.32983473
62379,242,202,65954.85299858
62380,242,203,61178.57984604
62381,242,204,52626.94136013
62382,242,205,44864.19265765
62383,242,206,36086.4482873
62384,242,207,69416.88013609
62385,242,208,30242.65179593
62386,242,209,15304.86856832
62387,242,210,15400.7378933
62388,242,211,15296.87405995
62389,242,212,47660.74089492
62390,242,213,55302.6600998
62391,242,214,49471.15879302
62392,242,215,32259.24328046
62393,242,216,21435.90130486
62394,242,217,26835.65730829
62395,242,218,28574.1325912
62396,242,219,56916.07896519
62397,242,220,61151.71998981
62398,242,221,24091.70019183
62399,242,222,39820.67264034
62400,242,223,18587.48304463
62401,242,224,65794.34455412
62402,242,225,23575.15043872
62403,242,226,45576.10738137
62404,242,227,34384.5973218
62405,242,228,67879.8259153
62406,242,229,51814.95470368
62407,242,230,54199.21891797
62408,242,231,14757.03387493
62409,242,232,14900.594904
62410,242,233,14597.80963891
62411,242,234,15389.27785515
62412,242,235,15084.5022832
62413,242,236,14400.30035202
62414,242,237,15288.93619027
62415,242,238,13751.82210261
62416,242,239,3999.88338205
62417,242,240,11789.65804779
62418,242,241,5876.28102156
62419,242,242,0.0
62420,242,243,8195.63665448
62421,242,244,8337.72878397
62422,242,245,7438.2680829
62423,242,246,9315.73609966
62424,242,247,4596.30328031
62425,242,248,6503.45395161
62426,242,249,12603.65932298
62427,242,250,12917.39462363
62428,242,251,3589.65859227
62429,242,252,4924.03179531
62430,242,253,9578.54893573
62431,242,254,10093.45850954
62432,242,255,10818.33994969
62433,242,256,13052.60894702
62434,242,257,5315.79539117
62435,242,258,2054.1021188
62436,243,1,5860.06246582
62437,243,2,4065.40155944
62438,243,3,5702.26148291
62439,243,4,5660.76831839
62440,243,5,4094.86456365
62441,243,6,4495.69695643
62442,243,7,8756.48337411
62443,243,8,5771.46479066
62444,243,9,5594.06091729
62445,243,10,9922.66693082
62446,243,11,7999.84067728
62447,243,12,6880.56263804
62448,243,13,5935.29389504
62449,243,14,5015.75273905
62450,243,15,6147.52159849
62451,243,16,4177.91277715
62452,243,17,13655.07205266
62453,243,18,12695.75967182
62454,243,19,3421.58723926
62455,243,20,9421.53202205
62456,243,21,16302.47933745
62457,243,22,7071.48640517
62458,243,23,2338.94411747
62459,243,24,1159.9519674
62460,243,25,7218.59604909
62461,243,26,5097.0379019
62462,243,27,15099.44561202
62463,243,28,10402.94066637
62464,243,29,4488.67624065
62465,243,30,11784.83820854
62466,243,31,2446.74836751
62467,243,32,6366.72356803
62468,243,33,18030.86827792
62469,243,34,8194.38308589
62470,243,35,4442.88024439
62471,243,36,9019.54335134
62472,243,37,9559.33565519
62473,243,38,1775.93767612
62474,243,39,2907.27481383
62475,243,40,23826.46148062
62476,243,41,16494.39970523
62477,243,42,13365.13123688
62478,243,43,28897.02383863
62479,243,44,16431.05817347
62480,243,45,12142.94874418
62481,243,46,14572.19436228
62482,243,47,34571.64628243
62483,243,48,35672.75446355
62484,243,49,10953.13983706
62485,243,50,31073.55480476
62486,243,51,9036.76029979
62487,243,52,8858.01264716
62488,243,53,5092.10721984
62489,243,54,9555.68693166
62490,243,55,16695.83965965
62491,243,56,11828.65862745
62492,243,57,8158.41936532
62493,243,58,6485.07307195
62494,243,59,10413.7411555
62495,243,60,7013.88490982
62496,243,61,12869.50677809
62497,243,62,10837.1737854
62498,243,63,5489.94456682
62499,243,64,19383.10274338
62500,243,65,6290.86113509
62501,243,66,5323.67438377
62502,243,67,11768.64730983
62503,243,68,10759.67758508
62504,243,69,36014.09124903
62505,243,70,15600.18889831
62506,243,71,45487.88941735
62507,243,72,23725.46306747
62508,243,73,47184.34105779
62509,243,74,37553.91798776
62510,243,75,25704.06034294
62511,243,76,43414.20934876
62512,243,77,48731.68877822
62513,243,78,49073.72728692
62514,243,79,27811.34089772
62515,243,80,41607.46419515
62516,243,81,40151.25562751
62517,243,82,29854.40582489
62518,243,83,13749.70091298
62519,243,84,42585.57700312
62520,243,85,32175.65896722
62521,243,86,12888.79827126
62522,243,87,13628.5991734
62523,243,88,11799.25381455
62524,243,89,15237.7729471
62525,243,90,6564.71256484
62526,243,91,6942.52230559
62527,243,92,8887.66119359
62528,243,93,7780.31463411
62529,243,94,6916.06562448
62530,243,95,7497.32486912
62531,243,96,15066.9832566
62532,243,97,19383.28709618
62533,243,98,18100.53368188
62534,243,99,8021.68048322
62535,243,100,13791.62257769
62536,243,101,7122.92698135
62537,243,102,7702.25393578
62538,243,103,20416.15435727
62539,243,104,11799.75413222
62540,243,105,7818.90273053
62541,243,106,7825.36990543
62542,243,107,7008.22683059
62543,243,108,16646.42611696
62544,243,109,10414.71928468
62545,243,110,20705.90876836
62546,243,111,13891.60247747
62547,243,112,8666.68874169
62548,243,113,21769.54413879
62549,243,114,10587.9687386
62550,243,115,24132.32742575
62551,243,116,4767.82130599
62552,243,117,10571.40203324
62553,243,118,18211.63251792
62554,243,119,25812.42075082
62555,243,120,15915.94522112
62556,243,121,11353.48241772
62557,243,122,19072.90912906
62558,243,123,4810.19339048
62559,243,124,4442.10062037
62560,243,125,7818.47206974
62561,243,126,16742.18728872
62562,243,127,4748.11658576
62563,243,128,12202.61752253
62564,243,129,8718.78502011
62565,243,130,6046.95501325
62566,243,131,22060.51169873
62567,243,132,4361.56021146
62568,243,133,22703.14159554
62569,243,134,16350.10058419
62570,243,135,12352.79743002
62571,243,136,10227.51374765
62572,243,137,11659.21099652
62573,243,138,13530.74983962
62574,243,139,11308.51519919
62575,243,140,9703.38088507
62576,243,141,10865.57013838
62577,243,142,15453.80101728
62578,243,143,17229.80205916
62579,243,144,13826.34887526
62580,243,145,15876.08415996
62581,243,146,10938.79692712
62582,243,147,2671.59760016
62583,243,148,11234.77110623
62584,243,149,2853.45732062
62585,243,150,17181.7122631
62586,243,151,5387.21614058
62587,243,152,10515.76824404
62588,243,153,3549.09607757
62589,243,154,1214.20684978
62590,243,155,14206.29456881
62591,243,156,9088.6162293
62592,243,157,2215.99346142
62593,243,158,18785.06778092
62594,243,159,10020.37966051
62595,243,160,15622.35304325
62596,243,161,12924.22767198
62597,243,162,12251.28123901
62598,243,163,6858.00917526
62599,243,164,9744.21224824
62600,243,165,4327.54250508
62601,243,166,7704.95415426
62602,243,167,1888.88798663
62603,243,168,34854.25161468
62604,243,169,32889.04290904
62605,243,170,33608.97682559
62606,243,171,36072.79435427
62607,243,172,34239.71325541
62608,243,173,35000.67964615
62609,243,174,36443.65122725
62610,243,175,35007.34976627
62611,243,176,35600.96031959
62612,243,177,34086.68803619
62613,243,178,23128.14939
62614,243,179,18891.98428471
62615,243,180,25249.15653494
62616,243,181,30843.11217006
62617,243,182,34754.64894473
62618,243,183,39281.67146176
62619,243,184,27743.22601537
62620,243,185,20853.86576493
62621,243,186,33614.59970313
62622,243,187,38015.64014291
62623,243,188,42102.72668383
62624,243,189,39916.8860166
62625,243,190,39269.03902388
62626,243,191,39742.9113611
62627,243,192,40496.00615481
62628,243,193,39711.27997175
62629,243,194,39502.96466629
62630,243,195,40003.71396356
62631,243,196,42416.4232351
62632,243,197,40254.30663785
62633,243,198,20002.1446982
62634,243,199,23032.04790108
62635,243,200,50925.6039814
62636,243,201,35793.61533383
62637,243,202,60356.67823936
62638,243,203,55668.38096339
62639,243,204,47441.40714187
62640,243,205,39705.57061548
62641,243,206,31820.99559384
62642,243,207,63978.53647863
62643,243,208,25916.70626657
62644,243,209,7111.85638331
62645,243,210,8040.07689537
62646,243,211,8097.67011621
62647,243,212,43335.17446176
62648,243,213,50988.93184692
62649,243,214,42001.99635364
62650,243,215,24556.56788292
62651,243,216,13541.95148092
62652,243,217,19147.6118095
62653,243,218,20798.16955244
62654,243,219,49114.2793539
62655,243,220,53288.42610696
62656,243,221,16575.66436194
62657,243,222,32469.3625523
62658,243,223,10777.2426428
62659,243,224,57872.32086288
62660,243,225,15767.71105211
62661,243,226,38225.76575227
62662,243,227,26862.0737807
62663,243,228,59926.76926998
62664,243,229,44197.37977015
62665,243,230,46487.41262862
62666,243,231,7264.4899818
62667,243,232,7509.86339946
62668,243,233,6999.81856445
62669,243,234,8382.8283587
62670,243,235,7836.14635464
62671,243,236,6692.9612302
62672,243,237,8184.05399219
62673,243,238,20247.78211616
62674,243,239,12150.94922994
62675,243,240,19066.56028117
62676,243,241,2714.3548206
62677,243,242,8195.63665448
62678,243,243,0.0
62679,243,244,16190.19995465
62680,243,245,15183.55702413
62681,243,246,17237.73944131
62682,243,247,12481.18366366
62683,243,248,14247.98564308
62684,243,249,19682.83497791
62685,243,250,19056.44323334
62686,243,251,11760.57074583
62687,243,252,3274.99432041
62688,243,253,1659.36120823
62689,243,254,17901.23939961
62690,243,255,18387.23388047
62691,243,256,18713.48375494
62692,243,257,12929.80614815
62693,243,258,6157.6299371
62694,244,1,19994.22680763
62695,244,2,12614.71734615
62696,244,3,19128.20069526
62697,244,4,15835.95994143
62698,244,5,13193.45423968
62699,244,6,14023.29598284
62700,244,7,24186.57487866
62701,244,8,17426.00744792
62702,244,9,18106.53837834
62703,244,10,24792.84055908
62704,244,11,23385.10323193
62705,244,12,21997.79388862
62706,244,13,20692.48072283
62707,244,14,15132.23700053
62708,244,15,16738.7361989
62709,244,16,12033.29862186
62710,244,17,24874.24533868
62711,244,18,23844.21628849
62712,244,19,17438.5738931
62713,244,20,20072.90018624
62714,244,21,27333.11060254
62715,244,22,16878.95170363
62716,244,23,18251.04627552
62717,244,24,17274.1196372
62718,244,25,18888.23755457
62719,244,26,17529.75107457
62720,244,27,26157.51248148
62721,244,28,21297.64191936
62722,244,29,18125.71650885
62723,244,30,22847.45931906
62724,244,31,17319.25383778
62725,244,32,18505.21142926
62726,244,33,28816.79665476
62727,244,34,19042.72672666
62728,244,35,17584.46087456
62729,244,36,16350.11902983
62730,244,37,15748.49747983
62731,244,38,17281.16699344
62732,244,39,18399.64419798
62733,244,40,34203.24108616
62734,244,41,28093.82506306
62735,244,42,27171.52802187
62736,244,43,38421.31777301
62737,244,44,28447.5086852
62738,244,45,26041.69939795
62739,244,46,28050.40401353
62740,244,47,43788.48280207
62741,244,48,44875.15022143
62742,244,49,25571.17877927
62743,244,50,40351.58593974
62744,244,51,24153.2797145
62745,244,52,24396.66645268
62746,244,53,21135.26578794
62747,244,54,25194.12473151
62748,244,55,25987.56153736
62749,244,56,27248.38021409
62750,244,57,20432.88610981
62751,244,58,20326.16921415
62752,244,59,26007.55528884
62753,244,60,22736.62150684
62754,244,61,27642.19223878
62755,244,62,21607.57377284
62756,244,63,21657.39867532
62757,244,64,28749.99864288
62758,244,65,22341.43601098
62759,244,66,20349.43158282
62760,244,67,27133.10223012
62761,244,68,26386.39275534
62762,244,69,45022.74357097
62763,244,70,30012.76693076
62764,244,71,53431.56821882
62765,244,72,35968.14182071
62766,244,73,55317.2963885
62767,244,74,46430.26861598
62768,244,75,37452.57756524
62769,244,76,51368.99259163
62770,244,77,57830.80763229
62771,244,78,57472.05266418
62772,244,79,39013.3047733
62773,244,80,50023.55227849
62774,244,81,48553.62117326
62775,244,82,39776.12933981
62776,244,83,29919.50230459
62777,244,84,50779.80119782
62778,244,85,41719.85769978
62779,244,86,29077.3441585
62780,244,87,28520.59962291
62781,244,88,27939.87477403
62782,244,89,31387.00208813
62783,244,90,22132.66472521
62784,244,91,20692.35565306
62785,244,92,24938.4621251
62786,244,93,12997.63049841
62787,244,94,15706.28523795
62788,244,95,22324.31000767
62789,244,96,31201.80339437
62790,244,97,35469.3670502
62791,244,98,34182.80135509
62792,244,99,17601.46864626
62793,244,100,29970.50875669
62794,244,101,20054.10828381
62795,244,102,16962.15996981
62796,244,103,36465.75969716
62797,244,104,27962.28667029
62798,244,105,23725.05798897
62799,244,106,14611.00787292
62800,244,107,21410.30816303
62801,244,108,32723.37926774
62802,244,109,26565.9640053
62803,244,110,36440.28238544
62804,244,111,28596.07892392
62805,244,112,15380.67465479
62806,244,113,37699.1584086
62807,244,114,25015.70609795
62808,244,115,40219.71923211
62809,244,116,18818.845005
62810,244,117,16545.68994189
62811,244,118,33469.96962432
62812,244,119,41953.84854973
62813,244,120,30705.99556119
62814,244,121,16834.29211765
62815,244,122,34554.11280681
62816,244,123,18167.17352783
62817,244,124,16729.0251167
62818,244,125,22068.89490029
62819,244,126,31750.45015562
62820,244,127,19588.96687601
62821,244,128,17169.43369409
62822,244,129,23057.16000917
62823,244,130,14749.20338721
62824,244,131,38104.77298261
62825,244,132,15791.10094467
62826,244,133,38785.30478538
62827,244,134,14912.52504718
62828,244,135,13390.56636137
62829,244,136,14663.81801336
62830,244,137,24971.08346932
62831,244,138,27207.15075797
62832,244,139,13793.18154217
62833,244,140,18266.98234498
62834,244,141,20431.98223306
62835,244,142,15329.31067037
62836,244,143,14191.03691475
62837,244,144,14655.85728415
62838,244,145,12651.58048102
62839,244,146,23054.66268776
62840,244,147,15564.25587592
62841,244,148,19671.48984966
62842,244,149,18871.8714422
62843,244,150,23802.10706267
62844,244,151,16244.75410074
62845,244,152,18957.01506281
62846,244,153,15632.36000189
62847,244,154,16403.07926392
62848,244,155,22801.60494341
62849,244,156,25273.28264285
62850,244,157,17860.14994509
62851,244,158,25135.25478903
62852,244,159,26194.25264201
62853,244,160,23199.86438065
62854,244,161,21572.1188737
62855,244,162,20805.61593894
62856,244,163,23047.59524593
62857,244,164,18371.96437615
62858,244,165,20444.65125336
62859,244,166,23893.89081647
62860,244,167,15672.79313027
62861,244,168,41953.63236257
62862,244,169,40771.33009054
62863,244,170,40984.16869627
62864,244,171,42842.12509184
62865,244,172,40062.42248742
62866,244,173,41039.27160833
62867,244,174,42629.72112562
62868,244,175,39448.34744633
62869,244,176,38949.237655
62870,244,177,39456.43123808
62871,244,178,38917.85319485
62872,244,179,34873.22756823
62873,244,180,41006.31431735
62874,244,181,46814.36087963
62875,244,182,50823.93353399
62876,244,183,55332.71482719
62877,244,184,43615.46333712
62878,244,185,36803.02894908
62879,244,186,49645.5121553
62880,244,187,54080.84597809
62881,244,188,55560.88280454
62882,244,189,54487.62667088
62883,244,190,54878.20268151
62884,244,191,54705.76405816
62885,244,192,54348.40798674
62886,244,193,54825.61523667
62887,244,194,54875.58230932
62888,244,195,54210.85451945
62889,244,196,55376.06306638
62890,244,197,55983.29119243
62891,244,198,31795.10012721
62892,244,199,34508.18406213
62893,244,200,63966.00991542
62894,244,201,47934.76086704
62895,244,202,73805.39911205
62896,244,203,69005.98547063
62897,244,204,60348.80106505
62898,244,205,52620.07030886
62899,244,206,43536.77457679
62900,244,207,77188.11298542
62901,244,208,37813.80764716
62902,244,209,23156.41132838
62903,244,210,23716.90736055
62904,244,211,22109.60072499
62905,244,212,50165.07315056
62906,244,213,57623.87420983
62907,244,214,57807.53308664
62908,244,215,40559.78736553
62909,244,216,29661.57047255
62910,244,217,35133.63911612
62911,244,218,36852.4565923
62912,244,219,65201.65583889
62913,244,220,69415.56248962
62914,244,221,32413.23323828
62915,244,222,48158.38941635
62916,244,223,26835.87285396
62917,244,224,74030.81899815
62918,244,225,31836.65110927
62919,244,226,53913.58538622
62920,244,227,42713.82714935
62921,244,228,76098.37077225
62922,244,229,60139.44598329
62923,244,230,62508.04253283
62924,244,231,23053.98588581
62925,244,232,23211.10876085
62926,244,233,22876.86915173
62927,244,234,23725.62585738
62928,244,235,23408.80780199
62929,244,236,22655.66748643
62930,244,237,23622.0225568
62931,244,238,6966.39572339
62932,244,239,4529.16718174
62933,244,240,4034.30761614
62934,244,241,14141.88076343
62935,244,242,8337.72878397
62936,244,243,16190.19995465
62937,244,244,0.0
62938,244,245,1069.85006559
62939,244,246,1085.52214853
62940,244,247,3755.48926397
62941,244,248,1955.17967834
62942,244,249,5058.41233614
62943,244,250,6931.287073
62944,244,251,5598.27203183
62945,244,252,13033.45604629
62946,244,253,17335.77422494
62947,244,254,1756.79996465
62948,244,255,2698.11900418
62949,244,256,7825.69057433
62950,244,257,3288.25213447
62951,244,258,10174.40247524
62952,245,1,19109.86008559
62953,245,2,11670.71518342
62954,245,3,18263.3253722
62955,245,4,15025.41180859
62956,245,5,12279.58620418
62957,245,6,13151.78720377
62958,245,7,23261.2795102
62959,245,8,16601.65992214
62960,245,9,17261.76721202
62961,245,10,23906.08313306
62962,245,11,22459.69283466
62963,245,12,21081.61273065
62964,245,13,19785.85320603
62965,245,14,14294.27611386
62966,245,15,15941.35576262
62967,245,16,11040.1482686
62968,245,17,24194.36974639
62969,245,18,23156.65923973
62970,245,19,16520.93000785
62971,245,20,19354.70227331
62972,245,21,26687.78964482
62973,245,22,15814.24357951
62974,245,23,17222.23911428
62975,245,24,16276.73154059
62976,245,25,18097.19044033
62977,245,26,16460.86440547
62978,245,27,25499.80459666
62979,245,28,20588.42664426
62980,245,29,17061.22380362
62981,245,30,22152.03137244
62982,245,31,16369.42816293
62983,245,32,17685.02690119
62984,245,33,28198.34646359
62985,245,34,18293.84855444
62986,245,35,16702.81579587
62987,245,36,15309.74779395
62988,245,37,14721.1625835
62989,245,38,16309.16306388
62990,245,39,17358.28962016
62991,245,40,33646.07425469
62992,245,41,27421.25698575
62993,245,42,26361.80383572
62994,245,43,37940.6217272
62995,245,44,27752.79044135
62996,245,45,25219.88538555
62997,245,46,27265.49694614
62998,245,47,43350.19263091
62999,245,48,44441.67544155
63000,245,49,24703.71111279
63001,245,50,39895.64958446
63002,245,51,23248.25858117
63003,245,52,23464.49497398
63004,245,53,20105.72382518
63005,245,54,24256.80604425
63006,245,55,24980.59203587
63007,245,56,26333.30841773
63008,245,57,19364.5281953
63009,245,58,19258.20931347
63010,245,59,25075.82672963
63011,245,60,21785.85607087
63012,245,61,26773.92112139
63013,245,62,20554.54790213
63014,245,63,20659.86538341
63015,245,64,27752.97911256
63016,245,65,21361.59341211
63017,245,66,19292.38591173
63018,245,67,26072.2351179
63019,245,68,25332.17027466
63020,245,69,44080.72168346
63021,245,70,28942.92819922
63022,245,71,52543.59652354
63023,245,72,34923.87246893
63024,245,73,54424.63404942
63025,245,74,45495.44861025
63026,245,75,36420.06506986
63027,245,76,50477.23250559
63028,245,77,56904.22828775
63029,245,78,56571.8469111
63030,245,79,37995.62105347
63031,245,80,49111.77402927
63032,245,81,47639.83312574
63033,245,82,38794.58770127
63034,245,83,28923.88513404
63035,245,84,49877.73651489
63036,245,85,40753.75528918
63037,245,86,28072.34596418
63038,245,87,27452.96236258
63039,245,88,26914.32698326
63040,245,89,30397.55618327
63041,245,90,21190.29971427
63042,245,91,19833.86934954
63043,245,92,23962.0292471
63044,245,93,12299.48187641
63045,245,94,14956.92620825
63046,245,95,21426.19819632
63047,245,96,30174.05175141
63048,245,97,34433.88661088
63049,245,98,33147.31305966
63050,245,99,16878.57055225
63051,245,100,28953.06810229
63052,245,101,19225.44383009
63053,245,102,16235.54752473
63054,245,103,35426.34837164
63055,245,104,26968.43571096
63056,245,105,22762.00272616
63057,245,106,13917.83439676
63058,245,107,20527.42780189
63059,245,108,31687.85311425
63060,245,109,25574.47925038
63061,245,110,35511.60645326
63062,245,111,27735.93784179
63063,245,112,14729.00242835
63064,245,113,36748.57230733
63065,245,114,24156.71585176
63066,245,115,39245.86699475
63067,245,116,17922.89961466
63068,245,117,15985.01076366
63069,245,118,32581.42629667
63070,245,119,40968.4310684
63071,245,120,29846.82924655
63072,245,121,16314.01782442
63073,245,122,33648.03550205
63074,245,123,17288.74440936
63075,245,124,15859.35223621
63076,245,125,21199.35076733
63077,245,126,30878.04275784
63078,245,127,18668.40174772
63079,245,128,16692.70721364
63080,245,129,22190.67456013
63081,245,130,13960.0826562
63082,245,131,37137.81825303
63083,245,132,14924.56838334
63084,245,133,37812.03094046
63085,245,134,14164.21979247
63086,245,135,12466.4984118
63087,245,136,13657.83454082
63088,245,137,23902.6155172
63089,245,138,26138.30220317
63090,245,139,12825.35449308
63091,245,140,17225.57555664
63092,245,141,19390.09000069
63093,245,142,14519.76392763
63094,245,143,13522.1365109
63095,245,144,13780.07705372
63096,245,145,11937.80229808
63097,245,146,21991.64036628
63098,245,147,14633.21630214
63099,245,148,19061.84252094
63100,245,149,17886.93349017
63101,245,150,23375.99314535
63102,245,151,15418.96857012
63103,245,152,18330.06571215
63104,245,153,14733.7976865
63105,245,154,15426.64555643
63106,245,155,22242.53754438
63107,245,156,24259.52336461
63108,245,157,16888.81598514
63109,245,158,24745.23450936
63110,245,159,25176.27350526
63111,245,160,22706.60127868
63112,245,161,20989.24805629
63113,245,162,20213.51522275
63114,245,163,22041.44568974
63115,245,164,17719.78177156
63116,245,165,19454.18060022
63117,245,166,22888.5080434
63118,245,167,14715.91721768
63119,245,168,41647.57964609
63120,245,169,40408.62659447
63121,245,170,40655.63426104
63122,245,171,42561.65481385
63123,245,172,39831.00300961
63124,245,173,40798.55614467
63125,245,174,42386.68198391
63126,245,175,39304.31409949
63127,245,176,38874.4039521
63128,245,177,39251.51347057
63129,245,178,37862.61061214
63130,245,179,33829.03850859
63131,245,180,39949.31726518
63132,245,181,45766.49113481
63133,245,182,49783.62381518
63134,245,183,54290.03182109
63135,245,184,42562.61350047
63136,245,185,35756.12850916
63137,245,186,48601.70904265
63138,245,187,53039.71688507
63139,245,188,54850.01372148
63140,245,189,53684.60228319
63141,245,190,53974.96929602
63142,245,191,53867.86692349
63143,245,192,53604.88630895
63144,245,193,53973.54016573
63145,245,194,53997.90974356
63146,245,195,53438.31362953
63147,245,196,54703.31500645
63148,245,197,55066.3336831
63149,245,198,31135.24092933
63150,245,199,33882.69362676
63151,245,200,63297.32955496
63152,245,201,47308.85220838
63153,245,202,73112.20970209
63154,245,203,68318.26217857
63155,245,204,59686.46760997
63156,245,205,51946.61335524
63157,245,206,42929.44761281
63158,245,207,76516.80736887
63159,245,208,37175.25626866
63160,245,209,22124.26371307
63161,245,210,22772.53539293
63162,245,211,21040.69482375
63163,245,212,49316.93394933
63164,245,213,56797.33374597
63165,245,214,56881.44283734
63166,245,215,39600.2253818
63167,245,216,28677.95973337
63168,245,217,34173.9855161
63169,245,218,35883.37362468
63170,245,219,64231.60745988
63171,245,220,68436.32561366
63172,245,221,31469.53051036
63173,245,222,47242.83167708
63174,245,223,25860.28041456
63175,245,224,73042.19933114
63176,245,225,30862.9047756
63177,245,226,53000.8128096
63178,245,227,41775.95648175
63179,245,228,75104.53699614
63180,245,229,59194.62825639
63181,245,230,61550.69061873
63182,245,231,22099.12744571
63183,245,232,22263.39855717
63184,245,233,21914.47682637
63185,245,234,22804.36281511
63186,245,235,22470.94504941
63187,245,236,21685.23168609
63188,245,237,22694.09589114
63189,245,238,7175.43292201
63190,245,239,3804.34211851
63191,245,240,4537.40233876
63192,245,241,13187.6834425
63193,245,242,7438.2680829
63194,245,243,15183.55702413
63195,245,244,1069.85006559
63196,245,245,0.0
63197,245,246,2154.39841246
63198,245,247,2844.64502397
63199,245,248,943.51479645
63200,245,249,5490.02955922
63201,245,250,6911.5179022
63202,245,251,4983.06596258
63203,245,252,12052.6372659
63204,245,253,16304.9128677
63205,245,254,2717.6866684
63206,245,255,3397.42707297
63207,245,256,7655.13246436
63208,245,257,2255.54250551
63209,245,258,9215.9789359
63210,246,1,20941.99319853
63211,246,2,13617.36641397
63212,246,3,20060.26242316
63213,246,4,16726.13190434
63214,246,5,14171.98991633
63215,246,6,14966.78207445
63216,246,7,25166.38770083
63217,246,8,18325.59622301
63218,246,9,19022.62500953
63219,246,10,25739.78939328
63220,246,11,24365.33794623
63221,246,12,22970.96877078
63222,246,13,21658.40880336
63223,246,14,16046.46321921
63224,246,15,17616.34773596
63225,246,16,13073.09951073
63226,246,17,25638.33806943
63227,246,18,24616.30237485
63228,246,19,18415.80173765
63229,246,20,20876.87827525
63230,246,21,28063.39204864
63231,246,22,17952.23406147
63232,246,23,19314.12993994
63233,246,24,18314.37055324
63234,246,25,19757.50011657
63235,246,26,18615.08876232
63236,246,27,26900.20113135
63237,246,28,22092.05580168
63238,246,29,19210.53769402
63239,246,30,23627.71223528
63240,246,31,18322.48218253
63241,246,32,19399.96236599
63242,246,33,29521.04863449
63243,246,34,19875.12057399
63244,246,35,18531.96525906
63245,246,36,17393.76264009
63246,246,37,16778.02497117
63247,246,38,18301.9017345
63248,246,39,19471.33502876
63249,246,40,34846.30143304
63250,246,41,28848.43646339
63251,246,42,28050.20487505
63252,246,43,38989.25297505
63253,246,44,29222.06883725
63254,246,45,26931.6801907
63255,246,46,28906.54431503
63256,246,47,44312.91892377
63257,246,48,45394.44088114
63258,246,49,26501.17701562
63259,246,50,40894.73433737
63260,246,51,25116.05301501
63261,246,52,25382.14137657
63262,246,53,22198.46202748
63263,246,54,26183.6102141
63264,246,55,26991.65378841
63265,246,56,28218.46214576
63266,246,57,21512.00148132
63267,246,58,21411.68873909
63268,246,59,26992.10158702
63269,246,60,23738.06274138
63270,246,61,28571.92883144
63271,246,62,22665.08319042
63272,246,63,22696.51171951
63273,246,64,29742.56615167
63274,246,65,23366.47918097
63275,246,66,21430.72317943
63276,246,67,28216.28385184
63277,246,68,27465.89337597
63278,246,69,45952.62153996
63279,246,70,31096.66994235
63280,246,71,54302.1516561
63281,246,72,37013.7665557
63282,246,73,56192.64656624
63283,246,74,47352.1594848
63284,246,75,38484.06634135
63285,246,76,52243.92282957
63286,246,77,58742.42483509
63287,246,78,58355.23676796
63288,246,79,40027.50835131
63289,246,80,50920.12035047
63290,246,81,49452.56079471
63291,246,82,40749.82408
63292,246,83,30955.69497901
63293,246,84,51665.84269414
63294,246,85,42676.36871222
63295,246,86,30121.06961305
63296,246,87,29606.11710657
63297,246,88,28999.47452183
63298,246,89,32418.05013288
63299,246,90,23127.45295013
63300,246,91,21617.70383363
63301,246,92,25960.11645201
63302,246,93,13799.00911873
63303,246,94,16544.60121399
63304,246,95,23282.16175905
63305,246,96,32262.81864805
63306,246,97,36535.88615182
63307,246,98,35249.37604585
63308,246,99,18413.34867392
63309,246,100,31023.806058
63310,246,101,20954.50960766
63311,246,102,17778.4134656
63312,246,103,37535.08805675
63313,246,104,28997.3399139
63314,246,105,24736.19959487
63315,246,106,15403.39074861
63316,246,107,22355.84600273
63317,246,108,33790.0425789
63318,246,109,27599.35505277
63319,246,110,37419.75344816
63320,246,111,29518.33886057
63321,246,112,16134.82045094
63322,246,113,38697.13048468
63323,246,114,25938.66904921
63324,246,115,41236.98186788
63325,246,116,19777.16315565
63326,246,117,17215.59314112
63327,246,118,34415.36605479
63328,246,119,42980.56662139
63329,246,120,31626.58050895
63330,246,121,17466.72554581
63331,246,122,35514.47305084
63332,246,123,19111.46155553
63333,246,124,17667.47427257
63334,246,125,23002.67855896
63335,246,126,32682.26812097
63336,246,127,20567.10750808
63337,246,128,17761.0031474
63338,246,129,23987.70325285
63339,246,130,15623.23945859
63340,246,131,39116.48995763
63341,246,132,16728.06036489
63342,246,133,39802.22694747
63343,246,134,15665.36307111
63344,246,135,14317.66596932
63345,246,136,15671.41159529
63346,246,137,26050.33342636
63347,246,138,28287.18955431
63348,246,139,14762.87250153
63349,246,140,19311.29456687
63350,246,141,21476.40140568
63351,246,142,16140.85573327
63352,246,143,14869.03996398
63353,246,144,15533.51147151
63354,246,145,13378.44493111
63355,246,146,24125.14553957
63356,246,147,16553.81165939
63357,246,148,20378.83030594
63358,246,149,19902.0096325
63359,246,150,24332.29733062
63360,246,151,17147.14295183
63361,246,152,19681.27648581
63362,246,153,16595.72814173
63363,246,154,17427.6936516
63364,246,155,23457.63237408
63365,246,156,26324.25578561
63366,246,157,18880.0834614
63367,246,158,25629.10997452
63368,246,159,27248.32533314
63369,246,160,23794.15495811
63370,246,161,22251.89472466
63371,246,162,21495.06053991
63372,246,163,24093.0768386
63373,246,164,19119.93895442
63374,246,165,21478.59012918
63375,246,166,24938.63630791
63376,246,167,16682.65329521
63377,246,168,42350.7239602
63378,246,169,41224.28408995
63379,246,170,41403.77065762
63380,246,171,43213.66432804
63381,246,172,40387.47883609
63382,246,173,41372.84324885
63383,246,174,42964.61006626
63384,246,175,39687.3732211
63385,246,176,39119.59110258
63386,246,177,39755.76965267
63387,246,178,39997.77414199
63388,246,179,35945.96762056
63389,246,180,42087.26512647
63390,246,181,47889.41052305
63391,246,182,51893.59782555
63392,246,183,56404.02990932
63393,246,184,44693.84316567
63394,246,185,37877.58138487
63395,246,186,50717.69756409
63396,246,187,55151.05741342
63397,246,188,56340.25741904
63398,246,189,55352.31799309
63399,246,190,55833.14019351
63400,246,191,55602.1651971
63401,246,192,55158.35419763
63402,246,193,55734.81832009
63403,246,194,55807.77392965
63404,246,195,55047.62198267
63405,246,196,56119.81180982
63406,246,197,56950.24690316
63407,246,198,32535.42428823
63408,246,199,35215.01141207
63409,246,200,64704.37853741
63410,246,201,48636.35077442
63411,246,202,74565.54482094
63412,246,203,69761.56612827
63413,246,204,61081.79767745
63414,246,205,53365.08555228
63415,246,206,44222.36168851
63416,246,207,77927.23381338
63417,246,208,38531.07523702
63418,246,209,24221.25578845
63419,246,210,24712.74608315
63420,246,211,23194.93340415
63421,246,212,50993.85383103
63422,246,213,58428.55312576
63423,246,214,58782.372901
63424,246,215,41565.01057498
63425,246,216,30688.1359228
63426,246,217,36139.61744309
63427,246,218,37866.09813668
63428,246,219,66214.19461122
63429,246,220,70435.7787047
63430,246,221,33406.24022047
63431,246,222,49124.85922972
63432,246,223,27856.43352604
63433,246,224,75058.83637275
63434,246,225,32854.82735592
63435,246,226,54877.03408709
63436,246,227,43700.29775685
63437,246,228,77130.71430408
63438,246,229,61130.48218069
63439,246,230,63509.80074372
63440,246,231,24058.66137015
63441,246,232,24209.87496667
63442,246,233,23887.73358238
63443,246,234,24702.25199083
63444,246,235,24399.38042673
63445,246,236,23673.09620555
63446,246,237,24604.25780292
63447,246,238,6853.62465999
63448,246,239,5418.96697259
63449,246,240,3708.91188941
63450,246,241,15150.83948628
63451,246,242,9315.73609966
63452,246,243,17237.73944131
63453,246,244,1085.52214853
63454,246,245,2154.39841246
63455,246,246,0.0
63456,246,247,4769.99785252
63457,246,248,3031.10268898
63458,246,249,4763.14925351
63459,246,250,7053.8960989
63460,246,251,6390.08191464
63461,246,252,14063.48940834
63462,246,253,18400.45275481
63463,246,254,971.99506456
63464,246,255,2236.94758368
63465,246,256,8078.29149049
63466,246,257,4363.6434101
63467,246,258,11191.04955012
63468,247,1,16266.80302273
63469,247,2,8859.24645703
63470,247,3,15418.68912924
63471,247,4,12194.94323609
63472,247,5,9445.36698582
63473,247,6,10307.15061207
63474,247,7,20435.09333196
63475,247,8,13764.78576658
63476,247,9,14419.24250312
63477,247,10,21063.76662368
63478,247,11,19633.53429391
63479,247,12,18249.8439364
63480,247,13,16949.40233855
63481,247,14,11454.02294302
63482,247,15,13116.78327085
63483,247,16,8309.63048844
63484,247,17,21453.71267993
63485,247,18,20409.6339309
63486,247,19,13689.49562493
63487,247,20,16583.8593806
63488,247,21,23980.36994192
63489,247,22,13859.03239032
63490,247,23,14591.8264311
63491,247,24,13549.422922
63492,247,25,15274.51228036
63493,247,26,14204.76968357
63494,247,27,22780.42380367
63495,247,28,17824.0742005
63496,247,29,14695.85593124
63497,247,30,19398.6162056
63498,247,31,13563.93331994
63499,247,32,14849.23588754
63500,247,33,25519.50611386
63501,247,34,15498.81685337
63502,247,35,13859.15714912
63503,247,36,13692.44474839
63504,247,37,13236.3806043
63505,247,38,13532.7497632
63506,247,39,14787.40809353
63507,247,40,31036.73792723
63508,247,41,24684.63696422
63509,247,42,23527.70291908
63510,247,43,35432.34909959
63511,247,44,24994.74862432
63512,247,45,22381.8438541
63513,247,46,24442.27022461
63514,247,47,40899.73531289
63515,247,48,41997.56710613
63516,247,49,21859.13034839
63517,247,50,37421.95548502
63518,247,51,20411.43115273
63519,247,52,20643.15620213
63520,247,53,17474.03302895
63521,247,54,21439.56312606
63522,247,55,23554.94535056
63523,247,56,23501.30040239
63524,247,57,17282.8993239
63525,247,58,16955.99158422
63526,247,59,22254.22546127
63527,247,60,18981.23592308
63528,247,61,23929.39356776
63529,247,62,18743.96669282
63530,247,63,17930.07372218
63531,247,64,26381.30008409
63532,247,65,18596.62162719
63533,247,66,16828.17342035
63534,247,67,23633.20059697
63535,247,68,22831.52386175
63536,247,69,42980.3789354
63537,247,70,26714.26077118
63538,247,71,51693.72998188
63539,247,72,33153.00363849
63540,247,73,53550.00014961
63541,247,74,44429.83143992
63542,247,75,34753.67238669
63543,247,76,49613.31506403
63544,247,77,55861.90304258
63545,247,78,55658.63377951
63546,247,79,36443.59469965
63547,247,80,48154.8824879
63548,247,81,46675.88417829
63549,247,82,37482.85920164
63550,247,83,26187.24722765
63551,247,84,48966.29591803
63552,247,85,39528.48131201
63553,247,86,25357.43665926
63554,247,87,25119.46142862
63555,247,88,24261.45702305
63556,247,89,27648.2286108
63557,247,90,18377.37516697
63558,247,91,16989.43415624
63559,247,92,21190.94286134
63560,247,93,9567.58244963
63561,247,94,12166.36063244
63562,247,95,18586.73191907
63563,247,96,27527.55629882
63564,247,97,31816.65895929
63565,247,98,30530.70631893
63566,247,99,14107.39693447
63567,247,100,26272.19261246
63568,247,101,16386.42657914
63569,247,102,13462.20844106
63570,247,103,32826.69049681
63571,247,104,24228.52626115
63572,247,105,19971.78268243
63573,247,106,11184.45635715
63574,247,107,17684.20743018
63575,247,108,29072.14174439
63576,247,109,22830.06914615
63577,247,110,32688.14408889
63578,247,111,24891.31948393
63579,247,112,12041.01886362
63580,247,113,33943.67810902
63581,247,114,21312.1642512
63582,247,115,36469.59037564
63583,247,116,15082.44654183
63584,247,117,13415.14412619
63585,247,118,29739.83800217
63586,247,119,38210.65680422
63587,247,120,27002.22128259
63588,247,121,13804.11427461
63589,247,122,30812.14434603
63590,247,123,14444.72484409
63591,247,124,13014.72316803
63592,247,125,18354.80207901
63593,247,126,28033.8431555
63594,247,127,15838.90361441
63595,247,128,14251.06405294
63596,247,129,19346.04747423
63597,247,130,11142.26349351
63598,247,131,34351.99370259
63599,247,132,12079.94285101
63600,247,133,35034.97019915
63601,247,134,14154.93282488
63602,247,135,11720.78359347
63603,247,136,12366.83519549
63604,247,137,21796.18743094
63605,247,138,24009.32612798
63606,247,139,11815.38432713
63607,247,140,15573.6693079
63608,247,141,17712.41864617
63609,247,142,14257.80184036
63610,247,143,13815.86778771
63611,247,144,13241.83282428
63612,247,145,12123.45397638
63613,247,146,20025.56231985
63614,247,147,11810.39948872
63615,247,148,16411.08442079
63616,247,149,15132.24956731
63617,247,150,20983.76360398
63618,247,151,12582.07212827
63619,247,152,15659.63784655
63620,247,153,11893.73407189
63621,247,154,12657.78908107
63622,247,155,19650.19584865
63623,247,156,21569.78752943
63624,247,157,14111.19139616
63625,247,158,22409.06400881
63626,247,159,22498.85774617
63627,247,160,20209.03559494
63628,247,161,18367.98888655
63629,247,162,17582.20287697
63630,247,163,19331.90197349
63631,247,164,15020.6508158
63632,247,165,16709.70833641
63633,247,166,20176.55339157
63634,247,167,11918.72665227
63635,247,168,39418.51259864
63636,247,169,38083.24013179
63637,247,170,38388.45589406
63638,247,171,40377.22212208
63639,247,172,37742.47848364
63640,247,173,38690.63951685
63641,247,174,40271.69975744
63642,247,175,37389.18199753
63643,247,176,37104.76816897
63644,247,177,37215.17097812
63645,247,178,35358.73321318
63646,247,179,31254.70690822
63647,247,180,37458.89804002
63648,247,181,43208.13477475
63649,247,182,47183.69454395
63650,247,183,51700.87444115
63651,247,184,40038.14844522
63652,247,185,33196.1882225
63653,247,186,46019.6478176
63654,247,187,50443.06321618
63655,247,188,52069.49068155
63656,247,189,50850.61815493
63657,247,190,51138.36807611
63658,247,191,51024.86218576
63659,247,192,50801.24484498
63660,247,193,51129.08558574
63661,247,194,51154.59182533
63662,247,195,50617.76474833
63663,247,196,51955.02531075
63664,247,197,52236.05764046
63665,247,198,28408.40597407
63666,247,199,31190.45167423
63667,247,200,60551.26383914
63668,247,201,44609.06275227
63669,247,202,70343.70608683
63670,247,203,65554.79813347
63671,247,204,56946.87134961
63672,247,205,49198.25475592
63673,247,206,40252.03721014
63674,247,207,73766.75263634
63675,247,208,34466.64677415
63676,247,209,19501.09182766
63677,247,210,19961.50609236
63678,247,211,18763.66782528
63679,247,212,48650.43155421
63680,247,213,56209.20641358
63681,247,214,54056.58195114
63682,247,215,36805.12664806
63683,247,216,25918.19494082
63684,247,217,31379.08706387
63685,247,218,33100.46226513
63686,247,219,61449.40296752
63687,247,220,65667.40403028
63688,247,221,28657.97742767
63689,247,222,44411.70322437
63690,247,223,23087.60993052
63691,247,224,70288.87561082
63692,247,225,28086.94214018
63693,247,226,50168.365367
63694,247,227,38959.49483408
63695,247,228,72360.90805814
63696,247,229,56384.24081804
63697,247,230,58752.90814878
63698,247,231,19298.99294709
63699,247,232,19455.62005788
63700,247,233,19123.46755455
63701,247,234,19975.61429415
63702,247,235,19654.09835367
63703,247,236,18905.30660557
63704,247,237,19869.65104821
63705,247,238,9587.54183969
63706,247,239,1331.26535621
63707,247,240,7287.20986775
63708,247,241,10387.44881383
63709,247,242,4596.30328031
63710,247,243,12481.18366366
63711,247,244,3755.48926397
63712,247,245,2844.64502397
63713,247,246,4769.99785252
63714,247,247,0.0
63715,247,248,1919.33445643
63716,247,249,8169.9639187
63717,247,250,9015.76546373
63718,247,251,2608.47669182
63719,247,252,9294.01991335
63720,247,253,13684.98369079
63721,247,254,5505.98819448
63722,247,255,6236.09134855
63723,247,256,9463.41027538
63724,247,257,1006.7145356
63725,247,258,6422.70189032
63726,248,1,18174.75954316
63727,248,2,10727.60589916
63728,248,3,17333.06293371
63729,248,4,14113.43170739
63730,248,5,11339.85349667
63731,248,6,12221.08572138
63732,248,7,22319.21651225
63733,248,8,15684.11595913
63734,248,9,16337.43579774
63735,248,10,22970.00840774
63736,248,11,21517.64195853
63737,248,12,20140.70025727
63738,248,13,18846.4275997
63739,248,14,13373.12358177
63740,248,15,15033.84206152
63741,248,16,10100.30304704
63742,248,17,23334.49793187
63743,248,18,22293.51265847
63744,248,19,15580.11029753
63745,248,20,18478.96204881
63746,248,21,25844.12152365
63747,248,22,15036.27236088
63748,248,23,16297.95724606
63749,248,24,15338.32921999
63750,248,25,17191.1297139
63751,248,26,15612.0380214
63752,248,27,24650.34383716
63753,248,28,19716.21161464
63754,248,29,16188.70990398
63755,248,30,21285.56710602
63756,248,31,15425.9643371
63757,248,32,16768.52649117
63758,248,33,27368.02416477
63759,248,34,17404.94007273
63760,248,35,15768.6899402
63761,248,36,14617.75771517
63762,248,37,14063.15238537
63763,248,38,15366.38820976
63764,248,39,16444.46689336
63765,248,40,32847.21759286
63766,248,41,26563.7606133
63767,248,42,25446.90483789
63768,248,43,37184.89045612
63769,248,44,26884.62756701
63770,248,45,24301.13971248
63771,248,46,26359.31189963
63772,248,47,42618.8414555
63773,248,48,43713.04112142
63774,248,49,23771.92749044
63775,248,50,39154.3616837
63776,248,51,22308.87292037
63777,248,52,22521.80807439
63778,248,53,19182.02023251
63779,248,54,23313.7509783
63780,248,55,24357.14333737
63781,248,56,25392.3348192
63782,248,57,18560.20594685
63783,248,58,18401.47908072
63784,248,59,24133.14377808
63785,248,60,20842.35121151
63786,248,61,25841.76229189
63787,248,62,19820.68301081
63788,248,63,19721.68467321
63789,248,64,27147.54812047
63790,248,65,20419.84856884
63791,248,66,18400.37501816
63792,248,67,25188.22194885
63793,248,68,24434.8109528
63794,248,69,43564.21776798
63795,248,70,28108.64051333
63796,248,71,52105.79982365
63797,248,72,34210.98704944
63798,248,73,53979.76845628
63799,248,74,44989.87655287
63800,248,75,35736.64461785
63801,248,76,50034.50965934
63802,248,77,56408.97778143
63803,248,78,56115.73157357
63804,248,79,37344.98380328
63805,248,80,48640.2671162
63806,248,81,47165.69785642
63807,248,82,38213.41626062
63808,248,83,27985.39383213
63809,248,84,49420.30363652
63810,248,85,40198.80506013
63811,248,86,27136.6333701
63812,248,87,26593.20115406
63813,248,88,25988.13957181
63814,248,89,29457.65301285
63815,248,90,20247.02437297
63816,248,91,18905.03247665
63817,248,92,23019.89021187
63818,248,93,11440.09410435
63819,248,94,14069.95688936
63820,248,95,20488.11261047
63821,248,96,29249.29667811
63822,248,97,33514.79890578
63823,248,98,32228.22583282
63824,248,99,16002.1976356
63825,248,100,28022.47798301
63826,248,101,18305.66074007
63827,248,102,15357.9231811
63828,248,103,34510.67489411
63829,248,104,26029.4687307
63830,248,105,21818.73083247
63831,248,106,13058.70193971
63832,248,107,19592.48498009
63833,248,108,30768.78958892
63834,248,109,24634.93394568
63835,248,110,34569.03039773
63836,248,111,26805.72567058
63837,248,112,13890.49030826
63838,248,113,35805.05757112
63839,248,114,23227.14556497
63840,248,115,38303.58440658
63841,248,116,16985.55107309
63842,248,117,15196.24346043
63843,248,118,31644.53726508
63844,248,119,40027.84945047
63845,248,120,28916.70522319
63846,248,121,15549.16084229
63847,248,122,32708.11335411
63848,248,123,16355.26848651
63849,248,124,14928.34611375
63850,248,125,20267.44181326
63851,248,126,29944.63956703
63852,248,127,17727.05570711
63853,248,128,15954.49546146
63854,248,129,21259.40463036
63855,248,130,13056.99564084
63856,248,131,36194.88504842
63857,248,132,13994.64017139
63858,248,133,36869.67581588
63859,248,134,13946.84775501
63860,248,135,12010.01898706
63861,248,136,13049.45959766
63862,248,137,23095.91222836
63863,248,138,25327.30519356
63864,248,139,12293.06162265
63865,248,140,16528.64882072
63866,248,141,18689.98781092
63867,248,142,14222.50732823
63868,248,143,13402.38462855
63869,248,144,13393.10895142
63870,248,145,11773.07264041
63871,248,146,21218.90303608
63872,248,147,13690.9542225
63873,248,148,18241.52737923
63874,248,149,16945.88185235
63875,248,150,22661.9252753
63876,248,151,14501.40013469
63877,248,152,17500.959132
63878,248,153,13796.39144939
63879,248,154,14484.28898318
63880,248,155,21448.14092717
63881,248,156,23327.1384188
63882,248,157,15945.99860754
63883,248,158,24053.4520813
63884,248,159,24245.87983973
63885,248,160,21950.93176003
63886,248,161,20182.25112065
63887,248,162,19401.95931886
63888,248,163,21105.99168331
63889,248,164,16877.7846764
63890,248,165,18514.25037388
63891,248,166,21952.81021972
63892,248,167,13772.40777017
63893,248,168,41002.71805603
63894,248,169,39726.34618972
63895,248,170,39995.93676214
63896,248,171,41933.99659392
63897,248,172,39238.71790038
63898,248,173,40199.29507535
63899,248,174,41785.18470692
63900,248,175,38775.81480653
63901,248,176,38398.45306911
63902,248,177,38678.44591876
63903,248,178,36966.74038496
63904,248,179,32918.15002066
63905,248,180,39056.58638638
63906,248,181,44859.83366735
63907,248,182,48868.80427967
63908,248,183,53377.54082024
63909,248,184,41662.81236774
63910,248,185,34848.32844727
63911,248,186,47690.38656659
63912,248,187,52125.68187888
63913,248,188,53970.84968442
63914,248,189,52769.85954335
63915,248,190,53035.16478925
63916,248,191,52942.40121724
63917,248,192,52712.11422502
63918,248,193,53044.26084101
63919,248,194,53062.67466108
63920,248,195,52534.31369222
63921,248,196,53841.37668422
63922,248,197,54124.73670305
63923,248,198,30282.87887356
63924,248,199,33046.95064905
63925,248,200,62436.71001554
63926,248,201,46470.49742894
63927,248,202,72239.90073832
63928,248,203,67448.61315346
63929,248,204,58829.07250142
63930,248,205,51084.57083434
63931,248,206,42101.28453287
63932,248,207,75654.32078753
63933,248,208,36332.1230096
63934,248,209,21202.47254966
63935,248,210,21829.16535486
63936,248,211,20191.0038557
63937,248,212,48934.77426882
63938,248,213,56441.88670918
63939,248,214,55938.9483042
63940,248,215,38656.88445306
63941,248,216,27736.93217857
63942,248,217,33230.63191181
63943,248,218,34940.60270849
63944,248,219,63289.02349281
63945,248,220,67494.84920866
63946,248,221,30526.13259051
63947,248,222,46301.45133194
63948,248,223,24918.07087398
63949,248,224,72102.38162152
63950,248,225,29920.54579556
63951,248,226,52059.71994445
63952,248,227,40832.74647558
63953,248,228,74165.90094337
63954,248,229,58251.15726891
63955,248,230,60607.30454819
63956,248,231,21155.62159137
63957,248,232,21319.93885047
63958,248,233,20971.16672278
63959,248,234,21862.75020076
63960,248,235,21527.88398506
63961,248,236,20742.43589856
63962,248,237,21751.79214563
63963,248,238,7851.09233479
63964,248,239,2979.2438025
63965,248,240,5387.87061949
63966,248,241,12244.17817723
63967,248,242,6503.45395161
63968,248,243,14247.98564308
63969,248,244,1955.17967834
63970,248,245,943.51479645
63971,248,246,3031.10268898
63972,248,247,1919.33445643
63973,248,248,0.0
63974,248,249,6299.84238518
63975,248,250,7442.17118159
63976,248,251,4213.90577948
63977,248,252,11110.65531224
63978,248,253,15382.05353152
63979,248,254,3655.83429413
63980,248,255,4318.0984553
63981,248,256,8062.47637762
63982,248,257,1333.23723538
63983,248,258,8272.46783508
63984,249,1,24169.44624199
63985,249,2,16594.22666479
63986,249,3,23387.06500831
63987,249,4,20296.85271699
63988,249,5,17307.52367034
63989,249,6,18298.12780729
63990,249,7,28141.95877864
63991,249,8,21835.82121511
63992,249,9,22444.79587007
63993,249,10,28931.741368
63994,249,11,27344.77462609
63995,249,12,26013.95524829
63996,249,13,24763.87760125
63997,249,14,19513.21257136
63998,249,15,21232.64021721
63999,249,16,15727.50786542
64000,249,17,29623.33786515
64001,249,18,28579.57939014
64002,249,19,21484.2124048
64003,249,20,24751.22666575
64004,249,21,32142.14701076
64005,249,22,18672.29867626
64006,249,23,21480.89373085
64007,249,24,20826.75024608
64008,249,25,23390.58728762
64009,249,26,19889.66945937
64010,249,27,30946.06354177
64011,249,28,25992.75011058
64012,249,29,20699.73045219
64013,249,30,27568.47675848
64014,249,31,21196.39870247
64015,249,32,22922.54597209
64016,249,33,33667.82774945
64017,249,34,23653.99532619
64018,249,35,21788.00533633
64019,249,36,17556.86654229
64020,249,37,16766.29758227
64021,249,38,21021.07701782
64022,249,39,21462.08312075
64023,249,40,39134.26958117
64024,249,41,32853.99634825
64025,249,42,31592.25460651
64026,249,43,43423.93131997
64027,249,44,33163.84431913
64028,249,45,30425.73459716
64029,249,46,32545.20203836
64030,249,47,48818.00804784
64031,249,48,49907.19532179
64032,249,49,29788.40484991
64033,249,50,45370.92031759
64034,249,51,28211.330717
64035,249,52,28313.42730856
64036,249,53,24311.068949
64037,249,54,29077.09315831
64038,249,55,26389.82161985
64039,249,56,31241.30454127
64040,249,57,22316.24369776
64041,249,58,22686.44798439
64042,249,59,29917.51517938
64043,249,60,26556.56716095
64044,249,61,31848.63325964
64045,249,62,22902.76055468
64046,249,63,25151.33446158
64047,249,64,28971.87195128
64048,249,65,25969.25104853
64049,249,66,23089.54938433
64050,249,67,29674.25532192
64051,249,68,29103.06635377
64052,249,69,44458.38669088
64053,249,70,31988.58248656
64054,249,71,52331.23269035
64055,249,72,36840.83450763
64056,249,73,54247.16127189
64057,249,74,45786.38485115
64058,249,75,38087.79929246
64059,249,76,50310.69603174
64060,249,77,57049.2866809
64061,249,78,56456.43000159
64062,249,79,39395.21686188
64063,249,80,49145.21121986
64064,249,81,47701.70467707
64065,249,82,39676.15567589
64066,249,83,33362.82976817
64067,249,84,49812.23858332
64068,249,85,41429.27296549
64069,249,86,32440.08301465
64070,249,87,30772.77226622
64071,249,88,31091.38345339
64072,249,89,34874.92110844
64073,249,90,26007.13554521
64074,249,91,24966.61607093
64075,249,92,28569.7858446
64076,249,93,17733.36105002
64077,249,94,20327.25282668
64078,249,95,26424.90571105
64079,249,96,34301.56621663
64080,249,97,38438.42752045
64081,249,98,37159.36860848
64082,249,99,22275.29921581
64083,249,100,33199.81296368
64084,249,101,24436.78501248
64085,249,102,21629.73484059
64086,249,103,39370.54432234
64087,249,104,31433.57804283
64088,249,105,27459.14365249
64089,249,106,19351.33272304
64090,249,107,25583.21645982
64091,249,108,35708.71169686
64092,249,109,30067.18364899
64093,249,110,40325.73061901
64094,249,111,32832.39809233
64095,249,112,20190.21118323
64096,249,113,41447.17584023
64097,249,114,29268.77087439
64098,249,115,43795.89049835
64099,249,116,22952.49231034
64100,249,117,21474.45065119
64101,249,118,37570.13851596
64102,249,119,45432.16353564
64103,249,120,34940.17886931
64104,249,121,21802.55548098
64105,249,122,38566.47846408
64106,249,123,22379.32189274
64107,249,124,20986.27543419
64108,249,125,26293.15968242
64109,249,126,35927.02855401
64110,249,127,23600.94964892
64111,249,128,22171.72403231
64112,249,129,27288.89730122
64113,249,130,19276.11624386
64114,249,131,41739.12974767
64115,249,132,20067.75968621
64116,249,133,42370.55342698
64117,249,134,13504.40970695
64118,249,135,13403.99879561
64119,249,136,15443.29294862
64120,249,137,26770.80541273
64121,249,138,29005.81733464
64122,249,139,14194.35788714
64123,249,140,19416.31984028
64124,249,141,21520.35485713
64125,249,142,14304.7968687
64126,249,143,12349.68588768
64127,249,144,14170.62213281
64128,249,145,11208.48520849
64129,249,146,24611.32277445
64130,249,147,19564.53994794
64131,249,148,24539.22094699
64132,249,149,22499.32343306
64133,249,150,28835.28819353
64134,249,151,20656.96694546
64135,249,152,23800.51143093
64136,249,153,19782.97671274
64137,249,154,20125.67918671
64138,249,155,27731.39233531
64139,249,156,28579.14178802
64140,249,157,21596.89463023
64141,249,158,30182.54152196
64142,249,159,29447.22019935
64143,249,160,28191.54126819
64144,249,161,26474.14650166
64145,249,162,25696.2264671
64146,249,163,26449.76351686
64147,249,164,23176.84269471
64148,249,165,24010.3720493
64149,249,166,27294.82883456
64150,249,167,19530.41336689
64151,249,168,47011.31446522
64152,249,169,45826.51104436
64153,249,170,46042.54086794
64154,249,171,47896.35068381
64155,249,172,45102.95038879
64156,249,173,46083.02941205
64157,249,174,47674.04925801
64158,249,175,44440.65983376
64159,249,176,43882.70568563
64160,249,177,44485.57922998
64161,249,178,41511.74982613
64162,249,179,37710.00180591
64163,249,180,43546.23765683
64164,249,181,49527.24658795
64165,249,182,53655.49069133
64166,249,183,58112.22256804
64167,249,184,46240.14348545
64168,249,185,39580.47469842
64169,249,186,52422.31457827
64170,249,187,56889.72275703
64171,249,188,60227.02760342
64172,249,189,58895.41886844
64173,249,190,58867.36253976
64174,249,191,58987.80768598
64175,249,192,58933.83650344
64176,249,193,59051.03869964
64177,249,194,58989.66462171
64178,249,195,58714.97741784
64179,249,196,60124.65318087
64180,249,197,59897.26993349
64181,249,198,36576.3891948
64182,249,199,39346.53453481
64183,249,200,68721.01677619
64184,249,201,52769.45789058
64185,249,202,78507.44107619
64186,249,203,73720.76383488
64187,249,204,65116.82716679
64188,249,205,57367.9046346
64189,249,206,48401.03129814
64190,249,207,81935.96866427
64191,249,208,42629.8859336
64192,249,209,26273.26954754
64193,249,210,27568.21127775
64194,249,211,24361.81702717
64195,249,212,48768.27535954
64196,249,213,56034.24541265
64197,249,214,61667.04211284
64198,249,215,44238.91210976
64199,249,216,33206.80812484
64200,249,217,38829.9098427
64201,249,218,40475.66940871
64202,249,219,68757.24231706
64203,249,220,72892.75461994
64204,249,221,36223.37138115
64205,249,222,52091.35985545
64206,249,223,30460.0331001
64207,249,224,77422.31792324
64208,249,225,35446.32846425
64209,249,226,57853.26801642
64210,249,227,46528.5099174
64211,249,228,79440.12742924
64212,249,229,63880.21274096
64213,249,230,66160.68075819
64214,249,231,26846.16016265
64215,249,232,27046.05350933
64216,249,233,26621.9804878
64217,249,234,27704.98527205
64218,249,235,27299.95503548
64219,249,236,26348.21776512
64220,249,237,27566.75661548
64221,249,238,2241.55121707
64222,249,239,9272.69921652
64223,249,240,1054.23743074
64224,249,241,18038.96892842
64225,249,242,12603.65932298
64226,249,243,19682.83497791
64227,249,244,5058.41233614
64228,249,245,5490.02955922
64229,249,246,4763.14925351
64230,249,247,8169.9639187
64231,249,248,6299.84238518
64232,249,249,0.0
64233,249,250,3080.87005651
64234,249,251,10472.52477012
64235,249,252,16788.54849908
64236,249,253,20558.13243287
64237,249,254,3847.7327966
64238,249,255,2533.95888054
64239,249,256,4389.29505185
64240,249,257,7310.94150802
64241,249,258,14134.51246778
64242,250,1,24030.19422684
64243,250,2,16463.00528337
64244,250,3,23344.78347672
64245,250,4,20530.60439792
64246,250,5,17270.73790872
64247,250,6,18384.190809
64248,250,7,27738.27063897
64249,250,8,21981.67308594
64250,250,9,22501.87640944
64251,250,10,28691.36830106
64252,250,11,26955.29591484
64253,250,12,25694.67868023
64254,250,13,24515.18657549
64255,250,14,19676.94152837
64256,250,15,21485.36672736
64257,250,16,15396.88134526
64258,250,17,30111.94915382
64259,250,18,29055.86350341
64260,250,19,21272.66571221
64261,250,20,25184.54414585
64262,250,21,32711.71088029
64263,250,22,16987.93689025
64264,250,23,20613.93034919
64265,250,24,20216.26592011
64266,250,25,23615.80600808
64267,250,26,18494.90794852
64268,250,27,31488.7889406
64269,250,28,26435.15312161
64270,250,29,19414.51180011
64271,250,30,28032.47178367
64272,250,31,20841.78741649
64273,250,32,23057.35682658
64274,250,33,34304.94427673
64275,250,34,24011.06016987
64276,250,35,21720.04688656
64277,250,36,15599.94111743
64278,250,37,14741.65467868
64279,250,38,20555.32920754
64280,250,39,20477.95971486
64281,250,40,39916.89253463
64282,250,41,33335.90928388
64283,250,42,31624.73922971
64284,250,43,44400.76306317
64285,250,44,33574.27628715
64286,250,45,30426.99167066
64287,250,46,32658.08028862
64288,250,47,49894.98282984
64289,250,48,50994.8993042
64290,250,49,29617.0704639
64291,250,50,46408.44427965
64292,250,51,27901.66836662
64293,250,52,27872.89993607
64294,250,53,23346.74634427
64295,250,54,28597.29722627
64296,250,55,23919.30536123
64297,250,56,30837.04700814
64298,250,57,20591.32333269
64299,250,58,21225.39189169
64300,250,59,29451.96781638
64301,250,60,26055.08165079
64302,250,61,31645.83762937
64303,250,62,20864.90741743
64304,250,63,24407.21174989
64305,250,64,26412.90583011
64306,250,65,25317.26796296
64307,250,66,21855.10875073
64308,250,67,28214.00239069
64309,250,68,27758.78928635
64310,250,69,41605.15037777
64311,250,70,30181.03385117
64312,250,71,49357.43863432
64313,250,72,34479.95585249
64314,250,73,51276.9146442
64315,250,74,42912.05256029
64316,250,75,35627.37851143
64317,250,76,47346.05248535
64318,250,77,54130.93874344
64319,250,78,53493.92153791
64320,250,79,36836.71825384
64321,250,80,46215.6958353
64322,250,81,44779.33966975
64323,250,82,36960.08166152
64324,250,83,32477.42134757
64325,250,84,46864.66604059
64326,250,85,38653.45181151
64327,250,86,31502.60155744
64328,250,87,29129.97377661
64329,250,88,30014.66278751
64330,250,89,34010.47928219
64331,250,90,25560.89931519
64332,250,91,24914.8360849
64333,250,92,27884.16290915
64334,250,93,18370.21096841
64335,250,94,20753.03348471
64336,250,95,26179.08844063
64337,250,96,33157.34243636
64338,250,97,37172.79392015
64339,250,98,35907.90258174
64340,250,99,22737.40195166
64341,250,100,32157.20431518
64342,250,101,24508.8724707
64343,250,102,22093.73548054
64344,250,103,38055.92823729
64345,250,104,30588.67994404
64346,250,105,26872.41802968
64347,250,106,19959.70010373
64348,250,107,25419.74190625
64349,250,108,34474.33732581
64350,250,109,29260.45480273
64351,250,110,39752.68396824
64352,250,111,32651.62023363
64353,250,112,20890.02992226
64354,250,113,40747.66033481
64355,250,114,29140.01281061
64356,250,115,42941.67230291
64357,250,116,22794.09702213
64358,250,117,22379.56504248
64359,250,118,37215.63353334
64360,250,119,44492.52514674
64361,250,120,34740.06163115
64362,250,121,22798.68578233
64363,250,122,38121.00540068
64364,250,123,22308.26196751
64365,250,124,20988.4962931
64366,250,125,26171.07510758
64367,250,126,35660.2541581
64368,250,127,23316.93432214
64369,250,128,23263.11642008
64370,250,129,27161.34694289
64371,250,130,19608.55165146
64372,250,131,40943.27141331
64373,250,132,20110.14435399
64374,250,133,41531.34225116
64375,250,134,10628.13488454
64376,250,135,11045.82041967
64377,250,136,13351.14218761
64378,250,137,24927.99606773
64379,250,138,27135.18420784
64380,250,139,11975.70529132
64381,250,140,17379.60781712
64382,250,141,19409.16363532
64383,250,142,11523.73115741
64384,250,143,9387.17843142
64385,250,144,11579.80209048
64386,250,145,8382.47155444
64387,250,146,22674.57909387
64388,250,147,19357.94849611
64389,250,148,25282.28731064
64390,250,149,21909.56378199
64391,250,150,29998.59300025
64392,250,151,20828.87727007
64393,250,152,24507.00015302
64394,250,153,19708.9062917
64395,250,154,19668.15399003
64396,250,155,28575.22354153
64397,250,156,27643.1136544
64398,250,157,21115.19965054
64399,250,158,31423.80520853
64400,250,159,28461.78742448
64401,250,160,29197.9624911
64402,250,161,27266.95924813
64403,250,162,26472.57551803
64404,250,163,25615.0719941
64405,250,164,23824.13738626
64406,250,165,23342.12353325
64407,250,166,26446.83514783
64408,250,167,19200.86856809
64409,250,168,48417.41806771
64410,250,169,47098.61635396
64411,250,170,47396.53860611
64412,250,171,49361.24825922
64413,250,172,46679.80628008
64414,250,173,47638.92786772
64415,250,174,49224.1479578
64416,250,175,46204.30240568
64417,250,176,45785.90139468
64418,250,177,46120.43579104
64419,250,178,39987.10478048
64420,250,179,36362.24672631
64421,250,180,41977.96121905
64422,250,181,48037.69725524
64423,250,182,52225.89025516
64424,250,183,56635.51900248
64425,250,184,44710.13557097
64426,250,185,38181.91842603
64427,250,186,50962.06270906
64428,250,187,55435.26531078
64429,250,188,60456.52701001
64430,250,189,58783.88006885
64431,250,190,58313.97605434
64432,250,191,58732.00613095
64433,250,192,59049.82146779
64434,250,193,58733.7988657
64435,250,194,58557.55949906
64436,250,195,58723.16370407
64437,250,196,60485.33662323
64438,250,197,59271.17200087
64439,250,198,37070.91139612
64440,250,199,39930.12015304
64441,250,200,69077.1549276
64442,250,201,53301.45990266
64443,250,202,78762.66894465
64444,250,203,74002.73097407
64445,250,204,65501.29824088
64446,250,205,57733.25574576
64447,250,206,49003.51726205
64448,250,207,82262.54620444
64449,250,208,43158.23028998
64450,250,209,25234.53472404
64451,250,210,27079.71653749
64452,250,211,22805.55500289
64453,250,212,45752.0601231
64454,250,213,52990.87037947
64455,250,214,60987.03962418
64456,250,215,43466.34501986
64457,250,216,32402.01806372
64458,250,217,38103.14812085
64459,250,218,39678.26042572
64460,250,219,67804.25852249
64461,250,220,71869.91207949
64462,250,221,35611.88829276
64463,250,222,51506.80543597
64464,250,223,29746.18963775
64465,250,224,76325.94095728
64466,250,225,34673.47811149
64467,250,226,57256.48228396
64468,250,227,45860.33657602
64469,250,228,78303.26453963
64470,250,229,63090.9753461
64471,250,230,65292.13476624
64472,250,231,26316.83307851
64473,250,232,26550.514439
64474,250,233,26056.24514541
64475,250,234,27328.66094825
64476,250,235,26849.91427383
64477,250,236,25743.0124847
64478,250,237,27160.86011042
64479,250,238,1509.55398022
64480,250,239,10297.82498204
64481,250,240,3807.2831634
64482,250,241,17787.03680453
64483,250,242,12917.39462363
64484,250,243,19056.44323334
64485,250,244,6931.287073
64486,250,245,6911.5179022
64487,250,246,7053.8960989
64488,250,247,9015.76546373
64489,250,248,7442.17118159
64490,250,249,3080.87005651
64491,250,250,0.0
64492,250,251,11578.57299203
64493,250,252,16462.83234941
64494,250,253,19708.75045105
64495,250,254,6316.91765357
64496,250,255,5091.20282895
64497,250,256,1321.77329381
64498,250,257,8025.10106725
64499,250,258,14095.96064622
64500,251,1,14728.27238742
64501,251,2,7799.0697534
64502,251,3,13803.24851819
64503,251,4,10390.45690514
64504,251,5,8170.60292434
64505,251,6,8783.74962755
64506,251,7,19056.90881423
64507,251,8,12001.3226695
64508,251,9,12729.68406612
64509,251,10,19506.62803664
64510,251,11,18261.52278526
64511,251,12,16842.86065225
64512,251,13,15507.20246986
64513,251,14,9763.13384488
64514,251,15,11260.20905215
64515,251,16,7667.31786517
64516,251,17,19276.50807563
64517,251,18,18247.73020994
64518,251,19,12339.96550801
64519,251,20,14489.88149664
64520,251,21,21738.00526809
64521,251,22,14484.51782453
64522,251,23,14024.93423548
64523,251,24,12719.1444467
64524,251,25,13389.02827841
64525,251,26,14391.46570287
64526,251,27,20560.0277776
64527,251,28,15709.03886969
64528,251,29,14685.85642898
64529,251,30,17253.06770703
64530,251,31,12399.49171394
64531,251,32,13064.64154695
64532,251,33,23231.69819874
64533,251,34,13485.96603609
64534,251,35,12330.88774492
64535,251,36,14712.92728571
64536,251,37,14403.49809988
64537,251,38,12513.10770205
64538,251,39,14361.93798686
64539,251,40,28663.15057399
64540,251,41,22495.56122326
64541,251,42,21684.70690644
64542,251,43,32973.18589411
64543,251,44,22851.9569431
64544,251,45,20579.54986676
64545,251,46,22523.95951598
64546,251,47,38405.21660093
64547,251,48,39499.68621255
64548,251,49,20221.05324256
64549,251,50,34940.52545735
64550,251,51,18937.32661324
64551,251,52,19298.08514059
64552,251,53,16851.36352508
64553,251,54,20115.56481324
64554,251,55,24604.40058068
64555,251,56,22057.28994806
64556,251,57,17660.51334533
64557,251,58,17005.53646892
64558,251,59,20896.6890609
64559,251,60,17749.49900937
64560,251,61,22287.73311343
64561,251,62,19442.45636245
64562,251,63,17016.74030334
64563,251,64,27457.83203178
64564,251,65,17548.06987683
64565,251,66,16588.4987181
64566,251,67,23353.0475716
64567,251,68,22439.41044059
64568,251,69,44224.02956233
64569,251,70,26762.1561684
64570,251,71,53125.5146563
64571,251,72,33764.40567159
64572,251,73,54958.38542191
64573,251,74,45699.45326209
64574,251,75,35474.89963133
64575,251,76,51038.0820929
64576,251,77,57126.35190727
64577,251,78,57031.88651231
64578,251,79,37279.7716471
64579,251,80,49507.04636798
64580,251,81,48025.7017003
64581,251,82,38553.57545696
64582,251,83,25180.73529521
64583,251,84,50354.02227233
64584,251,85,40671.79789461
64585,251,86,24425.2336213
64586,251,87,25012.55323465
64587,251,88,23511.45804925
64588,251,89,26590.77200494
64589,251,90,17104.51151092
64590,251,91,15337.90239421
64591,251,92,20093.49109299
64592,251,93,7411.3436291
64593,251,94,10158.03043996
64594,251,95,17092.6375275
64595,251,96,26772.12210425
64596,251,97,31110.80106305
64597,251,98,29832.3945693
64598,251,99,12024.07346484
64599,251,100,25433.32116982
64600,251,101,14625.26756116
64601,251,102,11388.52170332
64602,251,103,32157.27720896
64603,251,104,23223.1302537
64604,251,105,18802.48033413
64605,251,106,9019.95059913
64606,251,107,16129.05985367
64607,251,108,28383.51220539
64608,251,109,21819.10295689
64609,251,110,31275.61983344
64610,251,111,23216.59184281
64611,251,112,9782.8740678
64612,251,113,32634.74805525
64613,251,114,19643.5955556
64614,251,115,35280.50867422
64615,251,116,13607.34087526
64616,251,117,11002.00032819
64617,251,118,28162.2156551
64618,251,119,37086.2033624
64619,251,120,25319.15947818
64620,251,121,11339.16303951
64621,251,122,29304.02893432
64622,251,123,12895.89780476
64623,251,124,11442.05595401
64624,251,125,16740.10933002
64625,251,126,26397.50367319
64626,251,127,14476.64862496
64627,251,128,11740.91219235
64628,251,129,17714.23643259
64629,251,130,9267.09676191
64630,251,131,33129.71266949
64631,251,132,10504.6774728
64632,251,133,33846.70017838
64633,251,134,16326.95845526
64634,251,135,13527.44828487
64635,251,136,13738.74136186
64636,251,137,22071.51654866
64637,251,138,24228.61010952
64638,251,139,13432.65270347
64639,251,140,16510.53806091
64640,251,141,18579.03552431
64641,251,142,16299.79552997
64642,251,143,16124.01582187
64643,251,144,15143.29284919
64644,251,145,14411.47545573
64645,251,146,20513.18749091
64646,251,147,10570.41887368
64647,251,148,14089.40576892
64648,251,149,14171.2799525
64649,251,150,18453.49400068
64650,251,151,10832.16161133
64651,251,152,13366.42923812
64652,251,153,10474.73512604
64653,251,154,11690.59446786
64654,251,155,17259.48705674
64655,251,156,20741.43074277
64656,251,157,13074.68616062
64657,251,158,19856.3549037
64658,251,159,21697.1218316
64659,251,160,17738.67191693
64660,251,161,16008.68117994
64661,251,162,15235.05461886
64662,251,163,18467.09514854
64663,251,164,12774.5203521
64664,251,165,15761.81910858
64665,251,166,19295.22289351
64666,251,167,10836.39394398
64667,251,168,36839.28612965
64668,251,169,35531.84364908
64669,251,170,35818.79658728
64670,251,171,37788.7425638
64671,251,172,35140.06114337
64672,251,173,36090.397632
64673,251,174,37672.48120072
64674,251,175,34781.4249187
64675,251,176,34508.08063345
64676,251,177,34608.72456043
64677,251,178,34881.98715283
64678,251,179,30649.36267066
64679,251,180,37000.52895669
64680,251,181,42594.85974165
64681,251,182,46470.67244709
64682,251,183,51003.22932539
64683,251,184,39503.79366249
64684,251,185,32613.13397556
64685,251,186,45348.73279739
64686,251,187,49731.05008699
64687,251,188,49967.78977917
64688,251,189,48971.26355162
64689,251,190,49590.04347245
64690,251,191,49247.82496148
64691,251,192,48771.25529083
64692,251,193,49397.14957941
64693,251,194,49510.10262059
64694,251,195,48657.82783122
64695,251,196,49777.88927257
64696,251,197,50742.62770621
64697,251,198,26197.616781
64698,251,199,28920.42493774
64699,251,200,58368.14257802
64700,251,201,42347.58291697
64701,251,202,68208.02391287
64702,251,203,63408.07790528
64703,251,204,54751.59958923
64704,251,205,47021.85820096
64705,251,206,37958.717796
64706,251,207,71590.11193949
64707,251,208,32221.38801422
64708,251,209,18872.35476494
64709,251,210,18685.72569074
64710,251,211,18823.42833762
64711,251,212,50229.73871138
64712,251,213,57832.73922898
64713,251,214,52600.48263611
64714,251,215,35535.68375021
64715,251,216,24832.38992852
64716,251,217,30126.05911018
64717,251,218,31894.17723467
64718,251,219,60198.69985523
64719,251,220,64463.80715766
64720,251,221,27330.87132385
64721,251,222,42920.46470947
64722,251,223,21969.59055904
64723,251,224,69136.37715801
64724,251,225,26927.94178352
64725,251,226,48659.41271152
64726,251,227,37576.34737264
64727,251,228,71238.80651058
64728,251,229,55010.91042914
64729,251,230,57438.55008175
64730,251,231,18087.70632647
64731,251,232,18202.43423645
64732,251,233,17958.29731582
64733,251,234,18580.70789783
64734,251,235,18345.89249439
64735,251,236,17792.01478662
64736,251,237,18508.54167932
64737,251,238,12061.59576622
64738,251,239,1285.72529364
64739,251,240,9514.71619264
64740,251,241,9334.22303048
64741,251,242,3589.65859227
64742,251,243,11760.57074583
64743,251,244,5598.27203183
64744,251,245,4983.06596258
64745,251,246,6390.08191464
64746,251,247,2608.47669182
64747,251,248,4213.90577948
64748,251,249,10472.52477012
64749,251,250,11578.57299203
64750,251,251,0.0
64751,251,252,8485.70691085
64752,251,253,13166.39757433
64753,251,254,7293.99314968
64754,251,255,8282.70609937
64755,251,256,12065.67979136
64756,251,257,3614.48547033
64757,251,258,5643.07944257
64758,252,1,7594.03386132
64759,252,2,1053.89359031
64760,252,3,7000.57569577
64761,252,4,5063.97339964
64762,252,5,1726.44358074
64763,252,6,2901.9609202
64764,252,7,11356.32683887
64765,252,8,6052.56020222
64766,252,9,6339.66743535
64767,252,10,12231.07335514
64768,252,11,10561.03199482
64769,252,12,9254.0352936
64770,252,13,8053.00544008
64771,252,14,4136.34594923
64772,252,15,5922.27582874
64773,252,16,1068.66202121
64774,252,17,14522.1545693
64775,252,18,13485.52008676
64776,252,19,4819.86136434
64777,252,20,9756.54633175
64778,252,21,17215.00923117
64779,252,22,8146.52484023
64780,252,23,5558.77718207
64781,252,24,4273.69476802
64782,252,25,7751.49898575
64783,252,26,6956.56172011
64784,252,27,15973.96648039
64785,252,28,10933.01247212
64786,252,29,6827.79794666
64787,252,30,12485.72253612
64788,252,31,4411.74201047
64789,252,32,7021.6709338
64790,252,33,18919.89502377
64791,252,34,8468.1234402
64792,252,35,5386.50610478
64793,252,36,9525.79302649
64794,252,37,9769.51760833
64795,252,38,4262.64842576
64796,252,39,5972.92750399
64797,252,40,24733.87586958
64798,252,41,17613.2502279
64799,252,42,15251.79784697
64800,252,43,29646.0914346
64801,252,44,17697.68703549
64802,252,45,14037.99004341
64803,252,46,16350.68460335
64804,252,47,35312.95043258
64805,252,48,36422.63826109
64806,252,49,13155.88824264
64807,252,50,31786.55654084
64808,252,51,11460.25442718
64809,252,52,11524.87942712
64810,252,53,8365.89593712
64811,252,54,12291.03848196
64812,252,55,18471.27263658
64813,252,56,14458.05010154
64814,252,57,10332.0447168
64815,252,58,9102.68417174
64816,252,59,13129.458809
64817,252,60,9780.40049022
64818,252,61,15183.30230896
64819,252,62,12717.74225355
64820,252,63,8642.16014345
64821,252,64,21270.16735087
64822,252,65,9309.32439488
64823,252,66,8315.99417816
64824,252,67,14962.19611226
64825,252,68,13995.27376142
64826,252,69,38095.31466707
64827,252,70,18626.04517588
64828,252,71,47426.17487246
64829,252,72,26364.61328292
64830,252,73,49171.13633965
64831,252,74,39621.58897832
64832,252,75,28258.40592283
64833,252,76,45340.40998879
64834,252,77,50917.72142597
64835,252,78,51123.87615105
64836,252,79,30271.42661234
64837,252,80,43613.75238067
64838,252,81,42143.47953641
64839,252,82,32063.72569392
64840,252,83,16893.86513037
64841,252,84,44554.16842538
64842,252,85,34330.70645015
64843,252,86,16074.00709753
64844,252,87,16739.58185866
64845,252,88,15055.61924461
64846,252,89,18354.77553515
64847,252,90,9219.59026563
64848,252,91,8533.821138
64849,252,92,11909.43120672
64850,252,93,5605.53368145
64851,252,94,5979.32657035
64852,252,95,9717.71991261
64853,252,96,18321.97166759
64854,252,97,22647.56875192
64855,252,98,21366.16811715
64856,252,99,7699.27225008
64857,252,100,17020.89596717
64858,252,101,8290.46152096
64859,252,102,7175.43130199
64860,252,103,23685.25756813
64861,252,104,14934.78398926
64862,252,105,10722.89934988
64863,252,106,6272.86424943
64864,252,107,8966.78442958
64865,252,108,19913.73017482
64866,252,109,13536.05293786
64867,252,110,23547.68629727
64868,252,111,16188.82702072
64869,252,112,7308.09584854
64870,252,113,24723.12517185
64871,252,114,12688.23400136
64872,252,115,27193.38601539
64873,252,116,6356.45960571
64874,252,117,9327.43602136
64875,252,118,20807.80529066
64876,252,119,28920.39886068
64877,252,120,18278.13388668
64878,252,121,10074.91592778
64879,252,122,21780.43750911
64880,252,123,5954.34581058
64881,252,124,4808.14081386
64882,252,125,9731.4209681
64883,252,126,19211.67017661
64884,252,127,6859.19470494
64885,252,128,10888.24724679
64886,252,129,10715.37286319
64887,252,130,4768.94758571
64888,252,131,25088.77415597
64889,252,132,4105.78128777
64890,252,133,25759.68828716
64891,252,134,15445.68124577
64892,252,135,11519.47426024
64893,252,136,9987.54663683
64894,252,137,14338.19690398
64895,252,138,16352.55575112
64896,252,139,10686.25750649
64897,252,140,10750.90296806
64898,252,141,12369.73451053
64899,252,142,14757.39956735
64900,252,143,16063.46816819
64901,252,144,13166.21982132
64902,252,145,14533.43560957
64903,252,146,13240.18534551
64904,252,147,2930.29874921
64905,252,148,10913.3787207
64906,252,149,5838.79615082
64907,252,150,16759.25714214
64908,252,151,5105.98158653
64909,252,152,10111.92087841
64910,252,153,3464.94900887
64911,252,154,3375.25173785
64912,252,155,14194.43643568
64913,252,156,12316.70083294
64914,252,157,4842.52524583
64915,252,158,18371.9166928
64916,252,159,13260.36746337
64917,252,160,15384.79025219
64918,252,161,12834.75135409
64919,252,162,12072.25165674
64920,252,163,10059.88008848
64921,252,164,9307.16993494
64922,252,165,7416.09313018
64923,252,166,10900.55068168
64924,252,167,2750.08087605
64925,252,168,35048.40207251
64926,252,169,33254.83383638
64927,252,170,33855.0762321
64928,252,171,36201.41418821
64929,252,172,34112.41183474
64930,252,173,34936.58178291
64931,252,174,36435.14260574
64932,252,175,34569.39544444
64933,252,176,34928.67446403
64934,252,177,33849.35259001
64935,252,178,26399.67999313
64936,252,179,22166.29720938
64937,252,180,28519.69199367
64938,252,181,34115.97532295
64939,252,182,38016.67132655
64940,252,183,42545.67816365
64941,252,184,31018.11578789
64942,252,185,24128.68790573
64943,252,186,36882.21599262
64944,252,187,41277.68188666
64945,252,188,44138.23743222
64946,252,189,42321.16219386
64947,252,190,42079.69635855
64948,252,191,42291.12143795
64949,252,192,42654.4620459
64950,252,193,42317.62586604
64951,252,194,42212.47285952
64952,252,195,42280.58705362
64953,252,196,44295.87689755
64954,252,197,43120.78049057
64955,252,198,21282.49251341
64956,252,199,24268.5115969
64957,252,200,52860.44853791
64958,252,201,37384.46488945
64959,252,202,62438.69500793
64960,252,203,57706.43518812
64961,252,204,49324.43679284
64962,252,205,41558.46628785
64963,252,206,33249.16428245
64964,252,207,65995.19838692
64965,252,208,27334.029792
64966,252,209,10386.84679123
64967,252,210,10785.8191687
64968,252,211,10860.15047513
64969,252,212,45032.38344275
64970,252,213,52699.95580981
64971,252,214,44906.45175807
64972,252,215,27558.66642124
64973,252,216,16628.21736619
64974,252,217,22133.75030149
64975,252,218,23832.92967888
64976,252,219,52179.80968931
64977,252,220,56384.50345871
64978,252,221,19464.99602369
64979,252,222,35308.95712839
64980,252,223,13807.75131698
64981,252,224,60997.53878713
64982,252,225,18810.62269018
64983,252,226,41071.19080416
64984,252,227,29777.26499386
64985,252,228,63067.32536288
64986,252,229,47173.24926135
64987,252,230,49509.06746771
64988,252,231,10080.19808358
64989,252,232,10266.63254311
64990,252,233,9877.63241844
64991,252,234,10924.85385586
64992,252,235,10511.93965136
64993,252,236,9636.30969387
64994,252,237,10780.34584153
64995,252,238,17549.81061517
64996,252,239,8896.12228041
64997,252,240,16104.20371382
64998,252,241,1357.45421492
64999,252,242,4924.03179531
65000,252,243,3274.99432041
65001,252,244,13033.45604629
65002,252,245,12052.6372659
65003,252,246,14063.48940834
65004,252,247,9294.01991335
65005,252,248,11110.65531224
65006,252,249,16788.54849908
65007,252,250,16462.83234941
65008,252,251,8485.70691085
65009,252,252,0.0
65010,252,253,4735.42530053
65011,252,254,14765.03051783
65012,252,255,15328.22733935
65013,252,256,16274.06100372
65014,252,257,9813.19264037
65015,252,258,2900.39999031
65016,253,1,6501.72623897
65017,253,2,5624.92846258
65018,253,3,6594.31356725
65019,253,4,7169.6556934
65020,253,5,5733.78421144
65021,253,6,6149.44564196
65022,253,7,8571.54525452
65023,253,8,7058.26323061
65024,253,9,6733.60137317
65025,253,10,9950.33260317
65026,253,11,7882.38678393
65027,253,12,6989.96515443
65028,253,13,6314.95303234
65029,253,14,6595.40087624
65030,253,15,7554.82888619
65031,253,16,5501.82379145
65032,253,17,14454.6175967
65033,253,18,13547.94527645
65034,253,19,4535.83692777
65035,253,20,10537.05165804
65036,253,21,17042.24595778
65037,253,22,6097.40973745
65038,253,23,924.46497927
65039,253,24,1668.18847504
65040,253,25,8342.19885158
65041,253,26,3854.72256853
65042,253,27,15873.09267552
65043,253,28,11416.69682357
65044,253,29,3031.50704388
65045,253,30,12694.75188963
65046,253,31,3483.76840936
65047,253,32,7489.54969855
65048,253,33,18762.40551741
65049,253,34,9371.07007247
65050,253,35,5609.12744959
65051,253,36,8225.86191909
65052,253,37,8887.90730863
65053,253,38,2688.86379509
65054,253,39,1260.58559255
65055,253,40,24503.66875148
65056,253,41,17130.44614271
65057,253,42,13610.33200565
65058,253,43,29624.48708292
65059,253,44,16991.38685902
65060,253,45,12407.9033186
65061,253,46,14865.32745478
65062,253,47,35283.29894276
65063,253,48,36377.28409566
65064,253,49,11032.31805296
65065,253,50,31809.60679217
65066,253,51,9000.12432153
65067,253,52,8604.01589055
65068,253,53,3801.21866057
65069,253,54,9209.41955539
65070,253,55,15238.39198772
65071,253,56,11531.54070043
65072,253,57,6648.00063439
65073,253,58,4861.57744474
65074,253,59,10064.40870756
65075,253,60,6734.6107503
65076,253,61,12820.60829573
65077,253,62,9391.4129775
65078,253,63,4722.69765874
65079,253,64,17880.84928632
65080,253,65,5722.11543157
65081,253,66,3670.94834339
65082,253,67,10226.79438474
65083,253,68,9274.67053082
65084,253,69,34438.96942917
65085,253,70,13968.56141744
65086,253,71,43940.04430194
65087,253,72,22070.39519924
65088,253,73,45624.56577274
65089,253,74,35980.82990187
65090,253,75,24055.62145404
65091,253,76,41870.26340916
65092,253,77,47130.29954415
65093,253,78,47499.34924268
65094,253,79,26173.10315454
65095,253,80,40045.82040886
65096,253,81,38593.60439205
65097,253,82,28256.79376274
65098,253,83,12811.66237681
65099,253,84,41032.07396273
65100,253,85,30587.38561382
65101,253,86,11882.14178881
65102,253,87,12028.13698241
65103,253,88,10614.03574229
65104,253,89,14332.53910571
65105,253,90,6431.8363336
65106,253,91,7590.502546
65107,253,92,8214.26863547
65108,253,93,9436.39336668
65109,253,94,8447.49322568
65110,253,95,7694.53846682
65111,253,96,13869.98393102
65112,253,97,18136.06611371
65113,253,98,16849.66700948
65114,253,99,9386.6559808
65115,253,100,12678.75653195
65116,253,101,7982.56379564
65117,253,102,9127.98150612
65118,253,103,19141.85498661
65119,253,104,10896.92071448
65120,253,105,7338.95517404
65121,253,106,9432.38591613
65122,253,107,7423.32643687
65123,253,108,15390.51678205
65124,253,109,9554.45596216
65125,253,110,20104.59759001
65126,253,111,13837.42973525
65127,253,112,10237.04892338
65128,253,113,21041.9044375
65129,253,114,10752.28031717
65130,253,115,23264.62279677
65131,253,116,5599.22825809
65132,253,117,12100.25734793
65133,253,118,17860.19612332
65134,253,119,24875.8234342
65135,253,120,15782.32905638
65136,253,121,12881.32745588
65137,253,122,18613.72226388
65138,253,123,5855.27485097
65139,253,124,5800.80729385
65140,253,125,8218.61087516
65141,253,126,16512.67771594
65142,253,127,5251.36275068
65143,253,128,13730.22202574
65144,253,129,9020.8107901
65145,253,130,7648.62796017
65146,253,131,21242.27146264
65147,253,132,5872.7914948
65148,253,133,21846.15322649
65149,253,134,16059.04751119
65150,253,135,12106.145886
65151,253,136,9751.89825716
65152,253,137,10006.9035696
65153,253,138,11871.55360724
65154,253,139,10985.86494541
65155,253,140,8626.4790569
65156,253,141,9563.10189893
65157,253,142,15071.7961326
65158,253,143,17061.767111
65159,253,144,13456.92538273
65160,253,145,15821.22142599
65161,253,146,9360.24843402
65162,253,147,4246.12029957
65163,253,148,12528.4098525
65164,253,149,2769.08630506
65165,253,150,18438.87821695
65166,253,151,6844.00159071
65167,253,152,11846.12841763
65168,253,153,5090.43452769
65169,253,154,2615.64555209
65170,253,155,15354.98763956
65171,253,156,8023.55488229
65172,253,157,2815.33424554
65173,253,158,20027.82287076
65174,253,159,8907.74146527
65175,253,160,16832.74775955
65176,253,161,14117.22090565
65177,253,162,13484.0366844
65178,253,163,5912.46539932
65179,253,164,11098.61012529
65180,253,165,3789.99911165
65181,253,166,6751.10141014
65182,253,167,3480.77272095
65183,253,168,35806.20133468
65184,253,169,33774.30441093
65185,253,170,34542.72068202
65186,253,171,37048.55749107
65187,253,172,35320.17929023
65188,253,173,36055.19825363
65189,253,174,37473.27753231
65190,253,175,36198.9732183
65191,253,176,36870.29619806
65192,253,177,35208.55513398
65193,253,178,21735.40917877
65194,253,179,17574.39120105
65195,253,180,23849.0285821
65196,253,181,29530.89446389
65197,253,182,33499.48753528
65198,253,183,38015.89359822
65199,253,184,26386.06066247
65200,253,185,19522.16337128
65201,253,186,32335.13685044
65202,253,187,36758.51965569
65203,253,188,42074.88702721
65204,253,189,39632.35176927
65205,253,190,38642.76206336
65206,253,191,39345.73086351
65207,253,192,40388.21257398
65208,253,193,39266.23880354
65209,253,194,38969.36209857
65210,253,195,39813.31735235
65211,253,196,42488.8694212
65212,253,197,39572.12789324
65213,253,198,20517.61798459
65214,253,199,23547.76387042
65215,253,200,50948.91392384
65216,253,201,36056.79930011
65217,253,202,60273.14921479
65218,253,203,55618.82400523
65219,253,204,47502.73551676
65220,253,205,39800.44082478
65221,253,206,32189.62942512
65222,253,207,63934.90616637
65223,253,208,26317.12738635
65224,253,209,5820.81926807
65225,253,210,7735.49658094
65226,253,211,6442.54461475
65227,253,212,41850.1793273
65228,253,213,49495.69381313
65229,253,214,41278.98758867
65230,253,215,23761.33180724
65231,253,216,12698.02646885
65232,253,217,18395.10317045
65233,253,218,19977.01270525
65234,253,219,48203.0071845
65235,253,220,52335.18342651
65236,253,221,15952.48551724
65237,253,222,31827.96092247
65238,253,223,10050.52949076
65239,253,224,56877.06253586
65240,253,225,14965.51535906
65241,253,226,37567.52148225
65242,253,227,26157.80323195
65243,253,228,58908.66600287
65244,253,229,43395.66254191
65245,253,230,45631.35436997
65246,253,231,6916.09334972
65247,253,232,7216.58300958
65248,253,233,6589.28278897
65249,253,234,8266.7368765
65250,253,235,7613.77456973
65251,253,236,6212.19287195
65252,253,237,8025.23699597
65253,253,238,20966.73539928
65254,253,239,13463.53589503
65255,253,240,20003.32337683
65256,253,241,4355.83625012
65257,253,242,9578.54893573
65258,253,243,1659.36120823
65259,253,244,17335.77422494
65260,253,245,16304.9128677
65261,253,246,18400.45275481
65262,253,247,13684.98369079
65263,253,248,15382.05353152
65264,253,249,20558.13243287
65265,253,250,19708.75045105
65266,253,251,13166.39757433
65267,253,252,4735.42530053
65268,253,253,0.0
65269,253,254,19015.20621646
65270,253,255,19417.22095138
65271,253,256,19264.08254999
65272,253,257,14051.5672918
65273,253,258,7524.4787248
65274,254,1,21750.97946446
65275,254,2,14362.9819459
65276,254,3,20883.8467833
65277,254,4,17582.49979879
65278,254,5,14948.35454984
65279,254,6,15779.73737705
65280,254,7,25940.41169833
65281,254,8,19175.38148497
65282,254,9,19859.69774082
65283,254,10,26549.60350753
65284,254,11,25138.88784732
65285,254,12,23752.95348538
65286,254,13,22448.59772386
65287,254,14,16884.75207131
65288,254,15,18481.40790907
65289,254,16,13756.13722277
65290,254,17,26562.15224944
65291,254,18,25536.90547949
65292,254,19,19193.31027241
65293,254,20,21783.32516744
65294,254,21,28999.2122096
65295,254,22,18288.78184297
65296,254,23,19933.70000732
65297,254,24,18993.81585125
65298,254,25,20628.27554392
65299,254,26,19063.19354064
65300,254,27,27831.8350561
65301,254,28,23003.00282809
65302,254,29,19702.40843101
65303,254,30,24544.90116346
65304,254,31,19066.23253603
65305,254,32,20253.40486831
65306,254,33,30464.69078767
65307,254,34,20767.33546981
65308,254,35,19341.18206031
65309,254,36,17616.44718839
65310,254,37,16961.77953038
65311,254,38,19018.36007363
65312,254,39,20058.83117762
65313,254,40,35804.23661469
65314,254,41,29776.0750023
65315,254,42,28915.55074085
65316,254,43,39957.5363524
65317,254,44,30142.14640289
65318,254,45,27789.12923161
65319,254,46,29786.2841172
65320,254,47,45284.11574932
65321,254,48,46365.84174822
65322,254,49,27326.78900474
65323,254,50,41864.93190121
65324,254,51,25909.59746846
65325,254,52,26149.12968624
65326,254,53,22816.38704593
65327,254,54,26945.38938347
65328,254,55,27098.15704723
65329,254,56,29003.82868107
65330,254,57,21880.5421312
65331,254,58,21870.64205003
65332,254,59,27760.17887898
65333,254,60,24483.6674965
65334,254,61,29397.81743493
65335,254,62,22926.58096061
65336,254,63,23377.07630727
65337,254,64,29821.0902754
65338,254,65,24074.35276362
65339,254,66,21962.51870455
65340,254,67,28726.8115341
65341,254,68,28008.19821511
65342,254,69,45902.65373774
65343,254,70,31505.80641879
65344,254,71,54155.62669302
65345,254,72,37224.74818636
65346,254,73,56052.69601519
65347,254,74,47288.16066932
65348,254,75,38652.34335678
65349,254,76,52104.39094557
65350,254,77,58658.34471538
65351,254,78,58226.54539338
65352,254,79,40150.0341998
65353,254,80,50813.97975865
65354,254,81,49350.59223517
65355,254,82,40782.8053042
65356,254,83,31640.95453512
65357,254,84,51543.21019627
65358,254,85,42675.33011235
65359,254,86,30790.0237265
65360,254,87,30064.67185993
65361,254,88,29626.84276621
65362,254,89,33113.47230105
65363,254,90,23882.39545857
65364,254,91,22447.2110612
65365,254,92,26673.58297495
65366,254,93,14704.93287495
65367,254,94,17433.00443191
65368,254,95,24080.96151652
65369,254,96,32885.13702082
65370,254,97,37138.71143748
65371,254,98,35852.20455752
65372,254,99,19315.64103667
65373,254,100,31668.84950752
65374,254,101,21803.94233008
65375,254,102,18678.45892309
65376,254,103,38126.9317709
65377,254,104,29685.19957204
65378,254,105,25467.16184649
65379,254,106,16313.83795067
65380,254,107,23167.00836957
65381,254,108,34392.79933857
65382,254,109,28290.76442342
65383,254,110,38193.79784321
65384,254,111,30350.74396789
65385,254,112,17060.6350927
65386,254,113,39446.76540476
65387,254,114,26770.37555976
65388,254,115,41956.72059952
65389,254,116,20575.52230751
65390,254,117,18166.16771032
65391,254,118,35226.7293176
65392,254,119,43683.43623283
65393,254,120,32460.45495831
65394,254,121,18424.90329412
65395,254,122,36310.49021841
65396,254,123,19923.77716581
65397,254,124,18485.20216331
65398,254,125,23824.81906287
65399,254,126,33506.36318111
65400,254,127,21343.39146659
65401,254,128,18725.4351456
65402,254,129,24812.76745215
65403,254,130,16490.27743993
65404,254,131,39845.44237211
65405,254,132,17547.1046265
65406,254,133,40522.61363105
65407,254,134,15401.26347312
65408,254,135,14299.14569134
65409,254,136,15803.71513527
65410,254,137,26416.21326451
65411,254,138,28657.82649071
65412,254,139,14818.70254594
65413,254,140,19532.68425322
65414,254,141,21695.06065939
65415,254,142,15947.63444849
65416,254,143,14524.25890465
65417,254,144,15433.43115884
65418,254,145,13093.38448765
65419,254,146,24440.21969338
65420,254,147,17316.38515005
65421,254,148,21320.54697383
65422,254,149,20601.24540544
65423,254,150,25302.83484478
65424,254,151,17994.70481508
65425,254,152,20617.88624144
65426,254,153,17388.84502078
65427,254,154,18137.69276208
65428,254,155,24412.20107903
65429,254,156,26976.32539723
65430,254,157,19597.7537548
65431,254,158,26600.96542947
65432,254,159,27891.99916619
65433,254,160,24758.91497282
65434,254,161,23201.05111156
65435,254,162,22441.7318184
65436,254,163,24759.11150092
65437,254,164,20048.65267587
65438,254,165,22170.07463418
65439,254,166,25606.18827082
65440,254,167,17416.9396942
65441,254,168,43319.08030216
65442,254,169,42195.80622658
65443,254,170,42373.76045163
65444,254,171,44179.61329139
65445,254,172,41347.79310778
65446,254,173,42334.29445713
65447,254,174,43926.16593195
65448,254,175,40632.47573706
65449,254,176,40048.44387897
65450,254,177,40712.18131155
65451,254,178,40533.97597536
65452,254,179,36523.40416292
65453,254,180,42615.28057761
65454,254,181,48453.91496292
65455,254,182,52482.43577463
65456,254,183,56985.50634091
65457,254,184,45239.73648758
65458,254,185,38445.9818546
65459,254,186,51295.75924824
65460,254,187,55737.36318539
65461,254,188,57259.54549269
65462,254,189,56227.65483343
65463,254,190,56634.82458953
65464,254,191,56455.66189642
65465,254,192,56063.99760565
65466,254,193,56578.40496039
65467,254,194,56631.6999585
65468,254,195,55939.45557783
65469,254,196,57052.47344775
65470,254,197,57738.82440966
65471,254,198,33468.31969588
65472,254,199,36158.32328431
65473,254,200,65639.01626298
65474,254,201,49581.63440472
65475,254,202,75492.67346968
65476,254,203,70690.30892369
65477,254,204,62018.12310901
65478,254,205,54297.24823347
65479,254,206,45171.60609601
65480,254,207,78861.80783921
65481,254,208,39471.56847189
65482,254,209,24832.88484255
65483,254,210,25466.12058899
65484,254,211,23638.86573625
65485,254,212,50789.44771886
65486,254,213,58190.44162568
65487,254,214,59561.74701178
65488,254,215,42303.93885617
65489,254,216,31392.23731651
65490,254,217,36877.64398369
65491,254,218,38592.01349022
65492,254,219,66941.00875149
65493,254,220,71149.5339135
65494,254,221,34162.96316436
65495,254,222,49914.03772222
65496,254,223,28571.55988862
65497,254,224,75758.20208294
65498,254,225,33573.55137921
65499,254,226,55669.55320723
65500,254,227,44465.37468617
65501,254,228,77821.54571976
65502,254,229,61889.22680287
65503,254,230,64253.36669354
65504,254,231,24799.52727333
65505,254,232,24959.23032441
65506,254,233,24619.23189611
65507,254,234,25480.12323968
65508,254,235,25159.8515926
65509,254,236,24394.06365338
65510,254,237,25375.34210456
65511,254,238,5992.5753193
65512,254,239,6269.61240897
65513,254,240,2797.68797651
65514,254,241,15886.87746638
65515,254,242,10093.45850954
65516,254,243,17901.23939961
65517,254,244,1756.79996465
65518,254,245,2717.6866684
65519,254,246,971.99506456
65520,254,247,5505.98819448
65521,254,248,3655.83429413
65522,254,249,3847.7327966
65523,254,250,6316.91765357
65524,254,251,7293.99314968
65525,254,252,14765.03051783
65526,254,253,19015.20621646
65527,254,254,0.0
65528,254,255,1315.69606123
65529,254,256,7414.9566839
65530,254,257,4972.30564078
65531,254,258,11916.88706463
65532,255,1,22486.96960849
65533,255,2,15004.04036168
65534,255,3,21650.25660507
65535,255,4,18422.83309927
65536,255,5,15641.70455919
65537,255,6,16538.26898049
65538,255,7,26602.63304407
65539,255,8,19998.48887928
65540,255,9,20655.2656626
65541,255,10,27279.96152536
65542,255,11,25801.40469243
65543,255,12,24433.57093266
65544,255,13,23147.06200229
65545,255,14,17689.70462572
65546,255,15,19338.23016805
65547,255,16,14293.78037535
65548,255,17,27550.27287201
65549,255,18,26516.98065906
65550,255,19,19874.95643971
65551,255,20,22730.24541393
65552,255,21,30020.69763296
65553,255,22,18272.52920837
65554,255,23,20340.52785917
65555,255,24,19502.86834908
65556,255,25,21493.62896576
65557,255,26,19206.57606334
65558,255,27,28841.43919911
65559,255,28,23959.94225736
65560,255,29,19909.35410362
65561,255,30,25516.63566366
65562,255,31,19686.74586787
65563,255,32,21082.10715131
65564,255,33,31510.32097387
65565,255,34,21681.15128684
65566,255,35,20082.58090625
65567,255,36,17443.62606211
65568,255,37,16738.95369241
65569,255,38,19590.84925702
65570,255,39,20413.55477994
65571,255,40,36901.25022349
65572,255,41,30772.98622275
65573,255,42,29759.16637065
65574,255,43,41108.75433384
65575,255,44,31117.7301976
65576,255,45,28616.47110053
65577,255,46,30661.71228284
65578,255,47,46462.68246798
65579,255,48,47547.47872268
65580,255,49,28087.88625459
65581,255,50,43032.03249307
65582,255,51,26609.02744679
65583,255,52,26797.87442888
65584,255,53,23212.65710582
65585,255,54,27583.32263112
65586,255,55,26739.77793719
65587,255,56,29683.70123149
65588,255,57,21897.17397963
65589,255,58,22020.74909156
65590,255,59,28408.7799287
65591,255,60,25095.67346237
65592,255,61,30157.31979119
65593,255,62,22788.0274275
65594,255,63,23876.73059707
65595,255,64,29421.31729229
65596,255,65,24619.8489503
65597,255,66,22223.75122525
65598,255,67,28940.40207907
65599,255,68,28272.63814763
65600,255,69,45324.58061904
65601,255,70,31561.5847584
65602,255,71,53457.77748437
65603,255,72,36991.83686222
65604,255,73,55361.81499036
65605,255,74,46692.12823717
65606,255,75,38360.18476595
65607,255,76,51415.59294249
65608,255,77,58032.8658343
65609,255,78,57548.11217366
65610,255,79,39795.64270376
65611,255,80,50165.30743946
65612,255,81,48707.6191677
65613,255,82,40311.94901134
65614,255,83,32135.83445943
65615,255,84,50874.59322958
65616,255,85,42160.06437204
65617,255,86,31257.82174552
65618,255,87,30196.54726067
65619,255,88,30026.12641086
65620,255,89,33624.46754207
65621,255,90,24512.47806833
65622,255,91,23222.77569241
65623,255,92,27224.47238293
65624,255,93,15662.73405891
65625,255,94,18343.63919691
65626,255,95,24793.21035273
65627,255,96,33271.8713375
65628,255,97,37488.86645447
65629,255,98,36203.60303717
65630,255,99,20255.65377138
65631,255,100,32094.98888166
65632,255,101,22621.5866587
65633,255,102,19614.06255081
65634,255,103,38458.21478611
65635,255,104,30186.98596267
65636,255,105,26051.10336937
65637,255,106,17279.08891083
65638,255,107,23904.82270859
65639,255,108,34745.59585528
65640,255,109,28800.61194793
65641,255,110,38844.02927841
65642,255,111,31122.7416743
65643,255,112,18064.33255576
65644,255,113,40050.20402411
65645,255,114,27544.54576191
65646,255,115,42503.83305913
65647,255,116,21293.27278259
65648,255,117,19243.71818405
65649,255,118,35951.99920035
65650,255,119,44199.29166298
65651,255,120,33233.74207888
65652,255,121,19531.01026223
65653,255,122,37004.54262328
65654,255,123,20669.9046546
65655,255,124,19245.21456578
65656,255,125,24583.41457139
65657,255,126,34258.68458186
65658,255,127,22017.79690675
65659,255,128,19859.97811363
65660,255,129,25575.84911248
65661,255,130,17355.85590798
65662,255,131,40410.61477287
65663,255,132,18312.10157926
65664,255,133,41071.82033713
65665,255,134,14618.61676113
65666,255,135,13824.91836358
65667,255,136,15517.81517304
65668,255,137,26417.5178201
65669,255,138,28661.71448173
65670,255,139,14437.53596984
65671,255,140,19349.83282441
65672,255,141,21500.91564332
65673,255,142,15246.54472487
65674,255,143,13652.77182074
65675,255,144,14849.03421185
65676,255,145,12298.59054232
65677,255,146,24373.07304446
65678,255,147,17976.03451159
65679,255,148,22365.57965547
65680,255,149,21139.47087832
65681,255,150,26476.43988603
65682,255,151,18815.76848177
65683,255,152,21647.83373689
65684,255,153,18104.61715529
65685,255,154,18701.72245624
65686,255,155,25499.72355518
65687,255,156,27420.93829143
65688,255,157,20170.69215551
65689,255,158,27795.06291382
65690,255,159,28321.0450698
65691,255,160,25891.92792794
65692,255,161,24269.39261701
65693,255,162,23502.05515275
65694,255,163,25231.25736186
65695,255,164,21056.29710209
65696,255,165,22691.10648645
65697,255,166,26079.33772656
65698,255,167,18025.74099371
65699,255,168,44561.03387357
65700,255,169,43412.5922677
65701,255,170,43606.02114007
65702,255,171,45431.7709399
65703,255,172,42616.03745688
65704,255,173,43599.83634764
65705,255,174,45191.41769709
65706,255,175,41924.26268921
65707,255,176,41353.14246629
65708,255,177,41988.3053782
65709,255,178,40773.87399623
65710,255,179,36832.80080837
65711,255,180,42840.62487732
65712,255,181,48733.53600999
65713,255,182,52799.47423952
65714,255,183,57288.54363449
65715,255,184,45491.52878684
65716,255,185,38739.00749601
65717,255,186,51595.79923064
65718,255,187,56048.80373887
65719,255,188,58224.70470675
65720,255,189,57082.00839127
65721,255,190,57330.98633367
65722,255,191,57260.48747264
65723,255,192,56992.71207786
65724,255,193,57361.58404483
65725,255,194,57373.2427544
65726,255,195,56833.33099919
65727,255,196,58056.58452488
65728,255,197,58408.64141031
65729,255,198,34478.88637514
65730,255,199,37200.76650874
65731,255,200,66648.15139344
65732,255,201,50627.73829035
65733,255,202,76478.10337275
65734,255,203,71680.97096974
65735,255,204,63032.96202587
65736,255,205,55300.25983461
65737,255,206,46232.51504537
65738,255,207,79869.55658149
65739,255,208,40503.78528354
65740,255,209,25214.4088108
65741,255,210,26090.70430584
65742,255,211,23761.58807298
65743,255,212,50026.17023292
65744,255,213,57386.50178588
65745,255,214,60213.0490162
65746,255,215,42885.79375911
65747,255,216,31920.3575143
65748,255,217,37461.52763986
65749,255,218,39152.5569579
65750,255,219,67491.23781851
65751,255,220,71674.97666178
65752,255,221,34783.60922082
65753,255,222,50587.62487931
65754,255,223,29122.66230196
65755,255,224,76256.7631061
65756,255,225,34125.36223053
65757,255,226,56347.75648823
65758,255,227,45094.87489577
65759,255,228,78304.48652906
65760,255,229,62500.28395651
65761,255,230,64835.25352799
65762,255,231,25402.40855678
65763,255,232,25577.26900673
65764,255,233,25205.5634649
65765,255,234,26150.26194956
65766,255,235,25797.98204893
65767,255,236,24962.03204565
65768,255,237,26032.8792468
65769,255,238,4683.98464242
65770,255,239,7168.20154923
65771,255,240,1482.28001844
65772,255,241,16504.42423875
65773,255,242,10818.33994969
65774,255,243,18387.23388047
65775,255,244,2698.11900418
65776,255,245,3397.42707297
65777,255,246,2236.94758368
65778,255,247,6236.09134855
65779,255,248,4318.0984553
65780,255,249,2533.95888054
65781,255,250,5091.20282895
65782,255,251,8282.70609937
65783,255,252,15328.22733935
65784,255,253,19417.22095138
65785,255,254,1315.69606123
65786,255,255,0.0
65787,255,256,6249.51579381
65788,255,257,5538.59824241
65789,255,258,12538.20778486
65790,256,1,23866.91102982
65791,256,2,16358.63507678
65792,256,3,23226.69936776
65793,256,4,20548.13632455
65794,256,5,17198.88180117
65795,256,6,18354.96759148
65796,256,7,27445.70412936
65797,256,8,21952.11852563
65798,256,9,22431.14340544
65799,256,10,28465.29135861
65800,256,11,26671.75498648
65801,256,12,25446.37574608
65802,256,13,24302.52407382
65803,256,14,19670.61970498
65804,256,15,21504.71592858
65805,256,16,15218.03983548
65806,256,17,30193.75589015
65807,256,18,29135.86050931
65808,256,19,21093.84151988
65809,256,20,25261.41163535
65810,256,21,32820.75533797
65811,256,22,16195.73365021
65812,256,23,20155.80020386
65813,256,24,19871.94610172
65814,256,25,23611.11024716
65815,256,26,17820.12587357
65816,256,27,31589.68982907
65817,256,28,26510.47560542
65818,256,29,18781.82672588
65819,256,30,28110.82359401
65820,256,31,20604.03069918
65821,256,32,23016.86807082
65822,256,33,34439.05242664
65823,256,34,24060.86746179
65824,256,35,21600.23558275
65825,256,36,14696.31161405
65826,256,37,13813.70718485
65827,256,38,20271.42638814
65828,256,39,19969.8106193
65829,256,40,40102.34128837
65830,256,41,33405.54839618
65831,256,42,31506.13854722
65832,256,43,44663.77782313
65833,256,44,33612.53585695
65834,256,45,30298.62914237
65835,256,46,32571.01521972
65836,256,47,50195.17360094
65837,256,48,51298.64768659
65838,256,49,29417.41589817
65839,256,50,46695.38014973
65840,256,51,27648.74497015
65841,256,52,27564.08687867
65842,256,53,22831.98831857
65843,256,54,28269.16927378
65844,256,55,22773.47091268
65845,256,56,30534.0821976
65846,256,57,19762.07273775
65847,256,58,20506.75556354
65848,256,59,29127.10642922
65849,256,60,25727.13750808
65850,256,61,31426.52507743
65851,256,62,19901.50507212
65852,256,63,23982.2390322
65853,256,64,25230.70649005
65854,256,65,24927.87745671
65855,256,66,21231.14019854
65856,256,67,27471.19749359
65857,256,68,27065.9825535
65858,256,69,40319.49344173
65859,256,70,29289.86662251
65860,256,71,48042.79145384
65861,256,72,33364.56795468
65862,256,73,49962.85478621
65863,256,74,41620.51129758
65864,256,75,34474.17860052
65865,256,76,46033.15153189
65866,256,77,52827.62875188
65867,256,78,52181.24307629
65868,256,79,35647.52419902
65869,256,80,44910.22108593
65870,256,81,43475.59796501
65871,256,82,35717.11759051
65872,256,83,31965.75743895
65873,256,84,45555.20919845
65874,256,85,37391.06283608
65875,256,86,30971.35311331
65876,256,87,28308.82666887
65877,256,88,29428.48601299
65878,256,89,33504.1234261
65879,256,90,25258.70965038
65880,256,91,24784.83453759
65881,256,92,27470.59394543
65882,256,93,18576.29500764
65883,256,94,20851.23950847
65884,256,95,25960.23994465
65885,256,96,32535.25081313
65886,256,97,36492.64093818
65887,256,98,35235.75281328
65888,256,99,22838.97511597
65889,256,100,31580.02779609
65890,256,101,24433.97102984
65891,256,102,22199.82537383
65892,256,103,37354.13353592
65893,256,104,30099.02321191
65894,256,105,26504.76100184
65895,256,106,20141.33296236
65896,256,107,25239.49486905
65897,256,108,33811.91615029
65898,256,109,28790.84449939
65899,256,110,39358.02913187
65900,256,111,32438.92596091
65901,256,112,21104.28520093
65902,256,113,40298.08879273
65903,256,114,28960.17268861
65904,256,115,42424.02181511
65905,256,116,22629.10389515
65906,256,117,22672.46148436
65907,256,118,36918.26533977
65908,256,119,43937.23344149
65909,256,120,34513.84399311
65910,256,121,23128.19488967
65911,256,122,37783.25885639
65912,256,123,22183.59123413
65913,256,124,20903.53361277
65914,256,125,26005.32753612
65915,256,126,35403.51092815
65916,256,127,23095.08415751
65917,256,128,23630.98113367
65918,256,129,26989.23386157
65919,256,130,19675.01119634
65920,256,131,40452.95270983
65921,256,132,20048.51670113
65922,256,133,41021.98053236
65923,256,134,9351.46570971
65924,256,135,9995.05425293
65925,256,136,12403.30198297
65926,256,137,24034.02406222
65927,256,138,26224.29876688
65928,256,139,10981.59657382
65929,256,140,16430.80567896
65930,256,141,18419.89661731
65931,256,142,10281.86263671
65932,256,143,8082.68395138
65933,256,144,10418.70892696
65934,256,145,7133.95606649
65935,256,146,21747.83685531
65936,256,147,19194.66905415
65937,256,148,25491.55153824
65938,256,149,21563.70447264
65939,256,150,30371.90958292
65940,256,151,20817.85603002
65941,256,152,24704.11968857
65942,256,153,19600.11920838
65943,256,154,19393.9778485
65944,256,155,28815.01970177
65945,256,156,27123.64437573
65946,256,157,20820.78653067
65947,256,158,31827.03654996
65948,256,159,27918.71366301
65949,256,160,29505.8410532
65950,256,161,27489.49028227
65951,256,162,26691.11985412
65952,256,163,25146.19289505
65953,256,164,23999.22522577
65954,256,165,22954.78576638
65955,256,166,25969.08339083
65956,256,167,18985.63793244
65957,256,168,48864.82551691
65958,256,169,47488.03043314
65959,256,170,47821.89955643
65960,256,171,49833.89718298
65961,256,172,47205.33040044
65962,256,173,48154.04459863
65963,256,174,49735.06094987
65964,256,175,46814.407802
65965,256,176,46459.81807546
65966,256,177,46672.58284703
65967,256,178,39196.49940905
65968,256,179,35649.4216744
65969,256,180,41167.31450612
65970,256,181,47252.99066759
65971,256,182,51462.00745904
65972,256,183,55849.65999688
65973,256,184,43912.14598454
65974,256,185,37445.34551834
65975,256,186,50186.77854662
65976,256,187,54659.10805249
65977,256,188,60378.51612042
65978,256,189,58561.68314702
65979,256,190,57905.92598412
65980,256,191,58448.7499706
65981,256,192,58924.33684358
65982,256,193,58424.60578837
65983,256,194,58200.16063571
65984,256,195,58551.9393378
65985,256,196,60463.70415724
65986,256,197,58832.00505512
65987,256,198,37137.24532756
65988,256,199,40029.33173722
65989,256,200,69047.5963625
65990,256,201,53360.268573
65991,256,202,78684.53979928
65992,256,203,73938.45783956
65993,256,204,65486.24582321
65994,256,205,57715.9218627
65995,256,206,49097.59160855
65996,256,207,82213.52358074
65997,256,208,43228.17540143
65998,256,209,24679.88389971
65999,256,210,26753.30730966
66000,256,211,22039.36021288
66001,256,212,44431.48802297
66002,256,213,51669.15614775
66003,256,214,60524.1625599
66004,256,215,42982.11167383
66005,256,216,31924.61339301
66006,256,217,37646.6038123
66007,256,218,39189.3036884
66008,256,219,67224.41070183
66009,256,220,71259.46623332
66010,256,221,35208.89927776
66011,256,222,51091.81192268
66012,256,223,29314.60749825
66013,256,224,75683.64872941
66014,256,225,34204.30692229
66015,256,226,56831.1378517
66016,256,227,45416.68130282
66017,256,228,77643.79798571
66018,256,229,62581.35340241
66019,256,230,64748.40565159
66020,256,231,25975.90442928
66021,256,232,26223.13160377
66022,256,233,25700.76623941
66023,256,234,27049.32568752
66024,256,235,26540.84641898
66025,256,236,25371.89911661
66026,256,237,26869.49976389
66027,256,238,2709.80653298
66028,256,239,10780.27208254
66029,256,240,5053.50826378
66030,256,241,17617.3023173
66031,256,242,13052.60894702
66032,256,243,18713.48375494
66033,256,244,7825.69057433
66034,256,245,7655.13246436
66035,256,246,8078.29149049
66036,256,247,9463.41027538
66037,256,248,8062.47637762
66038,256,249,4389.29505185
66039,256,250,1321.77329381
66040,256,251,12065.67979136
66041,256,252,16274.06100372
66042,256,253,19264.08254999
66043,256,254,7414.9566839
66044,256,255,6249.51579381
66045,256,256,0.0
66046,256,257,8457.34081366
66047,256,258,14061.40202654
66048,257,1,16962.86137167
66049,257,2,9465.69850664
66050,257,3,16142.73217039
66051,257,4,12991.76563691
66052,257,5,10108.63610036
66053,257,6,11034.88794491
66054,257,7,21064.17530483
66055,257,8,14541.77941285
66056,257,9,15170.71563465
66057,257,10,21751.27042716
66058,257,11,20262.90963018
66059,257,12,18895.45642249
66060,257,13,17611.44420416
66061,257,14,12221.92008829
66062,257,15,13924.51072715
66063,257,16,8793.25804037
66064,257,17,22340.16537572
66065,257,18,21292.49898817
66066,257,19,14337.58709609
66067,257,20,17451.88464091
66068,257,21,24884.86778249
66069,257,22,13787.30607846
66070,257,23,14968.20821905
66071,257,24,14026.13125906
66072,257,25,16082.92413861
66073,257,26,14304.33784009
66074,257,27,23679.01851011
66075,257,28,18696.21073031
66076,257,29,14866.63158388
66077,257,30,20277.71372211
66078,257,31,14152.7186626
66079,257,32,15628.27134739
66080,257,33,26437.15032746
66081,257,34,16345.01263696
66082,257,35,14563.05185235
66083,257,36,13457.27990251
66084,257,37,12941.88988436
66085,257,38,14073.73730311
66086,257,39,15111.48445509
66087,257,40,31978.88374773
66088,257,41,25571.98154691
66089,257,42,24305.03050662
66090,257,43,36399.99195201
66091,257,44,25867.22381042
66092,257,45,23147.63651823
66093,257,46,25242.99891677
66094,257,47,41877.54358055
66095,257,48,42976.31022447
66096,257,49,22571.79119213
66097,257,50,38396.11510253
66098,257,51,21072.84628068
66099,257,52,21260.42819186
66100,257,53,17852.00561925
66101,257,54,22047.45899852
66102,257,55,23258.08823852
66103,257,56,24145.2622533
66104,257,57,17285.18435867
66105,257,58,17087.88405719
66106,257,59,22871.49189309
66107,257,60,19565.30058387
66108,257,61,24639.34956115
66109,257,62,18609.60923196
66110,257,63,18408.67080659
66111,257,64,26065.99032545
66112,257,65,19119.32146682
66113,257,66,17069.97721967
66114,257,67,23860.21128225
66115,257,68,23102.8569489
66116,257,69,42573.8644562
66117,257,70,26808.02764978
66118,257,71,51204.4872861
66119,257,72,33013.14366078
66120,257,73,53069.45982909
66121,257,74,44011.56779067
66122,257,75,34567.58086541
66123,257,76,49128.04964269
66124,257,77,55439.04299157
66125,257,78,55191.50927663
66126,257,79,36209.11811769
66127,257,80,47700.29060243
66128,257,81,46223.17768659
66129,257,82,37152.19675985
66130,257,83,26672.89281863
66131,257,84,48496.62449848
66132,257,85,39166.05712559
66133,257,86,25818.39521999
66134,257,87,25276.66735834
66135,257,88,24659.61805618
66136,257,89,28149.11769349
66137,257,90,18977.58191814
66138,257,91,17719.18293607
66139,257,92,21721.42438245
66140,257,93,10474.262754
66141,257,94,13021.96737406
66142,257,95,19260.09819954
66143,257,96,27919.92407232
66144,257,97,32183.03809805
66145,257,98,30896.4593012
66146,257,99,14977.98300911
66147,257,100,26697.52584786
66148,257,101,17152.88310003
66149,257,102,14331.86153052
66150,257,103,33178.08334353
66151,257,104,24718.2603302
66152,257,105,20531.05657877
66153,257,106,12086.63531424
66154,257,107,18380.52374958
66155,257,108,29437.00898508
66156,257,109,23325.43267459
66157,257,110,33307.22541689
66158,257,111,25610.79169094
66159,257,112,12965.54849312
66160,257,113,34524.82846066
66161,257,114,22036.05184882
66162,257,115,37005.32900039
66163,257,116,15763.24173525
66164,257,117,14378.11620415
66165,257,118,30419.71286649
66166,257,119,38721.42190311
66167,257,120,27721.48858987
66168,257,121,14780.0390612
66169,257,122,31466.73351551
66170,257,123,15152.08290291
66171,257,124,13737.18944705
66172,257,125,19068.40569069
66173,257,126,28735.92249159
66174,257,127,16479.48292702
66175,257,128,15238.0275706
66176,257,129,20062.48180916
66177,257,130,11965.24711183
66178,257,131,34901.8794925
66179,257,132,12809.0733564
66180,257,133,35571.94110194
66181,257,134,13387.22877429
66182,257,135,11145.84031091
66183,257,136,11989.44860369
66184,257,137,21817.09679409
66185,257,138,24044.45037107
66186,257,139,11330.07776177
66187,257,140,15359.38007173
66188,257,141,17514.42426131
66189,257,142,13553.7329564
66190,257,143,12980.24774558
66191,257,144,12610.76217161
66192,257,145,11303.4970397
66193,257,146,19970.01388509
66194,257,147,12437.45014705
66195,257,148,17345.83325349
66196,257,149,15642.35049023
66197,257,150,21973.93544796
66198,257,151,13360.71363377
66199,257,152,16587.24393978
66200,257,153,12576.28637834
66201,257,154,13188.39953251
66202,257,155,20602.01001551
66203,257,156,22004.15412336
66204,257,157,14653.6303081
66205,257,158,23404.85145649
66206,257,159,22920.7330193
66207,257,160,21183.15205293
66208,257,161,19311.65013187
66209,257,162,18523.03494774
66210,257,163,19787.40348059
66211,257,164,15935.88724861
66212,257,165,17206.29234201
66213,257,166,20634.62369802
66214,257,167,12494.05263438
66215,257,168,40420.24507975
66216,257,169,39077.69700232
66217,257,170,39387.79340661
66218,257,171,41381.118992
66219,257,172,38748.96227645
66220,257,173,39696.83032918
66221,257,174,41277.72663714
66222,257,175,38393.71404904
66223,257,176,38102.45865615
66224,257,177,38221.86767135
66225,257,178,35634.95369851
66226,257,179,31584.98045922
66227,257,180,37725.52452996
66228,257,181,43526.62118419
66229,257,182,47536.09337742
66230,257,183,52044.52356155
66231,257,184,40330.26509832
66232,257,185,33515.09508125
66233,257,186,46357.26169887
66234,257,187,50792.8537914
66235,257,188,52917.23911481
66236,257,189,51621.93855375
66237,257,190,51792.83292781
66238,257,191,51760.33264683
66239,257,192,51624.71478282
66240,257,193,51848.65287381
66241,257,194,51843.24253785
66242,257,195,51417.12907452
66243,257,196,52828.43955761
66244,257,197,52870.44260409
66245,257,198,29300.2562456
66246,257,199,32099.92561108
66247,257,200,61425.38411539
66248,257,201,45512.07150402
66249,257,202,71200.36528855
66250,257,203,66415.81496496
66251,257,204,57825.62232957
66252,257,205,50071.94514272
66253,257,206,41166.3888514
66254,257,207,74637.20651272
66255,257,208,35366.97358954
66256,257,209,19871.59672811
66257,257,210,20557.26526305
66258,257,211,18881.45033648
66259,257,212,48101.77671267
66260,257,213,55638.86322821
66261,257,214,54676.82491805
66262,257,215,37369.2854869
66263,257,216,26432.57216726
66264,257,217,31943.53850414
66265,257,218,33646.11621534
66266,257,219,61992.44277435
66267,257,220,66191.80438
66268,257,221,29252.37352636
66269,257,222,45049.16241094
66270,257,223,23619.9153992
66271,257,224,70793.12365681
66272,257,225,28623.09934072
66273,257,226,50809.20010729
66274,257,227,39562.25881919
66275,257,228,72853.38326394
66276,257,229,56973.71806798
66277,257,230,59320.10541064
66278,257,231,19874.96229346
66279,257,232,20045.33807783
66280,257,233,19684.2852568
66281,257,234,20611.66672457
66282,257,235,20261.85312229
66283,257,236,19449.12151822
66284,257,237,20494.62773797
66285,257,238,8637.38731009
66286,257,239,2333.61871801
66287,257,240,6475.09568223
66288,257,241,10969.87423218
66289,257,242,5315.79539117
66290,257,243,12929.80614815
66291,257,244,3288.25213447
66292,257,245,2255.54250551
66293,257,246,4363.6434101
66294,257,247,1006.7145356
66295,257,248,1333.23723538
66296,257,249,7310.94150802
66297,257,250,8025.10106725
66298,257,251,3614.48547033
66299,257,252,9813.19264037
66300,257,253,14051.5672918
66301,257,254,4972.30564078
66302,257,255,5538.59824241
66303,257,256,8457.34081366
66304,257,257,0.0
66305,257,258,7000.9767888
66306,258,1,10037.70553626
66307,258,2,2468.89337389
66308,258,3,9284.18272055
66309,258,4,6500.21146171
66310,258,5,3189.45033645
66311,258,6,4295.01467291
66312,258,7,14065.67457832
66313,258,8,7894.06863075
66314,258,9,8407.73912465
66315,258,10,14798.48557712
66316,258,11,13264.72485328
66317,258,12,11905.61684396
66318,258,13,10636.78078322
66319,258,14,5610.7931224
66320,258,15,7455.55180806
66321,258,16,2024.27952245
66322,258,17,16184.43040549
66323,258,18,15127.25131688
66324,258,19,7356.92640521
66325,258,20,11263.75707418
66326,258,21,18841.54298531
66327,258,22,9608.5040513
66328,258,23,8389.61807817
66329,258,24,7174.06521394
66330,258,25,9549.93552276
66331,258,26,9034.52328846
66332,258,27,17602.18272602
66333,258,28,12504.82836975
66334,258,29,9179.488922
66335,258,30,14103.33379077
66336,258,31,7154.03268081
66337,258,32,8964.82931022
66338,258,33,20495.84622226
66339,258,34,10032.65406106
66340,258,35,7670.30341239
66341,258,36,10432.64530075
66342,258,37,10414.02418121
66343,258,38,7111.05279755
66344,258,39,8719.73539239
66345,258,40,26240.94295219
66346,258,41,19376.50742243
66347,258,42,17546.763554
66348,258,43,30985.05140026
66349,258,44,19560.46330135
66350,258,45,16358.60301663
66351,258,46,18564.23500638
66352,258,47,36606.30891322
66353,258,48,37716.43625184
66354,258,49,15656.68464375
66355,258,50,33080.69031175
66356,258,51,14092.6119515
66357,258,52,14259.69545874
66358,258,53,11234.03172611
66359,258,54,15046.6325338
66360,258,55,20018.09713541
66361,258,56,17151.45672562
66362,258,57,12399.91198747
66363,258,58,11504.63943172
66364,258,59,15870.66742105
66365,258,60,12569.90409536
66366,258,61,17714.8452533
66367,258,62,14489.0416844
66368,258,63,11537.91220386
66369,258,64,22865.53392759
66370,258,65,12177.26781026
66371,258,66,10969.17768562
66372,258,67,17714.86942795
66373,258,68,16796.4302121
66374,258,69,39736.22975437
66375,258,70,21205.34790062
66376,258,71,48906.28623602
66377,258,72,28559.06041739
66378,258,73,50690.8715891
66379,258,74,41244.39786916
66380,258,75,30367.71781231
66381,258,76,46815.67488237
66382,258,77,52616.90814982
66383,258,78,52697.03661212
66384,258,79,32286.73556173
66385,258,80,45167.17392863
66386,258,81,43689.02844498
66387,258,82,33846.56404962
66388,258,83,19781.12385402
66389,258,84,46070.37459029
66390,258,85,36054.0885616
66391,258,86,18970.32036174
66392,258,87,19405.54851848
66393,258,88,17951.98621693
66394,258,89,21233.6352997
66395,258,90,11977.38016177
66396,258,91,10862.4711014
66397,258,92,14769.16326183
66398,258,93,5291.65346356
66399,258,94,6944.68289451
66400,258,95,12294.46429162
66401,258,96,21219.01599712
66402,258,97,25540.31304292
66403,258,98,24257.8964418
66404,258,99,8908.64143876
66405,258,100,19921.29283285
66406,258,101,10414.76854046
66407,258,102,8289.64651518
66408,258,103,26573.67588432
66409,258,104,17821.07732507
66410,258,105,13550.81117012
66411,258,106,6579.73387806
66412,258,107,11449.82733703
66413,258,108,22804.02709317
66414,258,109,16420.25504412
66415,258,110,26306.27100465
66416,258,111,18701.12228808
66417,258,112,7645.86438389
66418,258,113,27532.62587917
66419,258,114,15144.44754015
66420,258,115,30046.88920537
66421,258,116,8818.16281743
66422,258,117,9545.04403757
66423,258,118,23449.01067052
66424,258,119,31791.04200081
66425,258,120,20807.58311798
66426,258,121,10192.37154954
66427,258,122,24476.14443904
66428,258,123,8261.81462274
66429,258,124,6903.60501639
66430,258,125,12167.08492223
66431,258,126,21793.21159755
66432,258,127,9488.95450145
66433,258,128,10907.90018955
66434,258,129,13162.73644796
66435,258,130,5710.72695863
66436,258,131,27930.3715437
66437,258,132,6015.1601669
66438,258,133,28612.27615302
66439,258,134,14759.60889956
66440,258,135,11092.38513038
66441,258,136,10225.85771984
66442,258,137,16668.50408491
66443,258,138,18772.44263684
66444,258,139,10518.44745701
66445,258,140,11989.08382335
66446,258,141,13871.99864861
66447,258,142,14292.48893305
66448,258,143,15107.80174984
66449,258,144,12807.26200017
66450,258,145,13459.88919472
66451,258,146,15307.84827679
66452,258,147,5444.88788688
66453,258,148,11842.56996061
66454,258,149,8721.43409363
66455,258,150,17344.62612446
66456,258,151,6756.59864939
66457,258,152,11028.90719136
66458,258,153,5658.10109261
66459,258,154,6239.97452411
66460,258,155,15211.16350036
66461,258,156,15217.04837348
66462,258,157,7689.05752556
66463,258,158,18921.32705945
66464,258,159,16160.02720038
66465,258,160,16172.56631046
66466,258,161,13846.74964715
66467,258,162,13049.8620371
66468,258,163,12959.72457046
66469,258,164,10261.84577612
66470,258,165,10305.29782709
66471,258,166,13799.71110326
66472,258,167,5500.36879702
66473,258,168,35898.29043319
66474,258,169,34259.30430327
66475,258,170,34756.5029123
66476,258,171,36988.75967712
66477,258,172,34695.89338659
66478,258,173,35568.52255466
66479,258,174,37104.65212888
66480,258,175,34877.22385048
66481,258,176,35022.71608478
66482,258,177,34339.34839961
66483,258,178,29250.47597934
66484,258,179,25043.97287033
66485,258,180,31366.9820062
66486,258,181,36997.87158733
66487,258,182,40911.04277998
66488,258,183,45438.78774966
66489,258,184,33884.80046137
66490,258,185,27002.83710604
66491,258,186,39772.22671581
66492,258,187,44172.0650002
66493,258,188,46360.65430006
66494,258,189,44793.71251614
66495,258,190,44799.36347707
66496,258,191,44854.77104301
66497,258,192,44964.0408998
66498,258,193,44917.02923384
66499,258,194,44873.8344499
66500,258,195,44670.06278509
66501,258,196,46408.62017445
66502,258,197,45870.6475301
66503,258,198,23100.99522699
66504,258,199,26022.14629282
66505,258,200,54996.17178849
66506,258,201,39311.27633804
66507,258,202,64666.97191088
66508,258,203,59908.86086726
66509,258,204,51429.22468814
66510,258,205,43659.22069204
66511,258,206,35076.30974373
66512,258,207,68173.22306619
66513,258,208,29190.16344829
66514,258,209,13260.63179019
66515,258,210,13558.18353377
66516,258,211,13311.08146044
66517,258,212,46301.59490894
66518,258,213,53959.09017064
66519,258,214,47675.85206708
66520,258,215,30387.05331568
66521,258,216,19499.18544138
66522,258,217,24960.7570563
66523,258,218,26678.24439115
66524,258,219,55027.38204335
66525,258,220,59244.91346591
66526,258,221,22254.62763306
66527,258,222,38050.24977861
66528,258,223,16665.38468027
66529,258,224,63869.49344603
66530,258,225,21664.26696522
66531,258,226,43810.89275035
66532,258,227,32562.96458169
66533,258,228,65945.02078533
66534,258,229,49978.9097424
66535,258,230,52336.67695645
66536,258,231,12883.52608456
66537,258,232,13047.91320409
66538,258,233,12702.71432986
66539,258,234,13615.75442166
66540,258,235,13260.96017246
66541,258,236,12482.6069135
66542,258,237,13495.21024331
66543,258,238,15071.52632875
66544,258,239,5996.78001697
66545,258,240,13393.34457535
66546,258,241,3971.74765517
66547,258,242,2054.1021188
66548,258,243,6157.6299371
66549,258,244,10174.40247524
66550,258,245,9215.9789359
66551,258,246,11191.04955012
66552,258,247,6422.70189032
66553,258,248,8272.46783508
66554,258,249,14134.51246778
66555,258,250,14095.96064622
66556,258,251,5643.07944257
66557,258,252,2900.39999031
66558,258,253,7524.4787248
66559,258,254,11916.88706463
66560,258,255,12538.20778486
66561,258,256,14061.40202654
66562,258,257,7000.9767888
66563,258,258,0.0
