,stationid_o,stationid_d,Eudistance
0,1,1,0.0
1,1,2,1317.84636212
2,1,3,20102.69025348
3,1,4,12449.16456606
4,1,5,2879.68805844
5,1,6,15270.53613101
6,1,7,18343.59031931
7,1,8,9817.6658867
8,1,9,2292.6785813
9,1,10,11554.53783863
10,1,11,19110.15462892
11,1,12,1796.93188539
12,1,13,3297.60086621
13,1,14,16019.35341252
14,1,15,17547.21725833
15,1,16,4375.83191127
16,1,17,6395.86982012
17,1,18,13849.79874163
18,1,19,21231.43493184
19,1,20,913.90362519
20,1,21,2409.87279262
21,1,22,7107.72869305
22,1,23,28078.51694478
23,1,24,23537.12146717
24,1,25,24840.64268821
25,1,26,27454.03563881
26,1,27,25846.18447425
27,1,28,27267.99458115
28,1,29,26753.68448947
29,1,30,22917.39342537
30,1,31,25570.78140477
31,1,32,28149.10410927
32,1,33,22506.10627859
33,1,34,24008.62438261
34,1,35,22050.05094471
35,1,36,27421.42275073
36,1,37,23302.19428235
37,1,38,27644.52665973
38,1,39,20121.12771916
39,1,40,25085.5549659
40,1,41,21903.9278372
41,1,42,27393.84424879
42,1,43,25781.21898984
43,1,44,24512.01734882
44,1,45,27983.34422522
45,1,46,27507.0424614
46,1,47,19570.0919229
47,1,48,26547.89522854
48,1,49,26642.57175234
49,1,50,27922.42940535
50,1,51,27283.62025031
51,1,52,20513.64099252
52,1,53,21175.8661404
53,1,54,18990.97330477
54,1,55,25327.37947003
55,1,56,28313.0520859
56,1,57,22703.18872107
57,1,58,31682.57063067
58,1,59,964.25720723
59,1,60,5312.39474878
60,1,61,31047.67393994
61,1,62,13215.21305141
62,1,63,11955.08802762
63,1,64,10580.55894541
64,1,65,17951.12704941
65,1,66,6967.06762899
66,1,67,29258.73669267
67,1,68,6034.47288367
68,1,69,4436.18684638
69,1,70,16216.84509531
70,1,71,9529.8711421
71,1,72,26326.92920083
72,1,73,20380.34930436
73,1,74,6884.68753171
74,1,75,26928.16713699
75,1,76,5593.74094051
76,1,77,14844.53611846
77,1,78,19497.62075179
78,1,79,19942.37128883
79,1,80,21079.92746819
80,1,81,25677.54524721
81,1,82,24092.64646772
82,1,83,20336.06734653
83,2,1,1317.84636212
84,2,2,0.0
85,2,3,18797.7434078
86,2,4,11156.27029675
87,2,5,1985.52680961
88,2,6,13956.58013738
89,2,7,17038.73699402
90,2,8,8589.72379464
91,2,9,2068.45602751
92,2,10,10279.04470908
93,2,11,17804.8958963
94,2,12,940.77975845
95,2,13,4163.71719331
96,2,14,14712.78853223
97,2,15,16240.29067642
98,2,16,5388.06127726
99,2,17,7203.86440068
100,2,18,12540.03421917
101,2,19,19921.91663407
102,2,20,2159.61642411
103,2,21,2948.63640341
104,2,22,5951.33933569
105,2,23,26789.2064806
106,2,24,22220.40067704
107,2,25,23523.00529644
108,2,26,26151.51561225
109,2,27,24532.72005186
110,2,28,25986.52311033
111,2,29,25446.58805029
112,2,30,21601.95212966
113,2,31,24254.77093835
114,2,32,26851.93072597
115,2,33,21191.82584337
116,2,34,22690.87883494
117,2,35,20737.21284331
118,2,36,26240.81916258
119,2,37,21994.37513749
120,2,38,26408.22413819
121,2,39,18808.9226615
122,2,40,23785.01531457
123,2,41,20586.86335462
124,2,42,26114.53647989
125,2,43,24486.87684426
126,2,44,23207.07883411
127,2,45,26709.78406327
128,2,46,26292.89919644
129,2,47,18267.29065399
130,2,48,25420.24018174
131,2,49,25356.15701237
132,2,50,26672.47485189
133,2,51,26133.80113198
134,2,52,19197.42966581
135,2,53,19858.04216903
136,2,54,17707.50271146
137,2,55,24011.76899332
138,2,56,27005.79612336
139,2,57,21385.53134532
140,2,58,30371.95971689
141,2,59,2067.28839791
142,2,60,5211.75988586
143,2,61,29741.13934357
144,2,62,11898.22479116
145,2,63,10637.54814126
146,2,64,9273.9604017
147,2,65,16634.34048655
148,2,66,6037.55555941
149,2,67,27954.1700573
150,2,68,5289.27600754
151,2,69,4603.34455708
152,2,70,14905.64407276
153,2,71,8239.0526025
154,2,72,25014.3332442
155,2,73,19062.51501342
156,2,74,5815.79589453
157,2,75,25618.98310376
158,2,76,5030.68210712
159,2,77,13531.75393365
160,2,78,18179.80888809
161,2,79,18943.07928562
162,2,80,19763.15586304
163,2,81,24845.52732815
164,2,82,23218.71365289
165,2,83,19018.46159951
166,3,1,20102.69025348
167,3,2,18797.7434078
168,3,3,0.0
169,3,4,7692.66294536
170,3,5,17637.27836305
171,3,6,4952.36575334
172,3,7,1759.10006027
173,3,8,10701.95825358
174,3,9,18900.52025757
175,3,10,8693.92886721
176,3,11,993.22860248
177,3,12,18458.61652972
178,3,13,21711.76666683
179,3,14,4087.21776065
180,3,15,2564.54438656
181,3,16,23012.83187289
182,3,17,23576.47557755
183,3,18,6272.8492405
184,3,19,1253.92592141
185,3,20,20953.07825533
186,3,21,20358.05974917
187,3,22,13536.25160461
188,3,23,11306.71574602
189,3,24,4010.246416
190,3,25,5837.01446784
191,3,26,9917.8821761
192,3,27,7541.79141372
193,3,28,11118.89278097
194,3,29,8966.16766892
195,3,30,3260.7760343
196,3,31,6912.55863016
197,3,32,10871.73787392
198,3,33,2761.87296449
199,3,34,4752.99190685
200,3,35,2221.80937939
201,3,36,10371.04692765
202,3,37,3216.98273441
203,3,38,9015.16121652
204,3,39,4512.9185637
205,3,40,5008.561384
206,3,41,2796.44202999
207,3,42,7667.93690428
208,3,43,5786.60760912
209,3,44,4409.37160174
210,3,45,8366.10909035
211,3,46,9511.31406064
212,3,47,5589.82399341
213,3,48,11133.96575268
214,3,49,6784.48551215
215,3,50,8897.9746833
216,3,51,11096.11359459
217,3,52,3745.19168507
218,3,53,3098.99284072
219,3,54,7013.12861631
220,3,55,5517.75401233
221,3,56,8214.94212401
222,3,57,4154.68742458
223,3,58,11609.32128939
224,3,59,20622.47238579
225,3,60,19021.9719687
226,3,61,10946.40751899
227,3,62,7420.41348967
228,3,63,8340.27800649
229,3,64,9524.02461753
230,3,65,3940.25154768
231,3,66,14792.56498617
232,3,67,9156.43506256
233,3,68,16173.18463907
234,3,69,19907.75516106
235,3,70,5702.69833003
236,3,71,10598.28833313
237,3,72,6322.80775982
238,3,73,2669.00337895
239,3,74,14143.28901608
240,3,75,6847.33182611
241,3,76,17113.69755065
242,3,77,6474.24912432
243,3,78,2880.42878744
244,3,79,16030.73543382
245,3,80,2208.96947392
246,3,81,22541.32633505
247,3,82,20722.46305249
248,3,83,2373.74190525
249,4,1,12449.16456606
250,4,2,11156.27029675
251,4,3,7692.66294536
252,4,4,0.0
253,4,5,9944.61599383
254,4,6,3208.73199261
255,4,7,5940.66752539
256,4,8,3181.7764622
257,4,9,11210.67825125
258,4,10,1112.02646807
259,4,11,6707.06317796
260,4,12,10777.40622327
261,4,13,14039.50119888
262,4,14,3665.82898597
263,4,15,5175.77475572
264,4,16,15350.69605713
265,4,17,16043.70527839
266,4,18,1742.46410016
267,4,19,8867.43596891
268,4,20,13315.8612374
269,4,21,12674.88435003
270,4,22,5908.73674631
271,4,23,17211.24333211
272,4,24,11358.97219129
273,4,25,12887.49294175
274,4,26,16210.25686998
275,4,27,14203.83384594
276,4,28,16643.29136509
277,4,29,15367.81870581
278,4,30,10681.13106573
279,4,31,13776.53128571
280,4,32,17053.25989535
281,4,33,10233.00740293
282,4,34,11936.38341837
283,4,35,9742.13407374
284,4,36,15749.59088642
285,4,37,10908.41262144
286,4,38,15485.149033
287,4,39,8804.999465
288,4,40,12645.01850507
289,4,41,9777.33677368
290,4,42,14975.75126247
291,4,43,13332.05452578
292,4,44,12092.07712617
293,4,45,15588.19986513
294,4,46,15529.32800506
295,4,47,8779.07384072
296,4,48,15429.71143205
297,4,49,14203.2526634
298,4,50,15662.97432159
299,4,51,15915.97245657
300,4,52,8876.15743918
301,4,53,9254.47299614
302,4,54,9005.39453761
303,4,55,13075.89584242
304,4,56,15904.47381076
305,4,57,10793.69885581
306,4,58,19301.74739676
307,4,59,12939.35109925
308,4,60,11553.31741767
309,4,61,18631.1293434
310,4,62,2901.44380229
311,4,63,2059.01289606
312,4,64,1999.52299617
313,4,65,6429.38186207
314,4,66,7362.55902271
315,4,67,16831.99862263
316,4,68,8702.54966823
317,4,69,12341.79107812
318,4,70,5476.86017245
319,4,71,2919.62921191
320,4,72,13989.11354431
321,4,73,8433.45890234
322,4,74,6581.876902
323,4,75,14539.67994783
324,4,76,9635.13999311
325,4,77,4352.08579079
326,4,78,7651.2779106
327,4,79,15281.45343027
328,4,80,8945.28657613
329,4,81,22298.2872601
330,4,82,20399.26836049
331,4,83,8315.92166647
332,5,1,2879.68805844
333,5,2,1985.52680961
334,5,3,17637.27836305
335,5,4,9944.61599383
336,5,5,0.0
337,5,6,12933.77985291
338,5,7,15884.22319602
339,5,8,7110.51617733
340,5,9,1320.9256654
341,5,10,8973.59701533
342,5,11,16651.05732522
343,5,12,1110.14458232
344,5,13,4233.99342218
345,5,14,13586.97436444
346,5,15,15109.89793177
347,5,16,5573.18838016
348,5,17,6857.03027314
349,5,18,11466.48323391
350,5,19,18805.31671584
351,5,20,3788.46924909
352,5,21,2821.71402934
353,5,22,4311.11860601
354,5,23,26252.82227104
355,5,24,21222.85344828
356,5,25,22629.88636033
357,5,26,25507.48062071
358,5,27,23756.52165431
359,5,28,25506.20673917
360,5,29,24756.41764046
361,5,30,20571.9666817
362,5,31,23424.89039986
363,5,32,26254.12621856
364,5,33,20139.64309069
365,5,34,21744.60610529
366,5,35,19662.31479158
367,5,36,24599.90432064
368,5,37,20852.75599222
369,5,38,24903.23590449
370,5,39,18076.85739089
371,5,40,22573.82607607
372,5,41,19607.21051078
373,5,42,24771.36391554
374,5,43,23230.28868914
375,5,44,22034.205856
376,5,45,25339.14480561
377,5,46,24727.34085934
378,5,47,17653.68405149
379,5,48,23687.45492902
380,5,49,24050.74874646
381,5,50,25210.64453393
382,5,51,24436.14165188
383,5,52,18381.00582936
384,5,53,18955.56439191
385,5,54,17253.37305169
386,5,55,22978.94864709
387,5,56,25847.86742587
388,5,57,20497.84059314
389,5,58,29246.22039912
390,5,59,3077.17461167
391,5,60,3702.17247729
392,5,61,28571.92950562
393,5,62,11112.47013412
394,5,63,9755.61778198
395,5,64,8203.21600283
396,5,65,15813.49302296
397,5,66,4102.35923725
398,5,67,26769.21916477
399,5,68,3304.48020097
400,5,69,3509.63918814
401,5,70,14215.71296628
402,5,71,7052.02043552
403,5,72,23924.57787912
404,5,73,18144.61143713
405,5,74,4018.44689848
406,5,75,24484.16244342
407,5,76,3107.95145723
408,5,77,12829.57618942
409,5,78,17287.65585721
410,5,79,19453.37446714
411,5,80,18775.75050806
412,5,81,25657.25159448
413,5,82,23961.17083694
414,5,83,18073.21420499
415,6,1,15270.53613101
416,6,2,13956.58013738
417,6,3,4952.36575334
418,6,4,3208.73199261
419,6,5,12933.77985291
420,6,6,0.0
421,6,7,3243.17014781
422,6,8,6389.58754431
423,6,9,14229.66286748
424,6,10,4319.54539429
425,6,11,3974.10497452
426,6,12,13682.71980645
427,6,13,17101.74608223
428,6,14,1105.30567969
429,6,15,2421.71921905
430,6,16,18426.52786076
431,6,17,19210.05498504
432,6,18,1494.75336607
433,6,19,5995.0191238
434,6,20,16100.17933083
435,6,21,15715.47439128
436,6,22,9063.08696622
437,6,23,14026.48363567
438,6,24,8290.66889778
439,6,25,9732.01844025
440,6,26,13003.65189937
441,6,27,11002.62820305
442,6,28,13488.56251887
443,6,29,12159.1074393
444,6,30,7651.87261201
445,6,31,10591.36022951
446,6,32,13851.92049779
447,6,33,7235.67221814
448,6,34,8816.91058615
449,6,35,6782.5722273
450,6,36,14359.75553048
451,6,37,8079.27581678
452,6,38,13568.78030949
453,6,39,5627.52498617
454,6,40,9953.21543536
455,6,41,6673.7502529
456,6,42,12573.0179778
457,6,43,10737.95744483
458,6,44,9320.98776508
459,6,45,13246.98475899
460,6,46,13836.62702934
461,6,47,5730.14175241
462,6,48,14510.48137738
463,6,49,11716.53871175
464,6,50,13593.66073911
465,6,51,14781.04371733
466,6,52,5667.54842189
467,6,53,6074.19584753
468,6,54,6228.12672531
469,6,55,10062.23334296
470,6,56,13084.56301872
471,6,57,7618.71270209
472,6,58,16424.56868009
473,6,59,15843.52602808
474,6,60,14745.57712699
475,6,61,15822.25415226
476,6,62,2561.91390252
477,6,63,3392.24512471
478,6,64,4730.96009563
479,6,65,3259.64659265
480,6,66,10568.24989235
481,6,67,14056.29377405
482,6,68,11900.42696878
483,6,69,15502.17905109
484,6,70,2831.30047714
485,6,71,5905.64614962
486,6,72,11059.73749734
487,6,73,5254.09507761
488,6,74,9764.99929109
489,6,75,11683.62458871
490,6,76,12829.40594954
491,6,77,2402.2520678
492,6,78,4449.10576949
493,6,79,13790.05208834
494,6,80,5842.01080805
495,6,81,20750.39777013
496,6,82,18853.04761661
497,6,83,5157.36393977
498,7,1,18343.59031931
499,7,2,17038.73699402
500,7,3,1759.10006027
501,7,4,5940.66752539
502,7,5,15884.22319602
503,7,6,3243.17014781
504,7,7,0.0
505,7,8,8981.82977512
506,7,9,17151.07531165
507,7,10,6955.80704142
508,7,11,767.41316254
509,7,12,16700.86815894
510,7,13,19970.73116384
511,7,14,2330.49659053
512,7,15,822.70777491
513,7,16,21275.60010446
514,7,17,21874.96756561
515,7,18,4519.15936012
516,7,19,2934.71070498
517,7,20,19194.24509008
518,7,21,18612.38099071
519,7,22,11804.49752744
520,7,23,12385.00677511
521,7,24,5557.63060963
522,7,25,7267.87506169
523,7,26,11110.97212144
524,7,27,8837.20783175
525,7,28,12067.30998766
526,7,29,10184.84136452
527,7,30,4836.82415174
528,7,31,8279.90838094
529,7,32,12038.75971911
530,7,33,4360.95003934
531,7,34,6228.09467188
532,7,35,3844.91527962
533,7,36,11474.5890645
534,7,37,4968.95869987
535,7,38,10428.77425351
536,7,39,4663.61434378
537,7,40,6759.26381595
538,7,41,4105.37209599
539,7,42,9329.88186204
540,7,43,7513.15012879
541,7,44,6168.45384722
542,7,45,10005.87628667
543,7,46,10792.68068624
544,7,47,5455.66772159
545,7,48,11937.73598872
546,7,49,8476.11040021
547,7,50,10401.73597306
548,7,51,12050.23139682
549,7,52,4166.39557984
550,7,53,3967.11787518
551,7,54,6646.79438753
552,7,55,7186.69524597
553,7,56,9972.92495567
554,7,57,5347.01770742
555,7,58,13362.36081822
556,7,59,18864.87461498
557,7,60,17331.11996934
558,7,61,12705.21399601
559,7,62,5767.23850683
560,7,63,6611.62114924
561,7,64,7765.16171388
562,7,65,3178.18333689
563,7,66,13101.39029903
564,7,67,10915.43793912
565,7,68,14477.43032353
566,7,69,18195.79290363
567,7,70,4519.32834418
568,7,71,8841.55135814
569,7,72,8053.80933103
570,7,73,3252.94639584
571,7,74,12425.95827957
572,7,75,8600.49039265
573,7,76,15417.99053341
574,7,77,5026.59918082
575,7,78,2927.81200163
576,7,79,15396.36953791
577,7,80,3327.34935843
578,7,81,22115.69346064
579,7,82,20258.18177365
580,7,83,3010.79267809
581,8,1,9817.6658867
582,8,2,8589.72379464
583,8,3,10701.95825358
584,8,4,3181.7764622
585,8,5,7110.51617733
586,8,6,6389.58754431
587,8,7,8981.82977512
588,8,8,0.0
589,8,9,8304.70861238
590,8,10,2076.37815007
591,8,11,9737.44670424
592,8,12,8058.61313063
593,8,13,11042.14540164
594,8,14,6789.87746288
595,8,15,8260.37669503
596,8,16,12327.84684385
597,8,17,12903.07169303
598,8,18,4910.39897836
599,8,19,11914.92563466
600,8,20,10719.18164325
601,8,21,9718.93352478
602,8,22,2854.50910605
603,8,23,20365.08633111
604,8,24,14481.58599772
605,8,25,16049.56283342
606,8,26,19386.14194817
607,8,27,17384.70952537
608,8,28,19772.2065696
609,8,29,18547.77614118
610,8,30,13787.45375246
611,8,31,16951.55511903
612,8,32,20222.90754396
613,8,33,13326.42162794
614,8,34,15082.49816924
615,8,35,12821.07844648
616,8,36,17685.10888651
617,8,37,13910.83319386
618,8,38,17826.86923783
619,8,39,11962.07293777
620,8,40,15550.66213324
621,8,41,12921.50798494
622,8,42,17667.98364081
623,8,43,16169.94851857
624,8,44,15050.03839335
625,8,45,18230.18241972
626,8,46,17703.88733678
627,8,47,11864.39234462
628,8,48,16992.90489091
629,8,49,16961.49213329
630,8,50,18112.27782623
631,8,51,17642.45359984
632,8,52,12055.97018774
633,8,53,12429.79152661
634,8,54,11939.29480486
635,8,55,16163.57138989
636,8,56,18862.06478155
637,8,57,13965.99933604
638,8,58,22281.26792446
639,8,59,10178.39786381
640,8,60,8385.78877255
641,8,61,21567.20780927
642,8,62,5487.17174784
643,8,63,4114.76193105
644,8,64,2402.30756287
645,8,65,9588.89205378
646,8,66,4181.71219039
647,8,67,19755.39821351
648,8,68,5530.49218104
649,8,69,9215.32636389
650,8,70,8463.88742653
651,8,71,1552.56865908
652,8,72,17024.5935627
653,8,73,11609.12514297
654,8,74,3444.2469004
655,8,75,17528.09512923
656,8,76,6466.95517619
657,8,77,7197.89893892
658,8,78,10832.80849957
659,8,79,17148.03186672
660,8,80,12092.11379635
661,8,81,24073.13545813
662,8,82,22201.41730549
663,8,83,11484.99638343
664,9,1,2292.6785813
665,9,2,2068.45602751
666,9,3,18900.52025757
667,9,4,11210.67825125
668,9,5,1320.9256654
669,9,6,14229.66286748
670,9,7,17151.07531165
671,9,8,8304.70861238
672,9,9,0.0
673,9,10,10218.39865167
674,9,11,17917.0569675
675,9,12,1248.80926559
676,9,13,2913.0688517
677,9,14,14863.58487328
678,9,15,16383.20374799
679,9,16,4252.26423272
680,9,17,5611.69472353
681,9,18,12756.68886017
682,9,19,20077.31873613
683,9,20,3095.54701751
684,9,21,1501.2204432
685,9,22,5463.81001809
686,9,23,27572.99646395
687,9,24,22515.26099737
688,9,25,23935.67801183
689,9,26,26828.10617266
690,9,27,25072.20151073
691,9,28,26824.46790616
692,9,29,26076.0296001
693,9,30,21859.40189693
694,9,31,24736.64993849
695,9,32,27575.04956348
696,9,33,21423.41368335
697,9,34,23044.23549751
698,9,35,20942.14447834
699,9,36,25641.66173775
700,9,37,22117.30118964
701,9,38,26030.03723544
702,9,39,19395.91054036
703,9,40,23819.06519478
704,9,41,20903.30745857
705,9,42,25971.5134562
706,9,43,24461.55866927
707,9,44,23290.13410936
708,9,45,26528.08691884
709,9,46,25819.57099088
710,9,47,18974.53869558
711,9,48,24654.03340833
712,9,49,25265.23141174
713,9,50,26359.22818585
714,9,51,25433.19019972
715,9,52,19695.37936128
716,9,53,20261.90188462
717,9,54,18568.5536699
718,9,55,24264.43959989
719,9,56,27104.96288762
720,9,57,21805.06019841
721,9,58,30509.42692183
722,9,59,2093.35326121
723,9,60,3157.24508442
724,9,61,29824.66626092
725,9,62,12431.65802642
726,9,63,11070.83864909
727,9,64,9501.71885784
728,9,65,17128.58633007
729,9,66,4919.99110617
730,9,67,28018.75649696
731,9,68,3836.5066662
732,9,69,2567.03497804
733,9,70,15536.4374447
734,9,71,8335.3953261
735,9,72,25198.49239996
736,9,73,19449.65331136
737,9,74,5055.10030468
738,9,75,25747.70413729
739,9,76,3315.09587866
740,9,77,14150.30548859
741,9,78,18595.97250899
742,9,79,20570.00957934
743,9,80,20071.24409816
744,9,81,26657.27566022
745,9,82,24990.94938315
746,9,83,19374.98768037
747,10,1,11554.53783863
748,10,2,10279.04470908
749,10,3,8693.92886721
750,10,4,1112.02646807
751,10,5,8973.59701533
752,10,6,4319.54539429
753,10,7,6955.80704142
754,10,8,2076.37815007
755,10,9,10218.39865167
756,10,10,0.0
757,10,11,7717.79436644
758,10,12,9847.84733594
759,10,13,13017.84060714
760,10,14,4726.229969
761,10,15,6214.18480087
762,10,16,14320.1899
763,10,17,14963.76257595
764,10,18,2852.88899589
765,10,19,9890.13342975
766,10,20,12435.60536904
767,10,21,11667.16055932
768,10,22,4850.91654799
769,10,23,18321.62329766
770,10,24,12423.68719544
771,10,25,13976.47843949
772,10,26,17322.0407467
773,10,27,15309.10774789
774,10,28,17748.90353314
775,10,29,16478.49641127
776,10,30,11736.51348807
777,10,31,14875.33516281
778,10,32,18165.26096733
779,10,33,11281.13002633
780,10,34,13015.02011736
781,10,35,10782.18254516
782,10,36,16300.4532726
783,10,37,11910.10597788
784,10,38,16200.66702678
785,10,39,9915.40614962
786,10,40,13601.94682242
787,10,41,10854.38371873
788,10,42,15839.38811959
789,10,43,14258.50297983
790,10,44,13073.20845242
791,10,45,16430.8484748
792,10,46,16176.12796205
793,10,47,9871.47185095
794,10,48,15832.91962781
795,10,49,15094.95117541
796,10,50,16423.75728446
797,10,51,16384.54984486
798,10,52,9987.08284801
799,10,53,10353.48925082
800,10,54,10049.21538972
801,10,55,14122.14892604
802,10,56,16888.229337
803,10,57,11890.14248867
804,10,58,20297.27035991
805,10,59,12001.34823637
806,10,60,10458.75899689
807,10,61,19606.34740852
808,10,62,3758.29209841
809,10,63,2601.06567965
810,10,64,1619.53252023
811,10,65,7539.89377903
812,10,66,6257.93231222
813,10,67,17800.46881449
814,10,68,7604.91169225
815,10,69,11267.45729072
816,10,70,6531.6913086
817,10,71,2094.21953877
818,10,72,15009.21739895
819,10,73,9532.7873163
820,10,74,5498.71219314
821,10,75,15537.21092719
822,10,76,8539.93638193
823,10,77,5346.21935119
824,10,78,8758.16204276
825,10,79,15964.5742962
826,10,80,10023.8045282
827,10,81,22963.83734407
828,10,82,21071.25702779
829,10,83,9409.67301151
830,11,1,19110.15462892
831,11,2,17804.8958963
832,11,3,993.22860248
833,11,4,6707.06317796
834,11,5,16651.05732522
835,11,6,3974.10497452
836,11,7,767.41316254
837,11,8,9737.44670424
838,11,9,17917.0569675
839,11,10,7717.79436644
840,11,11,0.0
841,11,12,17468.26630036
842,11,13,20734.30420787
843,11,14,3093.99318794
844,11,15,1572.75622288
845,11,16,22037.98340179
846,11,17,22624.66724865
847,11,18,5280.14373363
848,11,19,2178.12447017
849,11,20,19960.06051681
850,11,21,19377.33637077
851,11,22,12564.69893879
852,11,23,11866.54478435
853,11,24,4849.00734532
854,11,25,6604.20641299
855,11,26,10545.08579922
856,11,27,8227.30538648
857,11,28,11600.29350326
858,11,29,9607.2396852
859,11,30,4116.53710483
860,11,31,7641.8845502
861,11,32,11484.64181495
862,11,33,3631.8107021
863,11,34,5545.7577321
864,11,35,3106.64044361
865,11,36,11000.95436328
866,11,37,4201.82403602
867,11,38,9820.56269797
868,11,39,4478.77565569
869,11,40,5999.3447828
870,11,41,3463.39017989
871,11,42,8612.76044785
872,11,43,6765.64728143
873,11,44,5402.19902826
874,11,45,9299.04965547
875,11,46,10241.6596495
876,11,47,5408.63857287
877,11,48,11593.81830362
878,11,49,7745.16808651
879,11,50,9754.70233263
880,11,51,11641.8804067
881,11,52,3856.6398267
882,11,53,3476.78604873
883,11,54,6716.91852845
884,11,55,6442.39498565
885,11,56,9205.6087046
886,11,57,4758.52278832
887,11,58,12595.30830264
888,11,59,19632.2806352
889,11,60,18076.48096999
890,11,61,11938.18462405
891,11,62,6468.27405087
892,11,63,7356.39138858
893,11,64,8531.06331438
894,11,65,3387.94010981
895,11,66,13846.40958379
896,11,67,10149.37673128
897,11,68,15224.41127425
898,11,69,18949.20646181
899,11,70,4966.26715348
900,11,71,9608.93499758
901,11,72,7291.59018904
902,11,73,2849.63692188
903,11,74,13180.95564826
904,11,75,7833.35591621
905,11,76,16165.05144897
906,11,77,5614.8355669
907,11,78,2736.88348903
908,11,79,15617.52466341
909,11,80,2732.33476419
910,11,81,22249.61969982
911,11,82,20407.91289258
912,11,83,2576.30491145
913,12,1,1796.93188539
914,12,2,940.77975845
915,12,3,18458.61652972
916,12,4,10777.40622327
917,12,5,1110.14458232
918,12,6,13682.71980645
919,12,7,16700.86815894
920,12,8,8058.61313063
921,12,9,1248.80926559
922,12,10,9847.84733594
923,12,11,17468.26630036
924,12,12,0.0
925,12,13,3821.78191657
926,12,14,14386.76547641
927,12,15,15914.15948566
928,12,16,5128.04476292
929,12,17,6726.92874448
930,12,18,12236.8538732
931,12,19,19607.13324177
932,12,20,2710.77808206
933,12,21,2462.55648139
934,12,22,5318.22686764
935,12,23,26773.85999357
936,12,24,21969.95388859
937,12,25,23327.3670836
938,12,26,26082.9106451
939,12,27,24397.10805683
940,12,28,25997.86642643
941,12,29,25354.63651934
942,12,30,21334.12170009
943,12,31,24091.8579859
944,12,32,26806.56387607
945,12,33,20912.05195424
946,12,34,22467.32585483
947,12,35,20445.13691413
948,12,36,25631.0723895
949,12,37,21667.96619614
950,12,38,25881.12463188
951,12,39,18689.96026236
952,12,40,23422.36724804
953,12,41,20344.30269876
954,12,42,25680.30640455
955,12,43,24099.87593662
956,12,44,22864.75686874
957,12,45,26260.32362214
958,12,46,25729.57982954
959,12,47,18206.11412795
960,12,48,24750.96539496
961,12,49,24942.66308768
962,12,50,26170.74144942
963,12,51,25487.78911058
964,12,52,19036.69999565
965,12,53,19654.41000206
966,12,54,17722.90810796
967,12,55,23744.20610699
968,12,56,26673.54748285
969,12,57,21190.9219516
970,12,58,30058.37480459
971,12,59,2164.29693664
972,12,60,4320.86080996
973,12,61,29403.95898136
974,12,62,11738.83386603
975,12,63,10425.88261313
976,12,64,8961.26848019
977,12,65,16467.93749284
978,12,66,5211.73583466
979,12,67,27607.77419077
980,12,68,4385.08448979
981,12,69,3814.74049192
982,12,70,14801.28806565
983,12,71,7861.58599021
984,12,72,24717.41330215
985,12,73,18850.14454489
986,12,74,5089.16068232
987,12,75,25298.43028221
988,12,76,4093.46816401
989,12,77,13418.25732474
990,12,78,17979.52123289
991,12,79,19399.64899267
992,12,80,19515.79437986
993,12,81,25433.57552855
994,12,82,23777.24904142
995,12,83,18792.03635421
996,13,1,3297.60086621
997,13,2,4163.71719331
998,13,3,21711.76666683
999,13,4,14039.50119888
1000,13,5,4233.99342218
1001,13,6,17101.74608223
1002,13,7,19970.73116384
1003,13,8,11042.14540164
1004,13,9,2913.0688517
1005,13,10,13017.84060714
1006,13,11,20734.30420787
1007,13,12,3821.78191657
1008,13,13,0.0
1009,13,14,17702.85185356
1010,13,15,19214.97554707
1011,13,16,1339.19553645
1012,13,17,3098.39564262
1013,13,18,15620.91852803
1014,13,19,22903.11194816
1015,13,20,3372.05252424
1016,13,21,1413.58704091
1017,13,22,8188.82924839
1018,13,23,30484.50041234
1019,13,24,25376.62250829
1020,13,25,26821.1996818
1021,13,26,29740.68900323
1022,13,27,27975.79719341
1023,13,28,29732.24090441
1024,13,29,28986.79784501
1025,13,30,24711.976028
1026,13,31,27633.05137569
1027,13,32,30488.1033541
1028,13,33,24269.55035835
1029,13,34,25918.64608097
1030,13,35,23781.42577352
1031,13,36,28024.87821571
1032,13,37,24927.83324898
1033,13,38,28575.93337741
1034,13,39,22305.83219376
1035,13,40,26592.36124291
1036,13,41,23772.02401055
1037,13,42,28657.48028059
1038,13,43,27208.08114254
1039,13,44,26083.78215613
1040,13,45,29191.97313544
1041,13,46,28299.57434368
1042,13,47,21887.43896787
1043,13,48,26895.16074464
1044,13,49,27979.23662422
1045,13,50,28946.22966546
1046,13,51,27730.52854171
1047,13,52,22597.07523721
1048,13,53,23149.21598645
1049,13,54,21471.09169181
1050,13,55,27112.30928955
1051,13,56,29897.95178861
1052,13,57,24693.61231059
1053,13,58,33312.2180622
1054,13,59,2341.52983307
1055,13,60,3753.21178313
1056,13,61,32607.66558946
1057,13,62,15342.12629422
1058,13,63,13975.43985631
1059,13,64,12382.70380655
1060,13,65,20031.85150974
1061,13,66,7269.14646214
1062,13,67,30796.75942521
1063,13,68,5954.84540339
1064,13,69,2512.07373043
1065,13,70,18449.22504517
1066,13,71,11197.29573548
1067,13,72,28024.32041317
1068,13,73,22334.87986559
1069,13,74,7658.76178815
1070,13,75,28553.74295745
1071,13,76,5126.98942627
1072,13,77,17063.1073939
1073,13,78,21487.20543965
1074,13,79,23106.74599862
1075,13,80,22939.22623238
1076,13,81,28951.04204692
1077,13,82,27347.99357725
1078,13,83,22254.44095486
1079,14,1,16019.35341252
1080,14,2,14712.78853223
1081,14,3,4087.21776065
1082,14,4,3665.82898597
1083,14,5,13586.97436444
1084,14,6,1105.30567969
1085,14,7,2330.49659053
1086,14,8,6789.87746288
1087,14,9,14863.58487328
1088,14,10,4726.229969
1089,14,11,3093.99318794
1090,14,12,14386.76547641
1091,14,13,17702.85185356
1092,14,14,0.0
1093,14,15,1528.08532399
1094,14,16,19015.76006817
1095,14,17,19689.3636176
1096,14,18,2189.9975993
1097,14,19,5220.97063347
1098,14,20,16867.15603142
1099,14,21,16333.95628125
1100,14,22,9569.69353284
1101,14,23,13916.85940114
1102,14,24,7697.94638623
1103,14,25,9268.99716512
1104,14,26,12793.13531015
1105,14,27,10672.05302676
1106,14,28,13456.63890012
1107,14,29,11911.84989495
1108,14,30,7015.71260672
1109,14,31,10198.55998141
1110,14,32,13676.56548165
1111,14,33,6567.44595016
1112,14,34,8292.86867254
1113,14,35,6079.45783633
1114,14,36,13257.83843147
1115,14,37,7283.63028899
1116,14,38,12508.29239541
1117,14,39,5626.58341309
1118,14,40,9089.56009058
1119,14,41,6131.87276761
1120,14,42,11610.05745148
1121,14,43,9834.77152859
1122,14,44,8495.367721
1123,14,45,12268.55684074
1124,14,46,12751.95639441
1125,14,47,5965.10704175
1126,14,48,13409.81874385
1127,14,49,10777.38725265
1128,14,50,12556.87611177
1129,14,51,13675.83103957
1130,14,52,5484.77386508
1131,14,53,5693.12589852
1132,14,54,6705.33226833
1133,14,55,9410.38027482
1134,14,56,12293.74437323
1135,14,57,7209.9771639
1136,14,58,15671.6505216
1137,14,59,16551.06227084
1138,14,60,15174.15769344
1139,14,61,15028.45551953
1140,14,62,3640.17309418
1141,14,63,4316.5102351
1142,14,64,5438.94398484
1143,14,65,3384.48771658
1144,14,66,10956.65426703
1145,14,67,13242.56198101
1146,14,68,12317.75574587
1147,14,69,15993.63978097
1148,14,70,3572.45676567
1149,14,71,6535.95855197
1150,14,72,10337.72944462
1151,14,73,4880.31135329
1152,14,74,10224.52923745
1153,14,75,10912.45519887
1154,14,76,13255.66025065
1155,14,77,3427.37845447
1156,14,78,4191.55467647
1157,14,79,14680.75151164
1158,14,80,5303.36721575
1159,14,81,21599.92610084
1160,14,82,19708.68286704
1161,14,83,4728.48226965
1162,15,1,17547.21725833
1163,15,2,16240.29067642
1164,15,3,2564.54438656
1165,15,4,5175.77475572
1166,15,5,15109.89793177
1167,15,6,2421.71921905
1168,15,7,822.70777491
1169,15,8,8260.37669503
1170,15,9,16383.20374799
1171,15,10,6214.18480087
1172,15,11,1572.75622288
1173,15,12,15914.15948566
1174,15,13,19214.97554707
1175,15,14,1528.08532399
1176,15,15,0.0
1177,15,16,20524.59156848
1178,15,17,21162.85552489
1179,15,18,3708.63794805
1180,15,19,3695.51771927
1181,15,20,18394.19871512
1182,15,21,17850.24309323
1183,15,22,11064.80669463
1184,15,23,12777.84372438
1185,15,24,6226.85845267
1186,15,25,7866.01714624
1187,15,26,11566.86723526
1188,15,27,9357.67659653
1189,15,28,12398.78935588
1190,15,29,10658.76081059
1191,15,30,5527.19500345
1192,15,31,8839.31391369
1193,15,32,12476.97468366
1194,15,33,5067.46062727
1195,15,34,6856.92998837
1196,15,35,4568.82597374
1197,15,36,12169.8183947
1198,15,37,5755.54496873
1199,15,38,11208.50138989
1200,15,39,4758.23745554
1201,15,40,7572.08737
1202,15,41,4703.96267442
1203,15,42,10151.52470437
1204,15,43,8333.50992079
1205,15,44,6969.52117182
1206,15,45,10825.58868879
1207,15,46,11539.45586427
1208,15,47,5382.65423007
1209,15,48,12535.34706647
1210,15,49,9298.81804494
1211,15,50,11200.42720081
1212,15,51,12697.29107073
1213,15,52,4408.44008903
1214,15,53,4403.92712379
1215,15,54,6427.37053814
1216,15,55,7907.96485452
1217,15,56,10765.83483901
1218,15,57,5866.6409988
1219,15,58,14144.24431584
1220,15,59,18078.44973977
1221,15,60,16631.53855632
1222,15,61,13500.84871016
1223,15,62,4955.18731629
1224,15,63,5789.62338125
1225,15,64,6966.69016004
1226,15,65,2909.26536701
1227,15,66,12405.25963133
1228,15,67,11716.41935878
1229,15,68,13775.31717033
1230,15,69,17474.7031278
1231,15,70,3938.68928096
1232,15,71,8060.64616997
1233,15,72,8815.40058869
1234,15,73,3626.30068314
1235,15,74,11703.03472285
1236,15,75,9384.58824021
1237,15,76,14715.10905026
1238,15,77,4300.31400614
1239,15,78,3107.61076545
1240,15,79,14972.31940326
1241,15,80,3890.78602296
1242,15,81,21767.1599362
1243,15,82,19896.23982542
1244,15,83,3426.37584614
1245,16,1,4375.83191127
1246,16,2,5388.06127726
1247,16,3,23012.83187289
1248,16,4,15350.69605713
1249,16,5,5573.18838016
1250,16,6,18426.52786076
1251,16,7,21275.60010446
1252,16,8,12327.84684385
1253,16,9,4252.26423272
1254,16,10,14320.1899
1255,16,11,22037.98340179
1256,16,12,5128.04476292
1257,16,13,1339.19553645
1258,16,14,19015.76006817
1259,16,15,20524.59156848
1260,16,16,0.0
1261,16,17,2287.82641963
1262,16,18,16943.36848976
1263,16,19,24209.29543916
1264,16,20,4228.8294754
1265,16,21,2752.33254343
1266,16,22,9479.37183717
1267,16,23,31823.04914202
1268,16,24,26695.93087252
1269,16,25,28149.73130552
1270,16,26,31079.70439769
1271,16,27,29311.32503631
1272,16,28,31069.29181426
1273,16,29,30325.11185809
1274,16,30,26027.99855859
1275,16,31,28965.78117151
1276,16,32,31827.29039069
1277,16,33,25583.17985032
1278,16,34,27242.93868051
1279,16,35,25092.53085693
1280,16,36,29153.21787848
1281,16,37,26227.58297189
1282,16,38,29769.27933578
1283,16,39,23643.87262359
1284,16,40,27877.08353492
1285,16,41,25094.37904944
1286,16,42,29906.81679152
1287,16,43,28482.05334203
1288,16,44,27376.63008091
1289,16,45,30432.22853187
1290,16,46,29466.66258828
1291,16,47,23226.56362082
1292,16,48,27967.49092771
1293,16,49,29240.03254102
1294,16,50,30155.81457156
1295,16,51,28824.47143
1296,16,52,23932.03002714
1297,16,53,24478.710595
1298,16,54,22806.28883951
1299,16,55,28426.11312317
1300,16,56,31189.51808177
1301,16,57,26023.46077196
1302,16,58,34607.02412405
1303,16,59,3417.71276685
1304,16,60,4656.10391176
1305,16,61,33894.61226666
1306,16,62,16680.4579877
1307,16,63,15311.87021409
1308,16,64,13711.79048968
1309,16,65,21367.49070607
1310,16,66,8467.8365611
1311,16,67,32082.11721196
1312,16,68,7120.04423934
1313,16,69,3446.74299564
1314,16,70,19788.32812404
1315,16,71,12521.00123953
1316,16,72,29329.30918769
1317,16,73,23663.65939889
1318,16,74,8920.39727236
1319,16,75,29850.80575959
1320,16,76,6246.39228027
1321,16,77,18402.21726664
1322,16,78,22818.30956779
1323,16,79,24300.9242322
1324,16,80,24261.42011852
1325,16,81,30041.12429714
1326,16,82,28465.71334686
1327,16,83,23581.05729993
1328,17,1,6395.86982012
1329,17,2,7203.86440068
1330,17,3,23576.47557755
1331,17,4,16043.70527839
1332,17,5,6857.03027314
1333,17,6,19210.05498504
1334,17,7,21874.96756561
1335,17,8,12903.07169303
1336,17,9,5611.69472353
1337,17,10,14963.76257595
1338,17,11,22624.66724865
1339,17,12,6726.92874448
1340,17,13,3098.39564262
1341,17,14,19689.3636176
1342,17,15,21162.85552489
1343,17,16,2287.82641963
1344,17,17,0.0
1345,17,18,17715.32331538
1346,17,19,24802.53268721
1347,17,20,6404.24369755
1348,17,21,4278.76922675
1349,17,22,10146.96814853
1350,17,23,32909.89029571
1351,17,24,27384.38731299
1352,17,25,28929.78210352
1353,17,26,32074.98400543
1354,17,27,30195.18996335
1355,17,28,32206.5994938
1356,17,29,31282.49713135
1357,17,30,26690.04869379
1358,17,31,29801.06046384
1359,17,32,32860.43396875
1360,17,33,26227.14611207
1361,17,34,27978.05643722
1362,17,35,25718.52977896
1363,17,36,28961.51041258
1364,17,37,26767.69135353
1365,17,38,29794.26338559
1366,17,39,24610.71051783
1367,17,40,28318.17384714
1368,17,41,25817.75874627
1369,17,42,30160.0532075
1370,17,43,28861.59986289
1371,17,44,27868.02450563
1372,17,45,30642.84766178
1373,17,46,29399.75899088
1374,17,47,24295.77063063
1375,17,48,27616.52293807
1376,17,49,29549.85721928
1377,17,50,30240.81889238
1378,17,51,28531.05133521
1379,17,52,24821.97006507
1380,17,53,25283.65105852
1381,17,54,24002.96841656
1382,17,55,29061.15513319
1383,17,56,31660.24466037
1384,17,57,26827.14360126
1385,17,58,35088.95096302
1386,17,59,5437.70410483
1387,17,60,4573.1238535
1388,17,61,34330.12287748
1389,17,62,17694.87137683
1390,17,63,16283.20417668
1391,17,64,14586.65838722
1392,17,65,22282.03334453
1393,17,66,8788.37187105
1394,17,67,32513.17619569
1395,17,68,7404.68889282
1396,17,69,3709.4773919
1397,17,70,20829.99333528
1398,17,71,13354.97806477
1399,17,72,29894.30217588
1400,17,73,24463.03991629
1401,17,74,9465.05244052
1402,17,75,30360.30273321
1403,17,76,6464.9296254
1404,17,77,19452.25243324
1405,17,78,23651.60665887
1406,17,79,26118.83851366
1407,17,80,24986.66976346
1408,17,81,32035.08348651
1409,17,82,30420.02017856
1410,17,83,24355.43114255
1411,18,1,13849.79874163
1412,18,2,12540.03421917
1413,18,3,6272.8492405
1414,18,4,1742.46410016
1415,18,5,11466.48323391
1416,18,6,1494.75336607
1417,18,7,4519.15936012
1418,18,8,4910.39897836
1419,18,9,12756.68886017
1420,18,10,2852.88899589
1421,18,11,5280.14373363
1422,18,12,12236.8538732
1423,18,13,15620.91852803
1424,18,14,2189.9975993
1425,18,15,3708.63794805
1426,18,16,16943.36848976
1427,18,17,17715.32331538
1428,18,18,0.0
1429,18,19,7381.88432175
1430,18,20,14691.36423361
1431,18,21,14238.62011628
1432,18,22,7568.35643468
1433,18,23,15468.93173468
1434,18,24,9758.67724943
1435,18,25,11223.87575286
1436,18,26,14475.74308555
1437,18,27,12494.55513722
1438,18,28,14902.5670145
1439,18,29,13639.4110696
1440,18,30,9105.76072041
1441,18,31,12086.09708976
1442,18,32,15314.49092156
1443,18,33,8677.11458359
1444,18,34,10300.46692776
1445,18,35,8208.34025065
1446,18,36,15124.41145599
1447,18,37,9455.98030881
1448,18,38,14567.67850821
1449,18,39,7062.67677713
1450,18,40,11278.32868075
1451,18,41,8151.17754193
1452,18,42,13782.609318
1453,18,43,12024.08458085
1454,18,44,10677.36617607
1455,18,45,14431.96237204
1456,18,46,14736.17501505
1457,18,47,7055.20333132
1458,18,48,15060.63690881
1459,18,49,12959.71862388
1460,18,50,14660.67464303
1461,18,51,15431.43146386
1462,18,52,7148.22533282
1463,18,53,7568.67719619
1464,18,54,7361.37332719
1465,18,55,11513.74180115
1466,18,56,14467.87634551
1467,18,57,9112.91956879
1468,18,58,17832.86669755
1469,18,59,14400.21950716
1470,18,60,13253.22222156
1471,18,61,17204.42900191
1472,18,62,1991.64674149
1473,18,63,2188.02560135
1474,18,64,3275.6684506
1475,18,65,4687.09468524
1476,18,66,9083.45934917
1477,18,67,15423.63698283
1478,18,68,10410.23386147
1479,18,69,14007.53487777
1480,18,70,3835.50329598
1481,18,71,4423.91837375
1482,18,72,12482.06539277
1483,18,73,6748.3800676
1484,18,74,8271.63839216
1485,18,75,13078.96529345
1486,18,76,11337.81094156
1487,18,77,2884.75515314
1488,18,78,5941.87872098
1489,18,79,14218.93513227
1490,18,80,7318.32499407
1491,18,81,21231.01636245
1492,18,82,19328.34827332
1493,18,83,6648.22461334
1494,19,1,21231.43493184
1495,19,2,19921.91663407
1496,19,3,1253.92592141
1497,19,4,8867.43596891
1498,19,5,18805.31671584
1499,19,6,5995.0191238
1500,19,7,2934.71070498
1501,19,8,11914.92563466
1502,19,9,20077.31873613
1503,19,10,9890.13342975
1504,19,11,2178.12447017
1505,19,12,19607.13324177
1506,19,13,22903.11194816
1507,19,14,5220.97063347
1508,19,15,3695.51771927
1509,19,16,24209.29543916
1510,19,17,24802.53268721
1511,19,18,7381.88432175
1512,19,19,0.0
1513,19,20,22072.70821836
1514,19,21,21542.06627047
1515,19,22,14739.1970712
1516,19,23,10228.92773
1517,19,24,2771.19601696
1518,19,25,4628.66509609
1519,19,26,8790.79125977
1520,19,27,6381.06674753
1521,19,28,10111.14724997
1522,19,29,7832.31387402
1523,19,30,2017.99685041
1524,19,31,5723.65899369
1525,19,32,9752.33881737
1526,19,33,1516.02675871
1527,19,34,3535.1148568
1528,19,35,973.80628456
1529,19,36,10258.8228511
1530,19,37,2085.06672503
1531,19,38,8588.2219474
1532,19,39,4242.37503784
1533,19,40,4016.56391672
1534,19,41,1762.14478602
1535,19,42,6887.60774519
1536,19,43,4879.1225195
1537,19,44,3339.29288159
1538,19,45,7618.59884386
1539,19,46,9230.11303675
1540,19,47,5444.13350647
1541,19,48,11276.65260098
1542,19,49,5953.79589953
1543,19,50,8355.14847
1544,19,51,11111.37700613
1545,19,52,3353.67192415
1546,19,53,2428.9877513
1547,19,54,6963.43095904
1548,19,55,4271.14770488
1549,19,56,7091.08285115
1550,19,57,3119.86421364
1551,19,58,10452.41515929
1552,19,59,21771.40470309
1553,19,60,20253.07124926
1554,19,61,9828.82729255
1555,19,62,8366.74669264
1556,19,63,9383.05852257
1557,19,64,10652.77371086
1558,19,65,4363.82465397
1559,19,66,16023.03128869
1560,19,67,8061.85059255
1561,19,68,17401.68108858
1562,19,69,21127.26748657
1563,19,70,6292.8450247
1564,19,71,11756.04367632
1565,19,72,5121.7538211
1566,19,73,2339.38547494
1567,19,74,15358.68198957
1568,19,75,5697.16612316
1569,19,76,18342.32072856
1570,19,77,7242.57374775
1571,19,78,2926.33423207
1572,19,79,16025.8356284
1573,19,80,1484.87143259
1574,19,81,22349.3644331
1575,19,82,20565.73324302
1576,19,83,2081.4979687
1577,20,1,913.90362519
1578,20,2,2159.61642411
1579,20,3,20953.07825533
1580,20,4,13315.8612374
1581,20,5,3788.46924909
1582,20,6,16100.17933083
1583,20,7,19194.24509008
1584,20,8,10719.18164325
1585,20,9,3095.54701751
1586,20,10,12435.60536904
1587,20,11,19960.06051681
1588,20,12,2710.77808206
1589,20,13,3372.05252424
1590,20,14,16867.15603142
1591,20,15,18394.19871512
1592,20,16,4228.8294754
1593,20,17,6404.24369755
1594,20,18,14691.36423361
1595,20,19,22072.70821836
1596,20,20,0.0
1597,20,21,2845.56950971
1598,20,22,8019.92811231
1599,20,23,28770.60835661
1600,20,24,24352.02638205
1601,20,25,25630.6434111
1602,20,26,28177.41240549
1603,20,27,26606.41522735
1604,20,28,27944.58584892
1605,20,29,27490.39788429
1606,20,30,23739.7759023
1607,20,31,26344.78977661
1608,20,32,28858.77928371
1609,20,33,23333.46930538
1610,20,34,24811.69828122
1611,20,35,22882.42836438
1612,20,36,28333.22201927
1613,20,37,24147.01292274
1614,20,38,28545.16663822
1615,20,39,20877.71956509
1616,20,40,25942.65581282
1617,20,41,22716.33230778
1618,20,42,28272.78168456
1619,20,43,26646.19987015
1620,20,44,25362.2152379
1621,20,45,28866.38892109
1622,20,46,28413.63050001
1623,20,47,20297.24203527
1624,20,48,27461.73191126
1625,20,49,27515.60328344
1626,20,50,28818.01009821
1627,20,51,28197.34592089
1628,20,52,21290.27287573
1629,20,53,21971.78046743
1630,20,54,19675.79246018
1631,20,55,26148.67949569
1632,20,56,29158.78619672
1633,20,57,23493.97850434
1634,20,58,32520.62675763
1635,20,59,1214.01138289
1636,20,60,5954.57409344
1637,20,61,31894.73411968
1638,20,62,14001.1867611
1639,20,63,12765.33471608
1640,20,64,11429.08337764
1641,20,65,18733.0067245
1642,20,66,7864.88662038
1643,20,67,30109.42731178
1644,20,68,6897.87394718
1645,20,69,4966.84182448
1646,20,70,16971.51858701
1647,20,71,10398.62629314
1648,20,72,27159.71494842
1649,20,73,21180.71367577
1650,20,74,7797.67078918
1651,20,75,27769.85911185
1652,20,76,6410.31846552
1653,20,77,15606.18821616
1654,20,78,20293.3384834
