,stationid_o,stationid_d,Eudistance
0,1,1,0.0
1,1,2,1615.93088293
2,1,3,6057.61882458
3,1,4,22288.90834967
4,1,5,19135.10568633
5,1,6,10826.29973528
6,1,7,20908.49975985
7,1,8,7950.19780192
8,1,9,4175.5417316
9,1,10,13646.55446941
10,1,11,15933.80626446
11,1,12,24239.08479414
12,1,13,26137.78907029
13,1,14,27268.05816348
14,1,15,39062.99601227
15,1,16,25098.51676102
16,1,17,33859.07975438
17,1,18,23412.83243363
18,1,19,20365.19835164
19,1,20,17009.14614975
20,1,21,30480.86048977
21,1,22,42201.45481574
22,1,23,32368.29400713
23,1,24,37610.86497763
24,1,25,22078.63204103
25,1,26,45397.2311131
26,1,27,29848.29392695
27,1,28,28603.38302635
28,1,29,35895.19751746
29,1,30,31768.56472673
30,1,31,33560.54709495
31,1,32,32697.72131882
32,1,33,37565.97723315
33,1,34,42823.91380913
34,1,35,44486.34259579
35,1,36,39319.0984058
36,1,37,33974.30227236
37,1,38,35162.00576204
38,1,39,33160.47794676
39,1,40,34432.74495793
40,2,1,1615.93088293
41,2,2,0.0
42,2,3,4663.49022602
43,2,4,20699.68852277
44,2,5,17528.73782213
45,2,6,9272.7903169
46,2,7,19312.264841
47,2,8,6503.54635524
48,2,9,2843.04709105
49,2,10,12055.19644874
50,2,11,14323.53050789
51,2,12,22628.21951476
52,2,13,24534.36156341
53,2,14,25664.97874469
54,2,15,37544.28104695
55,2,16,23490.62574454
56,2,17,32305.209552
57,2,18,21800.44572096
58,2,19,18749.3842278
59,2,20,15393.33166396
60,2,21,28905.22070396
61,2,22,40713.55125838
62,2,23,30810.61809438
63,2,24,36080.9619928
64,2,25,20462.71118477
65,2,26,43938.99591072
66,2,27,28269.38199867
67,2,28,27014.11041972
68,2,29,34348.31859485
69,2,30,30402.00134514
70,2,31,32086.44073034
71,2,32,31293.17494475
72,2,33,36012.7060018
73,2,34,41271.14449111
74,2,35,42921.48340532
75,2,36,37780.98223778
76,2,37,32486.83378302
77,2,38,33633.82019949
78,2,39,31711.52166658
79,2,40,32929.17440187
80,3,1,6057.61882458
81,3,2,4663.49022602
82,3,3,0.0
83,3,4,16558.47785758
84,3,5,13616.16610633
85,3,6,5037.17549663
86,3,7,15247.08652047
87,3,8,1917.01804601
88,3,9,1885.56631844
89,3,10,8043.36828654
90,3,11,10546.5571899
91,3,12,19275.88912051
92,3,13,21325.83714664
93,3,14,22450.46587413
94,3,15,35111.17868726
95,3,16,20202.90448964
96,3,17,29620.1437322
97,3,18,18411.90336315
98,3,19,15129.92333649
99,3,20,11926.70916812
100,3,21,26032.94678328
101,3,22,38480.74324048
102,3,23,28103.26437668
103,3,24,33571.01408498
104,3,25,16872.13113496
105,3,26,41880.48878487
106,3,27,25366.54967807
107,3,28,23996.80063225
108,3,29,31709.5269674
109,3,30,28989.66862848
110,3,31,30015.44112082
111,3,32,29658.88174392
112,3,33,33305.29820342
113,3,34,38537.88428975
114,3,35,40068.74044506
115,3,36,35192.86130489
116,3,37,30321.15058808
117,3,38,31156.55095632
118,3,39,29806.85170667
119,3,40,30645.21192973
120,4,1,22288.90834967
121,4,2,20699.68852277
122,4,3,16558.47785758
123,4,4,0.0
124,4,5,3479.87000711
125,4,6,11533.34469947
126,4,7,1483.98964587
127,4,8,14685.37668773
128,4,9,18349.92682878
129,4,10,8644.6319129
130,4,11,6607.69152695
131,4,12,6156.78253246
132,4,13,8091.69234785
133,4,14,8848.56366269
134,4,15,22557.8780072
135,4,16,7000.31008767
136,4,17,16794.02646456
137,4,18,5568.28901823
138,4,19,3982.50603882
139,4,20,6408.38901269
140,4,21,13069.0973638
141,4,22,26315.52791369
142,4,23,15420.7035558
143,4,24,20903.13238122
144,4,25,3966.27778011
145,4,26,30043.24937845
146,4,27,12411.69851528
147,4,28,10867.27848857
148,4,29,18789.01014286
149,4,30,21111.01944656
150,4,31,19439.67208049
151,4,32,20803.93245202
152,4,33,19980.40493091
153,4,34,24743.8147043
154,4,35,25834.72262188
155,4,36,22104.33542817
156,4,37,19336.17131304
157,4,38,18888.27731384
158,4,39,19899.20012292
159,4,40,19165.27529958
160,5,1,19135.10568633
161,5,2,17528.73782213
162,5,3,13616.16610633
163,5,4,3479.87000711
164,5,5,0.0
165,5,6,8596.44190084
166,5,7,1997.81416612
167,5,8,11815.78835572
168,5,9,15329.78205628
169,5,10,5573.08967952
170,5,11,3230.51216324
171,5,12,6414.86746833
172,5,13,8613.5315459
173,5,14,9634.14182779
174,5,15,23305.31295414
175,5,16,7405.49774445
176,5,17,17524.72952557
177,5,18,5561.05393376
178,5,19,2203.18348153
179,5,20,2977.0065584
180,5,21,13735.73055715
181,5,22,26976.50386177
182,5,23,16046.88825045
183,5,24,21664.87955118
184,5,25,3680.55414007
185,5,26,30636.57601973
186,5,27,13045.87662325
187,5,28,11512.72466846
188,5,29,19610.24616873
189,5,30,20249.03263109
190,5,31,19377.67608743
191,5,32,20222.35444578
192,5,33,20998.87650998
193,5,34,26032.78220897
194,5,35,27329.12377144
195,5,36,23059.52428799
196,5,37,19416.60914216
197,5,38,19443.6123431
198,5,39,19623.9848769
199,5,40,19422.85325461
200,6,1,10826.29973528
201,6,2,9272.7903169
202,6,3,5037.17549663
203,6,4,11533.34469947
204,6,5,8596.44190084
205,6,6,0.0
206,6,7,10210.64639006
207,6,8,3222.09203955
208,6,9,6817.71954899
209,6,10,3040.4988799
210,6,11,5616.84345987
211,6,12,14453.79139216
212,6,13,16565.48769606
213,6,14,17675.82269924
214,6,15,30733.94761327
215,6,16,15407.88450518
216,6,17,25113.63296313
217,6,18,13578.84281989
218,6,19,10210.97368197
219,6,20,7173.97993422
220,6,21,21435.19517153
221,6,22,34221.80871099
222,6,23,23595.32880777
223,6,24,29151.92090429
224,6,25,11949.65562376
225,6,26,37726.64217842
226,6,27,20755.44865244
227,6,28,19326.19886089
228,6,29,27217.22545382
229,6,30,25505.79779612
230,6,31,25957.11965339
231,6,32,25968.16847894
232,6,33,28757.23124752
233,6,34,33946.35614885
234,6,35,35401.25835435
235,6,36,30710.36558251
236,6,37,26184.67474145
237,6,38,26779.86062452
238,6,39,25885.92938197
239,6,40,26414.71337521
240,7,1,20908.49975985
241,7,2,19312.264841
242,7,3,15247.08652047
243,7,4,1483.98964587
244,7,5,1997.81416612
245,7,6,10210.64639006
246,7,7,0.0
247,7,8,13395.64892575
248,7,9,17013.5820022
249,7,10,7265.71494301
250,7,11,5139.83465738
251,7,12,6084.55553051
252,7,13,8195.06799129
253,7,14,9085.20669118
254,7,15,22870.72900427
255,7,16,7023.55549851
256,7,17,17078.71941464
257,7,18,5349.77452897
258,7,19,2909.36151898
259,7,20,4946.63019594
260,7,21,13302.42775742
261,7,22,26599.9078732
262,7,23,15652.53945315
263,7,24,21217.35032359
264,7,25,3497.38296969
265,7,26,30305.21224502
266,7,27,12625.1634808
267,7,28,11069.85688937
268,7,29,19121.69224109
269,7,30,20732.0008302
270,7,31,19394.20816341
271,7,32,20542.41161471
272,7,33,20403.03696135
273,7,34,25296.01243118
274,7,35,26477.89880916
275,7,36,22505.80853259
276,7,37,19351.27500573
277,7,38,19106.0814657
278,7,39,19764.53556331
279,7,40,19255.76104655
280,8,1,7950.19780192
281,8,2,6503.54635524
282,8,3,1917.01804601
283,8,4,14685.37668773
284,8,5,11815.78835572
285,8,6,3222.09203955
286,8,7,13395.64892575
287,8,8,0.0
288,8,9,3794.20243009
289,8,10,6261.51642303
290,8,11,8821.24615574
291,8,12,17629.99042864
292,8,13,19718.61878314
293,8,14,20835.81292147
294,8,15,33720.89503977
295,8,16,18574.21163046
296,8,17,28159.2219141
297,8,18,16758.47493036
298,8,19,13417.77397766
299,8,20,10305.25445547
300,8,21,24520.62060783
301,8,22,37151.89788022
302,8,23,26640.23620555
303,8,24,32158.32715255
304,8,25,15158.69464589
305,8,26,40605.26399866
306,8,27,23846.41981476
307,8,28,22442.92863272
308,8,29,30257.68253014
309,8,30,28003.28069432
310,8,31,28774.20718675
311,8,32,28583.51463247
312,8,33,31825.09048523
313,8,34,37036.68549004
314,8,35,38525.33796487
315,8,36,33748.49798384
316,8,37,29043.67726258
317,8,38,29763.29779148
318,8,39,28628.54022
319,8,40,29323.25444818
320,9,1,4175.5417316
321,9,2,2843.04709105
322,9,3,1885.56631844
323,9,4,18349.92682878
324,9,5,15329.78205628
325,9,6,6817.71954899
326,9,7,17013.5820022
327,9,8,3794.20243009
328,9,9,0.0
329,9,10,9766.1904734
330,9,11,12200.32884885
331,9,12,20813.45958378
332,9,13,22818.03512092
333,9,14,23947.45931633
334,9,15,36351.07348084
335,9,16,21720.20509443
336,9,17,30942.67635321
337,9,18,19959.76989876
338,9,19,16748.31675752
339,9,20,13475.10426557
340,9,21,27416.0028599
341,9,22,39652.01224661
342,9,23,29431.05595295
343,9,24,34836.58828408
344,9,25,18486.03039178
345,9,26,42991.73398651
346,9,27,26759.16748417
347,9,28,25427.3726552
348,9,29,33018.83884367
349,9,30,29835.39052115
350,9,31,31113.10766622
351,9,32,30591.10607583
352,9,33,34641.5977823
353,9,34,39889.6246793
354,9,35,41464.03461047
355,9,36,36488.91148684
356,9,37,31454.71265574
357,9,38,32406.38888997
358,9,39,30841.71912675
359,9,40,31823.20416742
360,10,1,13646.55446941
361,10,2,12055.19644874
362,10,3,8043.36828654
363,10,4,8644.6319129
364,10,5,5573.08967952
365,10,6,3040.4988799
366,10,7,7265.71494301
367,10,8,6261.51642303
368,10,9,9766.1904734
369,10,10,0.0
370,10,11,2605.69911651
371,10,12,11456.29408789
372,10,13,13591.38117568
373,10,14,14692.36853713
374,10,15,27916.70062783
375,10,16,12420.42462745
376,10,17,22243.54946654
377,10,18,10578.61803913
378,10,19,7182.54147889
379,10,20,4293.27097469
380,10,21,18528.46139137
381,10,22,31458.1581153
382,10,23,20728.82615662
383,10,24,26316.76111131
384,10,25,8917.60168605
385,10,26,35010.55512122
386,10,27,17843.88130842
387,10,28,16388.55722537
388,10,29,24349.20674124
389,10,30,23232.70091057
390,10,31,23332.92407567
391,10,32,23563.92247566
392,10,33,25858.5882074
393,10,34,31020.51762587
394,10,35,32441.64385108
395,10,36,27840.16448521
396,10,37,23514.04619621
397,10,38,23973.25713484
398,10,39,23343.28862802
399,10,40,23689.65127281
400,11,1,15933.80626446
401,11,2,14323.53050789
402,11,3,10546.5571899
403,11,4,6607.69152695
404,11,5,3230.51216324
405,11,6,5616.84345987
406,11,7,5139.83465738
407,11,8,8821.24615574
408,11,9,12200.32884885
409,11,10,2605.69911651
410,11,11,0.0
411,11,12,8850.99007797
412,11,13,10986.8414569
413,11,14,12086.78124821
414,11,15,25368.76623929
415,11,16,9814.75131438
416,11,17,19672.58168661
417,11,18,7973.5989568
418,11,19,4596.5534375
419,11,20,1840.36790083
420,11,21,15943.22570348
421,11,22,28937.26573525
422,11,23,18160.66663208
423,11,24,23760.52756753
424,11,25,6337.58943395
425,11,26,32514.82777471
426,11,27,15257.03048716
427,11,28,13792.55503736
428,11,29,21777.99468466
429,11,30,21076.89207921
430,11,31,20911.20455139
431,11,32,21303.80689629
432,11,33,23273.47855702
433,11,34,28424.82134614
434,11,35,29837.88793506
435,11,36,25266.38875551
436,11,37,21060.11081118
437,11,38,21434.06554003
438,11,39,20979.88647083
439,11,40,21199.76363289
440,12,1,24239.08479414
441,12,2,22628.21951476
442,12,3,19275.88912051
443,12,4,6156.78253246
444,12,5,6414.86746833
445,12,6,14453.79139216
446,12,7,6084.55553051
447,12,8,17629.99042864
448,12,9,20813.45958378
449,12,10,11456.29408789
450,12,11,8850.99007797
451,12,12,0.0
452,12,13,2198.83979217
453,12,14,3250.66074939
454,12,15,16906.91271874
455,12,16,991.13287101
456,12,17,11118.46890725
457,12,18,879.09049794
458,12,19,4339.56690585
459,12,20,7349.74068882
460,12,21,7327.06172268
461,12,22,20600.52260576
462,12,23,9652.6740557
463,12,24,15261.96800994
464,12,25,2743.74358986
465,12,26,24283.39959446
466,12,27,6638.57522132
467,12,28,5099.13365597
468,12,29,13198.49668773
469,12,30,15019.43266381
470,12,31,13328.6315926
471,12,32,14655.10517896
472,12,33,14587.19088475
473,12,34,19653.32413227
474,12,35,21009.5944563
475,12,36,16644.65743945
476,12,37,13269.38626312
477,12,38,13078.12328668
478,12,39,13750.14327383
479,12,40,13174.32285663
480,13,1,26137.78907029
481,13,2,24534.36156341
482,13,3,21325.83714664
483,13,4,8091.69234785
484,13,5,8613.5315459
485,13,6,16565.48769606
486,13,7,8195.06799129
487,13,8,19718.61878314
488,13,9,22818.03512092
489,13,10,13591.38117568
490,13,11,10986.8414569
491,13,12,2198.83979217
492,13,13,0.0
493,13,14,1131.33114867
494,13,15,14720.39768995
495,13,16,1208.05240144
496,13,17,8928.32631158
497,13,18,3064.2546114
498,13,19,6526.88940153
499,13,20,9414.06792896
500,13,21,5137.01231288
501,13,22,18426.01920197
502,13,23,7473.67367095
503,13,24,13072.93408584
504,13,25,4938.92564405
505,13,26,22119.65545608
506,13,27,4450.97387875
507,13,28,2904.14024005
508,13,29,11003.31340262
509,13,30,13489.06140456
510,13,31,11363.42613794
511,13,32,12950.28344557
512,13,33,12389.04444946
513,13,34,17468.47789793
514,13,35,18851.48377399
515,13,36,14446.07063692
516,13,37,11244.78210327
517,13,38,10915.63608029
518,13,39,11884.49273914
519,13,40,11087.12839209
520,14,1,27268.05816348
521,14,2,25664.97874469
522,14,3,22450.46587413
523,14,4,8848.56366269
524,14,5,9634.14182779
525,14,6,17675.82269924
526,14,7,9085.20669118
527,14,8,20835.81292147
528,14,9,23947.45931633
529,14,10,14692.36853713
530,14,11,12086.78124821
531,14,12,3250.66074939
532,14,13,1131.33114867
533,14,14,0.0
534,14,15,13785.58326978
535,14,16,2272.73797433
536,14,17,7993.80898597
537,14,18,4128.785217
538,14,19,7589.37261193
539,14,20,10533.45949518
540,14,21,4228.56058589
541,14,22,17517.77699335
542,14,23,6582.55001309
543,14,24,12132.45598587
544,14,25,5953.91908364
545,14,26,21230.27063358
546,14,27,3564.02118345
547,14,28,2020.33923392
548,14,29,10040.94328273
549,14,30,13254.49068792
550,14,31,10764.01383983
551,14,32,12582.73375561
552,14,33,11373.32799709
553,14,34,16407.45328568
554,14,35,17760.28180091
555,14,36,13452.18883133
556,14,37,10578.80525524
557,14,38,10047.56777988
558,14,39,11382.2116555
559,14,40,10341.91343964
560,15,1,39062.99601227
561,15,2,37544.28104695
562,15,3,35111.17868726
563,15,4,22557.8780072
564,15,5,23305.31295414
565,15,6,30733.94761327
566,15,7,22870.72900427
567,15,8,33720.89503977
568,15,9,36351.07348084
569,15,10,27916.70062783
570,15,11,25368.76623929
571,15,12,16906.91271874
572,15,13,14720.39768995
573,15,14,13785.58326978
574,15,15,0.0
575,15,16,15923.14730967
576,15,17,5794.37078123
577,15,18,17746.72377112
578,15,19,21159.66436062
579,15,20,23624.34608328
580,15,21,9583.56132908
581,15,22,3775.71334957
582,15,23,7258.46115172
583,15,24,1655.10064387
584,15,25,19650.11609753
585,15,26,7518.70326809
586,15,27,10269.7463415
587,15,28,11818.49079139
588,15,29,3771.95687573
589,15,30,10323.10464553
590,15,31,6067.27468086
591,15,32,8633.49019246
592,15,33,3007.45828711
593,15,34,4635.28095697
594,15,35,6689.72311859
595,15,36,1444.15632463
596,15,37,5411.38605319
597,15,38,3957.60469379
598,15,39,7031.00960203
599,15,40,4719.55399511
600,16,1,25098.51676102
601,16,2,23490.62574454
602,16,3,20202.90448964
603,16,4,7000.31008767
604,16,5,7405.49774445
605,16,6,15407.88450518
606,16,7,7023.55549851
607,16,8,18574.21163046
608,16,9,21720.20509443
609,16,10,12420.42462745
610,16,11,9814.75131438
611,16,12,991.13287101
612,16,13,1208.05240144
613,16,14,2272.73797433
614,16,15,15923.14730967
615,16,16,0.0
616,16,17,10132.69211639
617,16,18,1861.88510871
618,16,19,5326.16138407
619,16,20,8278.21639785
620,16,21,6341.03279512
621,16,22,19622.74241788
622,16,23,8671.9995909
623,16,24,14276.89442193
624,16,25,3731.45283841
625,16,26,23310.89945795
626,16,27,5653.53350341
627,16,28,4110.53421006
628,16,29,12210.15747768
629,16,30,14322.03499043
630,16,31,12441.91455971
631,16,32,13881.75825883
632,16,33,13596.06480566
633,16,34,18666.1224305
634,16,35,20032.22886181
635,16,36,15654.12300943
636,16,37,12357.08417078
637,16,38,12105.42355928
638,16,39,12906.54014358
639,16,40,12234.89346804
640,17,1,33859.07975438
641,17,2,32305.209552
642,17,3,29620.1437322
643,17,4,16794.02646456
644,17,5,17524.72952557
645,17,6,25113.63296313
646,17,7,17078.71941464
647,17,8,28159.2219141
648,17,9,30942.67635321
649,17,10,22243.54946654
650,17,11,19672.58168661
651,17,12,11118.46890725
652,17,13,8928.32631158
653,17,14,7993.80898597
654,17,15,5794.37078123
655,17,16,10132.69211639
656,17,17,0.0
657,17,18,11963.83281981
658,17,19,15392.30676875
659,17,20,17961.9722032
660,17,21,3791.659645
661,17,22,9526.98584722
662,17,23,1519.05257633
663,17,24,4144.71732982
664,17,25,13862.2067617
665,17,26,13249.43654917
666,17,27,4479.97053624
667,17,28,6025.12625465
668,17,29,2105.67112927
669,17,30,9319.74990113
670,17,31,4748.48633498
671,17,32,7837.21363921
672,17,33,3707.57004922
673,17,34,8966.01802597
674,17,35,10667.67558287
675,17,36,5597.69421232
676,17,37,4090.11453515
677,17,38,2219.66661618
678,17,39,5940.47758059
679,17,40,3292.91126745
680,18,1,23412.83243363
681,18,2,21800.44572096
682,18,3,18411.90336315
683,18,4,5568.28901823
684,18,5,5561.05393376
685,18,6,13578.84281989
686,18,7,5349.77452897
687,18,8,16758.47493036
688,18,9,19959.76989876
689,18,10,10578.61803913
690,18,11,7973.5989568
691,18,12,879.09049794
692,18,13,3064.2546114
693,18,14,4128.785217
694,18,15,17746.72377112
695,18,16,1861.88510871
696,18,17,11963.83281981
697,18,18,0.0
698,18,19,3464.28568122
699,18,20,6488.80237043
700,18,21,8174.71702422
701,18,22,21428.54710696
702,18,23,10488.97489416
703,18,24,16104.80683738
704,18,25,1916.56874815
705,18,26,25102.05536358
706,18,27,7484.82348316
707,18,28,5954.21848811
708,18,29,14049.53991895
709,18,30,15543.19641729
710,18,31,14045.78747126
711,18,32,15253.68789499
712,18,33,15452.02059697
713,18,34,20528.0023392
714,18,35,21888.39171991
715,18,36,17503.06531405
716,18,37,14014.84128895
717,18,38,13899.84813529
718,18,39,14421.22185892
719,18,40,13951.57360214
720,19,1,20365.19835164
721,19,2,18749.3842278
722,19,3,15129.92333649
723,19,4,3982.50603882
724,19,5,2203.18348153
725,19,6,10210.97368197
726,19,7,2909.36151898
727,19,8,13417.77397766
728,19,9,16748.31675752
729,19,10,7182.54147889
730,19,11,4596.5534375
731,19,12,4339.56690585
732,19,13,6526.88940153
733,19,14,7589.37261193
734,19,15,21159.66436062
735,19,16,5326.16138407
736,19,17,15392.30676875
737,19,18,3464.28568122
738,19,19,0.0
739,19,20,3383.13017313
740,19,21,11611.89314289
741,19,22,24813.28607525
742,19,23,13903.38976121
743,19,24,19524.97127445
744,19,25,1742.41901873
745,19,26,28462.05696871
746,19,27,10921.20529977
747,19,28,9404.73012938
748,19,29,17486.20188626
749,19,30,18116.4773901
750,19,31,17174.49260591
751,19,32,18049.01531717
752,19,33,18909.18957159
753,19,34,23992.23114322
754,19,35,25343.35760536
755,19,36,20950.61877232
756,19,37,17215.50501214
757,19,38,17279.36412614
758,19,39,17425.72188419
759,19,40,17230.13861439
760,20,1,17009.14614975
761,20,2,15393.33166396
762,20,3,11926.70916812
763,20,4,6408.38901269
764,20,5,2977.0065584
765,20,6,7173.97993422
766,20,7,4946.63019594
767,20,8,10305.25445547
768,20,9,13475.10426557
769,20,10,4293.27097469
770,20,11,1840.36790083
771,20,12,7349.74068882
772,20,13,9414.06792896
773,20,14,10533.45949518
774,20,15,23624.34608328
775,20,16,8278.21639785
776,20,17,17961.9722032
777,20,18,6488.80237043
778,20,19,3383.13017313
779,20,20,0.0
780,20,21,14265.16284077
781,20,22,27166.4626081
782,20,23,16445.61929379
783,20,24,22026.56767285
784,20,25,5071.87178715
785,20,26,30726.29842431
786,20,27,13583.94520083
787,20,28,12152.72030364
788,20,29,20067.27993237
789,20,30,19245.86476019
790,20,31,19088.81526671
791,20,32,19463.7149206
792,20,33,21591.3547883
793,20,34,26773.26036221
794,20,35,28230.7997073
795,20,36,23559.58632064
796,20,37,19249.06496077
797,20,38,19680.08273665
798,20,39,19145.02355819
799,20,40,19406.66163254
800,21,1,30480.86048977
801,21,2,28905.22070396
802,21,3,26032.94678328
803,21,4,13069.0973638
804,21,5,13735.73055715
805,21,6,21435.19517153
806,21,7,13302.42775742
807,21,8,24520.62060783
808,21,9,27416.0028599
809,21,10,18528.46139137
810,21,11,15943.22570348
811,21,12,7327.06172268
812,21,13,5137.01231288
813,21,14,4228.56058589
814,21,15,9583.56132908
815,21,16,6341.03279512
816,21,17,3791.659645
817,21,18,8174.71702422
818,21,19,11611.89314289
819,21,20,14265.16284077
820,21,21,0.0
821,21,22,13298.1385906
822,21,23,2353.99183076
823,21,24,7936.01805041
824,21,25,10070.79874784
825,21,26,17004.38898768
826,21,27,690.68868912
827,21,28,2235.57652619
828,21,29,5875.49141158
829,21,30,10346.29217508
830,21,31,6926.98239598
831,21,32,9299.74854933
832,21,33,7330.42565215
833,21,34,12516.16487058
834,21,35,14048.10504107
835,21,36,9341.68909232
836,21,37,6599.71292465
837,21,38,5820.07811375
838,21,39,7769.20540184
839,21,40,6225.02072372
840,22,1,42201.45481574
841,22,2,40713.55125838
842,22,3,38480.74324048
843,22,4,26315.52791369
844,22,5,26976.50386177
845,22,6,34221.80871099
846,22,7,26599.9078732
847,22,8,37151.89788022
848,22,9,39652.01224661
849,22,10,31458.1581153
850,22,11,28937.26573525
851,22,12,20600.52260576
852,22,13,18426.01920197
853,22,14,17517.77699335
854,22,15,3775.71334957
855,22,16,19622.74241788
856,22,17,9526.98584722
857,22,18,21428.54710696
858,22,19,24813.28607525
859,22,20,27166.4626081
860,22,21,13298.1385906
861,22,22,0.0
862,22,23,10952.4804057
863,22,24,5421.73390824
864,22,25,23339.40751384
865,22,26,3743.02479412
866,22,27,13978.42018871
867,22,28,15532.65835739
868,22,29,7543.2072001
869,22,30,11891.85627192
870,22,31,8670.17154615
871,22,32,10368.88109076
872,22,33,6649.57290296
873,22,34,5050.38041974
874,22,35,6708.2208985
875,22,36,4597.96169
876,22,37,8227.27205815
877,22,38,7533.94280893
878,22,39,9267.89826887
879,22,40,7835.53380825
880,23,1,32368.29400713
881,23,2,30810.61809438
882,23,3,28103.26437668
883,23,4,15420.7035558
884,23,5,16046.88825045
885,23,6,23595.32880777
886,23,7,15652.53945315
887,23,8,26640.23620555
888,23,9,29431.05595295
889,23,10,20728.82615662
890,23,11,18160.66663208
891,23,12,9652.6740557
892,23,13,7473.67367095
893,23,14,6582.55001309
894,23,15,7258.46115172
895,23,16,8671.9995909
896,23,17,1519.05257633
897,23,18,10488.97489416
898,23,19,13903.38976121
899,23,20,16445.61929379
900,23,21,2353.99183076
901,23,22,10952.4804057
902,23,23,0.0
903,23,24,5621.71612343
904,23,25,12394.64200592
905,23,26,14652.75629712
906,23,27,3027.41503893
907,23,28,4582.68322557
908,23,29,3622.12906609
909,23,30,9179.41044859
910,23,31,5065.52754423
911,23,32,7869.65093546
912,23,33,5211.28547426
913,23,34,10466.20015858
914,23,35,12131.5741334
915,23,36,7115.19762546
916,23,37,4579.89920018
917,23,38,3467.61212341
918,23,39,6107.00542344
919,23,40,4032.65381434
920,24,1,37610.86497763
921,24,2,36080.9619928
922,24,3,33571.01408498
923,24,4,20903.13238122
924,24,5,21664.87955118
925,24,6,29151.92090429
926,24,7,21217.35032359
927,24,8,32158.32715255
928,24,9,34836.58828408
929,24,10,26316.76111131
930,24,11,23760.52756753
931,24,12,15261.96800994
932,24,13,13072.93408584
933,24,14,12132.45598587
934,24,15,1655.10064387
935,24,16,14276.89442193
936,24,17,4144.71732982
937,24,18,16104.80683738
938,24,19,19524.97127445
939,24,20,22026.56767285
940,24,21,7936.01805041
941,24,22,5421.73390824
942,24,23,5621.71612343
943,24,24,0.0
944,24,25,18005.59539078
945,24,26,9162.58017196
946,24,27,8623.52032919
947,24,28,10169.84158379
948,24,29,2121.61943886
949,24,30,9809.13929757
950,24,31,5189.20283459
951,24,32,8105.8110168
952,24,33,1781.55278375
953,24,34,5524.08383237
954,24,35,7500.02075399
955,24,36,1809.84931615
956,24,37,4439.49928133
957,24,38,2450.857831
958,24,39,6314.18391238
959,24,40,3577.28698654
960,25,1,22078.63204103
961,25,2,20462.71118477
962,25,3,16872.13113496
963,25,4,3966.27778011
964,25,5,3680.55414007
965,25,6,11949.65562376
966,25,7,3497.38296969
967,25,8,15158.69464589
968,25,9,18486.03039178
969,25,10,8917.60168605
970,25,11,6337.58943395
971,25,12,2743.74358986
972,25,13,4938.92564405
973,25,14,5953.91908364
974,25,15,19650.11609753
975,25,16,3731.45283841
976,25,17,13862.2067617
977,25,18,1916.56874815
978,25,19,1742.41901873
979,25,20,5071.87178715
980,25,21,10070.79874784
981,25,22,23339.40751384
982,25,23,12394.64200592
983,25,24,18005.59539078
984,25,25,0.0
985,25,26,27016.43291457
986,25,27,9382.29115862
987,25,28,7841.91804684
988,25,29,15941.54385364
989,25,30,17254.99568529
990,25,31,15934.41051225
991,25,32,17045.59427995
992,25,33,17319.26279065
993,25,34,22356.47186358
994,25,35,23671.69758668
995,25,36,19383.68467658
996,25,37,15918.11606378
997,25,38,15812.93683097
998,25,39,16278.09202249
999,25,40,15865.58975376
1000,26,1,45397.2311131
1001,26,2,43938.99591072
1002,26,3,41880.48878487
1003,26,4,30043.24937845
1004,26,5,30636.57601973
1005,26,6,37726.64217842
1006,26,7,30305.21224502
1007,26,8,40605.26399866
1008,26,9,42991.73398651
1009,26,10,35010.55512122
1010,26,11,32514.82777471
1011,26,12,24283.39959446
1012,26,13,22119.65545608
1013,26,14,21230.27063358
1014,26,15,7518.70326809
1015,26,16,23310.89945795
1016,26,17,13249.43654917
1017,26,18,25102.05536358
1018,26,19,28462.05696871
1019,26,20,30726.29842431
1020,26,21,17004.38898768
1021,26,22,3743.02479412
1022,26,23,14652.75629712
1023,26,24,9162.58017196
1024,26,25,27016.43291457
1025,26,26,0.0
1026,26,27,17680.06376081
1027,26,28,19235.39323655
1028,26,29,11284.18389457
1029,26,30,14270.67446926
1030,26,31,11878.82039589
1031,26,32,12960.30675182
1032,26,33,10357.59032901
1033,26,34,7605.04244141
1034,26,35,8583.79666633
1035,26,36,8260.34416955
1036,26,37,11563.0098848
1037,26,38,11205.56099634
1038,26,39,12242.86593209
1039,26,40,11321.04003345
1040,27,1,29848.29392695
1041,27,2,28269.38199867
1042,27,3,25366.54967807
1043,27,4,12411.69851528
1044,27,5,13045.87662325
1045,27,6,20755.44865244
1046,27,7,12625.1634808
1047,27,8,23846.41981476
1048,27,9,26759.16748417
1049,27,10,17843.88130842
1050,27,11,15257.03048716
1051,27,12,6638.57522132
1052,27,13,4450.97387875
1053,27,14,3564.02118345
1054,27,15,10269.7463415
1055,27,16,5653.53350341
1056,27,17,4479.97053624
1057,27,18,7484.82348316
1058,27,19,10921.20529977
1059,27,20,13583.94520083
1060,27,21,690.68868912
1061,27,22,13978.42018871
1062,27,23,3027.41503893
1063,27,24,8623.52032919
1064,27,25,9382.29115862
1065,27,26,17680.06376081
1066,27,27,0.0
1067,27,28,1555.34354921
1068,27,29,6565.96894499
1069,27,30,10613.07083183
1070,27,31,7424.29610302
1071,27,32,9651.83117472
1072,27,33,8016.57888779
1073,27,34,13192.3358613
1074,27,35,14706.48050228
1075,27,36,10032.04192992
1076,27,37,7144.37444857
1077,27,38,6486.26312614
1078,27,39,8202.18599834
1079,27,40,6823.09194607
1080,28,1,28603.38302635
1081,28,2,27014.11041972
1082,28,3,23996.80063225
1083,28,4,10867.27848857
1084,28,5,11512.72466846
1085,28,6,19326.19886089
1086,28,7,11069.85688937
1087,28,8,22442.92863272
1088,28,9,25427.3726552
1089,28,10,16388.55722537
1090,28,11,13792.55503736
1091,28,12,5099.13365597
1092,28,13,2904.14024005
1093,28,14,2020.33923392
1094,28,15,11818.49079139
1095,28,16,4110.53421006
1096,28,17,6025.12625465
1097,28,18,5954.21848811
1098,28,19,9404.73012938
1099,28,20,12152.72030364
1100,28,21,2235.57652619
1101,28,22,15532.65835739
1102,28,23,4582.68322557
1103,28,24,10169.84158379
1104,28,25,7841.91804684
1105,28,26,19235.39323655
1106,28,27,1555.34354921
1107,28,28,0.0
1108,28,29,8099.63100267
1109,28,30,11604.57827034
1110,28,31,8804.83049703
1111,28,32,10797.6644842
1112,28,33,9506.03625964
1113,28,34,14632.35103211
1114,28,35,16082.42316462
1115,28,36,11548.94105547
1116,28,37,8586.53466781
1117,28,38,8040.42009461
1118,28,39,9486.5587503
1119,28,40,8325.8501367
1120,29,1,35895.19751746
1121,29,2,34348.31859485
1122,29,3,31709.5269674
1123,29,4,18789.01014286
1124,29,5,19610.24616873
1125,29,6,27217.22545382
1126,29,7,19121.69224109
1127,29,8,30257.68253014
1128,29,9,33018.83884367
1129,29,10,24349.20674124
1130,29,11,21777.99468466
1131,29,12,13198.49668773
1132,29,13,11003.31340262
1133,29,14,10040.94328273
1134,29,15,3771.95687573
1135,29,16,12210.15747768
1136,29,17,2105.67112927
1137,29,18,14049.53991895
1138,29,19,17486.20188626
1139,29,20,20067.27993237
1140,29,21,5875.49141158
1141,29,22,7543.2072001
1142,29,23,3622.12906609
1143,29,24,2121.61943886
1144,29,25,15941.54385364
1145,29,26,11284.18389457
1146,29,27,6565.96894499
1147,29,28,8099.63100267
1148,29,29,0.0
1149,29,30,9752.30110006
1150,29,31,4933.67447705
1151,29,32,8112.91328047
1152,29,33,1741.89422901
1153,29,34,6943.54792122
1154,29,35,8733.47820154
1155,29,36,3493.14312065
1156,29,37,4144.82722591
1157,29,38,1495.50545586
1158,29,39,6182.48234945
1159,29,40,3157.04451253
1160,30,1,31768.56472673
1161,30,2,30402.00134514
1162,30,3,28989.66862848
1163,30,4,21111.01944656
1164,30,5,20249.03263109
1165,30,6,25505.79779612
1166,30,7,20732.0008302
1167,30,8,28003.28069432
1168,30,9,29835.39052115
1169,30,10,23232.70091057
1170,30,11,21076.89207921
1171,30,12,15019.43266381
1172,30,13,13489.06140456
1173,30,14,13254.49068792
1174,30,15,10323.10464553
1175,30,16,14322.03499043
1176,30,17,9319.74990113
1177,30,18,15543.19641729
1178,30,19,18116.4773901
1179,30,20,19245.86476019
1180,30,21,10346.29217508
1181,30,22,11891.85627192
1182,30,23,9179.41044859
1183,30,24,9809.13929757
1184,30,25,17254.99568529
1185,30,26,14270.67446926
1186,30,27,10613.07083183
1187,30,28,11604.57827034
1188,30,29,9752.30110006
1189,30,30,0.0
1190,30,31,4819.08516379
1191,30,32,1704.60593771
1192,30,33,11128.18483228
1193,30,34,14957.00286035
1194,30,35,17012.45083152
1195,30,36,11445.85296581
1196,30,37,5610.7916501
1197,30,38,8257.78475286
1198,30,39,3575.99810437
1199,30,40,6599.58656328
1200,31,1,33560.54709495
1201,31,2,32086.44073034
1202,31,3,30015.44112082
1203,31,4,19439.67208049
1204,31,5,19377.67608743
1205,31,6,25957.11965339
1206,31,7,19394.20816341
1207,31,8,28774.20718675
1208,31,9,31113.10766622
1209,31,10,23332.92407567
1210,31,11,20911.20455139
1211,31,12,13328.6315926
1212,31,13,11363.42613794
1213,31,14,10764.01383983
1214,31,15,6067.27468086
1215,31,16,12441.91455971
1216,31,17,4748.48633498
1217,31,18,14045.78747126
1218,31,19,17174.49260591
1219,31,20,19088.81526671
1220,31,21,6926.98239598
1221,31,22,8670.17154615
1222,31,23,5065.52754423
1223,31,24,5189.20283459
1224,31,25,15934.41051225
1225,31,26,11878.82039589
1226,31,27,7424.29610302
1227,31,28,8804.83049703
1228,31,29,4933.67447705
1229,31,30,4819.08516379
1230,31,31,0.0
1231,31,32,3190.8143099
1232,31,33,6345.5495402
1233,31,34,10615.73161302
1234,31,35,12638.59643306
1235,31,36,6944.19073568
1236,31,37,794.41448288
1237,31,38,3438.78103178
1238,31,39,1252.53342571
1239,31,40,1781.54127031
1240,32,1,32697.72131882
1241,32,2,31293.17494475
1242,32,3,29658.88174392
1243,32,4,20803.93245202
1244,32,5,20222.35444578
1245,32,6,25968.16847894
1246,32,7,20542.41161471
1247,32,8,28583.51463247
1248,32,9,30591.10607583
1249,32,10,23563.92247566
1250,32,11,21303.80689629
1251,32,12,14655.10517896
1252,32,13,12950.28344557
1253,32,14,12582.73375561
1254,32,15,8633.49019246
1255,32,16,13881.75825883
1256,32,17,7837.21363921
1257,32,18,15253.68789499
1258,32,19,18049.01531717
1259,32,20,19463.7149206
1260,32,21,9299.74854933
1261,32,22,10368.88109076
1262,32,23,7869.65093546
1263,32,24,8105.8110168
1264,32,25,17045.59427995
1265,32,26,12960.30675182
1266,32,27,9651.83117472
1267,32,28,10797.6644842
1268,32,29,8112.91328047
1269,32,30,1704.60593771
1270,32,31,3190.8143099
1271,32,32,0.0
1272,32,33,9446.11839359
1273,32,34,13268.72539879
1274,32,35,15323.01465423
1275,32,36,9742.67183938
1276,32,37,3970.1665641
1277,32,38,6617.74014584
1278,32,39,1938.82343735
1279,32,40,4956.0984072
1280,33,1,37565.97723315
1281,33,2,36012.7060018
1282,33,3,33305.29820342
1283,33,4,19980.40493091
1284,33,5,20998.87650998
1285,33,6,28757.23124752
1286,33,7,20403.03696135
1287,33,8,31825.09048523
1288,33,9,34641.5977823
1289,33,10,25858.5882074
1290,33,11,23273.47855702
1291,33,12,14587.19088475
1292,33,13,12389.04444946
1293,33,14,11373.32799709
1294,33,15,3007.45828711
1295,33,16,13596.06480566
1296,33,17,3707.57004922
1297,33,18,15452.02059697
1298,33,19,18909.18957159
1299,33,20,21591.3547883
1300,33,21,7330.42565215
1301,33,22,6649.57290296
1302,33,23,5211.28547426
1303,33,24,1781.55278375
1304,33,25,17319.26279065
1305,33,26,10357.59032901
1306,33,27,8016.57888779
1307,33,28,9506.03625964
1308,33,29,1741.89422901
1309,33,30,11128.18483228
1310,33,31,6345.5495402
1311,33,32,9446.11839359
1312,33,33,0.0
1313,33,34,5258.45806785
1314,33,35,7000.78460877
1315,33,36,2137.87184339
1316,33,37,5553.62358714
1317,33,38,3015.75187353
1318,33,39,7560.37971085
1319,33,40,4582.74483939
1320,34,1,42823.91380913
1321,34,2,41271.14449111
1322,34,3,38537.88428975
1323,34,4,24743.8147043
1324,34,5,26032.78220897
1325,34,6,33946.35614885
1326,34,7,25296.01243118
1327,34,8,37036.68549004
1328,34,9,39889.6246793
1329,34,10,31020.51762587
1330,34,11,28424.82134614
1331,34,12,19653.32413227
1332,34,13,17468.47789793
1333,34,14,16407.45328568
1334,34,15,4635.28095697
1335,34,16,18666.1224305
1336,34,17,8966.01802597
1337,34,18,20528.0023392
1338,34,19,23992.23114322
1339,34,20,26773.26036221
1340,34,21,12516.16487058
1341,34,22,5050.38041974
1342,34,23,10466.20015858
1343,34,24,5524.08383237
1344,34,25,22356.47186358
1345,34,26,7605.04244141
1346,34,27,13192.3358613
1347,34,28,14632.35103211
1348,34,29,6943.54792122
1349,34,30,14957.00286035
1350,34,31,10615.73161302
1351,34,32,13268.72539879
1352,34,33,5258.45806785
1353,34,34,0.0
1354,34,35,2056.31929816
1355,34,36,3714.58462674
1356,34,37,9906.49125404
1357,34,38,7887.40888795
1358,34,39,11640.96350936
1359,34,40,9091.79634537
1360,35,1,44486.34259579
1361,35,2,42921.48340532
1362,35,3,40068.74044506
1363,35,4,25834.72262188
1364,35,5,27329.12377144
1365,35,6,35401.25835435
1366,35,7,26477.89880916
1367,35,8,38525.33796487
1368,35,9,41464.03461047
1369,35,10,32441.64385108
1370,35,11,29837.88793506
1371,35,12,21009.5944563
1372,35,13,18851.48377399
1373,35,14,17760.28180091
1374,35,15,6689.72311859
1375,35,16,20032.22886181
1376,35,17,10667.67558287
1377,35,18,21888.39171991
1378,35,19,25343.35760536
1379,35,20,28230.7997073
1380,35,21,14048.10504107
1381,35,22,6708.2208985
1382,35,23,12131.5741334
1383,35,24,7500.02075399
1384,35,25,23671.69758668
1385,35,26,8583.79666633
1386,35,27,14706.48050228
1387,35,28,16082.42316462
1388,35,29,8733.47820154
1389,35,30,17012.45083152
1390,35,31,12638.59643306
1391,35,32,15323.01465423
1392,35,33,7000.78460877
1393,35,34,2056.31929816
1394,35,35,0.0
1395,35,36,5703.19650579
1396,35,37,11917.0343662
1397,35,38,9796.50713655
1398,35,39,13681.94841299
1399,35,40,11077.27185713
1400,36,1,39319.0984058
1401,36,2,37780.98223778
1402,36,3,35192.86130489
1403,36,4,22104.33542817
1404,36,5,23059.52428799
1405,36,6,30710.36558251
1406,36,7,22505.80853259
1407,36,8,33748.49798384
1408,36,9,36488.91148684
1409,36,10,27840.16448521
1410,36,11,25266.38875551
1411,36,12,16644.65743945
1412,36,13,14446.07063692
1413,36,14,13452.18883133
1414,36,15,1444.15632463
1415,36,16,15654.12300943
1416,36,17,5597.69421232
1417,36,18,17503.06531405
1418,36,19,20950.61877232
1419,36,20,23559.58632064
1420,36,21,9341.68909232
1421,36,22,4597.96169
1422,36,23,7115.19762546
1423,36,24,1809.84931615
1424,36,25,19383.68467658
1425,36,26,8260.34416955
1426,36,27,10032.04192992
1427,36,28,11548.94105547
1428,36,29,3493.14312065
1429,36,30,11445.85296581
1430,36,31,6944.19073568
1431,36,32,9742.67183938
1432,36,33,2137.87184339
1433,36,34,3714.58462674
1434,36,35,5703.19650579
1435,36,36,0.0
1436,36,37,6214.91973864
1437,36,38,4212.22697324
1438,36,39,8021.67633926
1439,36,40,5379.86104566
1440,37,1,33974.30227236
1441,37,2,32486.83378302
1442,37,3,30321.15058808
1443,37,4,19336.17131304
1444,37,5,19416.60914216
1445,37,6,26184.67474145
1446,37,7,19351.27500573
1447,37,8,29043.67726258
1448,37,9,31454.71265574
1449,37,10,23514.04619621
1450,37,11,21060.11081118
1451,37,12,13269.38626312
1452,37,13,11244.78210327
1453,37,14,10578.80525524
1454,37,15,5411.38605319
1455,37,16,12357.08417078
1456,37,17,4090.11453515
1457,37,18,14014.84128895
1458,37,19,17215.50501214
1459,37,20,19249.06496077
1460,37,21,6599.71292465
1461,37,22,8227.27205815
1462,37,23,4579.89920018
1463,37,24,4439.49928133
1464,37,25,15918.11606378
1465,37,26,11563.0098848
1466,37,27,7144.37444857
1467,37,28,8586.53466781
1468,37,29,4144.82722591
1469,37,30,5610.7916501
1470,37,31,794.41448288
1471,37,32,3970.1665641
1472,37,33,5553.62358714
1473,37,34,9906.49125404
1474,37,35,11917.0343662
1475,37,36,6214.91973864
1476,37,37,0.0
1477,37,38,2649.3331743
1478,37,39,2037.7228799
1479,37,40,988.85637638
1480,38,1,35162.00576204
1481,38,2,33633.82019949
1482,38,3,31156.55095632
1483,38,4,18888.27731384
1484,38,5,19443.6123431
1485,38,6,26779.86062452
1486,38,7,19106.0814657
1487,38,8,29763.29779148
1488,38,9,32406.38888997
1489,38,10,23973.25713484
1490,38,11,21434.06554003
1491,38,12,13078.12328668
1492,38,13,10915.63608029
1493,38,14,10047.56777988
1494,38,15,3957.60469379
1495,38,16,12105.42355928
1496,38,17,2219.66661618
1497,38,18,13899.84813529
1498,38,19,17279.36412614
1499,38,20,19680.08273665
1500,38,21,5820.07811375
1501,38,22,7533.94280893
1502,38,23,3467.61212341
1503,38,24,2450.857831
1504,38,25,15812.93683097
1505,38,26,11205.56099634
1506,38,27,6486.26312614
1507,38,28,8040.42009461
1508,38,29,1495.50545586
1509,38,30,8257.78475286
1510,38,31,3438.78103178
1511,38,32,6617.74014584
1512,38,33,3015.75187353
1513,38,34,7887.40888795
1514,38,35,9796.50713655
1515,38,36,4212.22697324
1516,38,37,2649.3331743
1517,38,38,0.0
1518,38,39,4687.01735591
1519,38,40,1661.6703442
1520,39,1,33160.47794676
1521,39,2,31711.52166658
1522,39,3,29806.85170667
1523,39,4,19899.20012292
1524,39,5,19623.9848769
1525,39,6,25885.92938197
1526,39,7,19764.53556331
1527,39,8,28628.54022
1528,39,9,30841.71912675
1529,39,10,23343.28862802
1530,39,11,20979.88647083
1531,39,12,13750.14327383
1532,39,13,11884.49273914
1533,39,14,11382.2116555
1534,39,15,7031.00960203
1535,39,16,12906.54014358
1536,39,17,5940.47758059
1537,39,18,14421.22185892
1538,39,19,17425.72188419
1539,39,20,19145.02355819
1540,39,21,7769.20540184
1541,39,22,9267.89826887
1542,39,23,6107.00542344
1543,39,24,6314.18391238
1544,39,25,16278.09202249
1545,39,26,12242.86593209
1546,39,27,8202.18599834
1547,39,28,9486.5587503
1548,39,29,6182.48234945
1549,39,30,3575.99810437
1550,39,31,1252.53342571
1551,39,32,1938.82343735
1552,39,33,7560.37971085
1553,39,34,11640.96350936
1554,39,35,13681.94841299
1555,39,36,8021.67633926
1556,39,37,2037.7228799
1557,39,38,4687.01735591
1558,39,39,0.0
1559,39,40,3026.26533526
1560,40,1,34432.74495793
1561,40,2,32929.17440187
1562,40,3,30645.21192973
1563,40,4,19165.27529958
1564,40,5,19422.85325461
1565,40,6,26414.71337521
1566,40,7,19255.76104655
1567,40,8,29323.25444818
1568,40,9,31823.20416742
1569,40,10,23689.65127281
1570,40,11,21199.76363289
1571,40,12,13174.32285663
1572,40,13,11087.12839209
1573,40,14,10341.91343964
1574,40,15,4719.55399511
1575,40,16,12234.89346804
1576,40,17,3292.91126745
1577,40,18,13951.57360214
1578,40,19,17230.13861439
1579,40,20,19406.66163254
1580,40,21,6225.02072372
1581,40,22,7835.53380825
1582,40,23,4032.65381434
1583,40,24,3577.28698654
1584,40,25,15865.58975376
1585,40,26,11321.04003345
1586,40,27,6823.09194607
1587,40,28,8325.8501367
1588,40,29,3157.04451253
1589,40,30,6599.58656328
1590,40,31,1781.54127031
1591,40,32,4956.0984072
1592,40,33,4582.74483939
1593,40,34,9091.79634537
1594,40,35,11077.27185713
1595,40,36,5379.86104566
1596,40,37,988.85637638
1597,40,38,1661.6703442
1598,40,39,3026.26533526
1599,40,40,0.0
