,stationid_o,stationid_d,Eudistance
0,1,1,0.0
1,1,2,19869.2846911
2,1,3,11884.37513606
3,1,4,984.11447178
4,1,5,18663.52096799
5,1,6,13755.79230948
6,1,7,15525.30443365
7,1,8,2285.99178116
8,1,9,5924.05953142
9,1,10,3154.34283935
10,1,11,16991.49188261
11,1,12,9262.5482738
12,1,13,11196.33212747
13,1,14,4578.20175426
14,1,15,7860.89240373
15,1,16,1828.53674026
16,1,17,14526.74984907
17,1,18,12441.87189519
18,1,19,10124.50885521
19,1,20,8591.73653765
20,1,21,14153.52774925
21,1,22,12239.1210008
22,1,23,15337.54163129
23,1,24,15682.29860279
24,1,25,9628.15278663
25,1,26,15382.84280209
26,1,27,15545.30804945
27,1,28,12763.36003996
28,1,29,12621.34117248
29,1,30,12448.05722068
30,1,31,12433.45413831
31,1,32,12484.28127947
32,1,33,14915.36227596
33,1,34,12431.20778956
34,1,35,10902.22871913
35,1,36,15310.97110317
36,1,37,12514.49728283
37,1,38,11859.20892094
38,1,39,9901.30765757
39,1,40,13283.9773907
40,1,41,10264.98048829
41,1,42,12706.31621443
42,1,43,9647.89047338
43,1,44,21240.86245915
44,1,45,22278.58227402
45,1,46,6700.38938762
46,1,47,6081.6359622
47,1,48,16469.27047678
48,1,49,11572.9770415
49,1,50,10353.24082332
50,1,51,9805.18444127
51,1,52,19372.28364219
52,1,53,17300.16439876
53,1,54,15728.49702788
54,1,55,9408.96579491
55,1,56,21628.15817216
56,1,57,20440.74507961
57,1,58,17990.51440451
58,1,59,23026.30917636
59,1,60,8303.47055078
60,1,61,6481.13117705
61,1,62,10862.80896288
62,1,63,14039.54169447
63,1,64,10086.11869033
64,1,65,18361.72767057
65,1,66,12125.99993583
66,1,67,8747.96383358
67,1,68,20940.67559895
68,1,69,11605.67641493
69,1,70,12123.63295902
70,1,71,22725.31906089
71,1,72,15657.65597689
72,1,73,8847.24967535
73,1,74,9297.86820226
74,1,75,19149.0290043
75,1,76,10339.39821466
76,1,77,24378.20014369
77,1,78,17972.26407823
78,1,79,16782.93498431
79,1,80,8711.61985847
80,1,81,10162.02496353
81,1,82,23463.83971961
82,1,83,14136.05192923
83,1,84,9113.03720096
84,1,85,11974.16050086
85,1,86,11127.53836237
86,1,87,10138.63584252
87,1,88,16389.49037182
88,1,89,13599.58421084
89,1,90,8377.23354332
90,1,91,19426.91454084
91,1,92,14514.36455645
92,1,93,7067.01280495
93,1,94,17250.24633587
94,1,95,23025.66036364
95,1,96,4826.69167932
96,1,97,6137.48613727
97,1,98,7555.28149019
98,1,99,21079.67886254
99,1,100,16566.6658266
100,1,101,25546.60246082
101,1,102,10543.38001881
102,2,1,19869.2846911
103,2,2,0.0
104,2,3,8095.84381675
105,2,4,20853.11803205
106,2,5,1246.1775497
107,2,6,6226.52028303
108,2,7,4408.60155849
109,2,8,22143.79334564
110,2,9,13945.80943468
111,2,10,16717.28101311
112,2,11,2887.10750926
113,2,12,10610.82992847
114,2,13,8788.51266731
115,2,14,15294.05024911
116,2,15,12017.90898884
117,2,16,18041.57784367
118,2,17,5408.7943328
119,2,18,7538.56835404
120,2,19,9769.47109795
121,2,20,11280.31895178
122,2,21,7935.40427044
123,2,22,10037.77418414
124,2,23,10977.81785016
125,2,24,9227.60508551
126,2,25,14604.4467833
127,2,26,10099.02114201
128,2,27,13214.54739162
129,2,28,7711.52874252
130,2,29,7556.29255138
131,2,30,7425.30396536
132,2,31,7634.45741108
133,2,32,7412.84618173
134,2,33,8313.78935771
135,2,34,8391.41153617
136,2,35,11896.54964995
137,2,36,12021.43498033
138,2,37,7941.74322326
139,2,38,15954.33568484
140,2,39,12941.33669905
141,2,40,7817.20022511
142,2,41,14963.21738144
143,2,42,8975.99966554
144,2,43,10255.36104226
145,2,44,11764.70629254
146,2,45,13599.85649676
147,2,46,15252.43139397
148,2,47,16948.27480507
149,2,48,4063.36865341
150,2,49,8802.69212379
151,2,50,9949.75104895
152,2,51,10253.24734199
153,2,52,7651.2849732
154,2,53,3900.42228889
155,2,54,4734.77744909
156,2,55,12809.13934998
157,2,56,12481.851759
158,2,57,10146.75241793
159,2,58,5054.36085229
160,2,59,14864.94118528
161,2,60,14141.67567582
162,2,61,19027.95239084
163,2,62,9277.74968889
164,2,63,6376.87607852
165,2,64,11266.62635481
166,2,65,5857.63777461
167,2,66,17063.12779727
168,2,67,12225.92739049
169,2,68,3778.94219849
170,2,69,9790.94285279
171,2,70,9182.23000982
172,2,71,5512.3674213
173,2,72,5506.24651797
174,2,73,11056.62011829
175,2,74,10927.81838323
176,2,75,2774.75338983
177,2,76,13276.97059489
178,2,77,7086.50775958
179,2,78,3305.4648589
180,2,79,4734.96263855
181,2,80,11463.50092277
182,2,81,14056.24203605
183,2,82,6187.38365127
184,2,83,6754.40213925
185,2,84,12465.37608344
186,2,85,9589.86043703
187,2,86,10464.06321381
188,2,87,11398.95611179
189,2,88,6448.35379102
190,2,89,8220.26868024
191,2,90,13319.99767099
192,2,91,6298.55784239
193,2,92,7470.17014691
194,2,93,15359.41212203
195,2,94,6400.77081917
196,2,95,7939.56953199
197,2,96,19201.86265724
198,2,97,17012.10001254
199,2,98,14635.51351382
200,2,99,6901.14919638
201,2,100,18331.81544165
202,2,101,24159.31754561
203,2,102,14952.15860203
204,3,1,11884.37513606
205,3,2,8095.84381675
206,3,3,0.0
207,3,4,12866.71740349
208,3,5,6951.34422447
209,3,6,1881.87276819
210,3,7,3689.91804368
211,3,8,14170.02333379
212,3,9,5993.58680588
213,3,10,8735.7500311
214,3,11,5215.15956064
215,3,12,2709.62286081
216,3,13,694.72071989
217,3,14,7317.57197168
218,3,15,4050.89694975
219,3,16,10059.50107583
220,3,17,2687.33961082
221,3,18,560.65834594
222,3,19,1808.53889664
223,3,20,3363.15296204
224,3,21,3875.06927936
225,3,22,6074.78286026
226,3,23,7449.94597784
227,3,24,6438.95864301
228,3,25,9187.59731411
229,3,26,6821.13041837
230,3,27,9295.20369116
231,3,28,1527.14706581
232,3,29,943.25982075
233,3,30,1034.17896547
234,3,31,2453.96831998
235,3,32,1666.18903585
236,3,33,5037.42213515
237,3,34,4086.639752
238,3,35,7063.01058912
239,3,36,8230.74547247
240,3,37,3428.77855973
241,3,38,11582.78103408
242,3,39,7543.44401099
243,3,40,2583.62058406
244,3,41,9878.33143505
245,3,42,5296.19267014
246,3,43,2735.22106119
247,3,44,13953.80116328
248,3,45,15637.26127169
249,3,46,7352.91958211
250,3,47,9057.76247923
251,3,48,5442.71611848
252,3,49,3302.83043921
253,3,50,3551.22651319
254,3,51,3213.80986928
255,3,52,10383.02714014
256,3,53,6453.72671104
257,3,54,4851.63286573
258,3,55,5425.01821985
259,3,56,14603.92960244
260,3,57,12519.0988596
261,3,58,7820.70261564
262,3,59,16801.65619085
263,3,60,6536.64625858
264,3,61,11221.0741554
265,3,62,1259.12496403
266,3,63,3788.80743662
267,3,64,3832.80859579
268,3,65,8590.84519689
269,3,66,12660.23738579
270,3,67,5728.37626317
271,3,68,9169.17207131
272,3,69,3064.6907107
273,3,70,2790.46328713
274,3,71,11066.58415289
275,3,72,4083.40251872
276,3,73,3417.06105493
277,3,74,2864.019912
278,3,75,7304.54410259
279,3,76,8201.59867961
280,3,77,12794.21878386
281,3,78,6143.46899302
282,3,79,5138.82221533
283,3,80,4306.70009208
284,3,81,8914.75044194
285,3,82,11835.75298961
286,3,83,2785.02122848
287,3,84,6380.36739572
288,3,85,5227.3662143
289,3,86,5477.05133471
290,3,87,5789.87223788
291,3,88,7027.79985444
292,3,89,5473.8368914
293,3,90,6985.02736706
294,3,91,9737.27249401
295,3,92,5784.82644176
296,3,93,8746.71785902
297,3,94,7858.62862485
298,3,95,13182.22345946
299,3,96,12030.85221161
300,3,97,10194.64295357
301,3,98,8138.00737708
302,3,99,11322.34059397
303,3,100,15705.01651528
304,3,101,23757.97027507
305,3,102,10010.66267248
306,4,1,984.11447178
307,4,2,20853.11803205
308,4,3,12866.71740349
309,4,4,0.0
310,4,5,19646.8561271
311,4,6,14738.89413581
312,4,7,16509.26335083
313,4,8,1307.58501143
314,4,9,6908.10571399
315,4,10,4138.41326039
316,4,11,17975.54075291
317,4,12,10246.65934853
318,4,13,12178.18092667
319,4,14,5562.29581236
320,4,15,8844.9238886
321,4,16,2812.64551037
322,4,17,15510.57175336
323,4,18,13424.47555231
324,4,19,11108.35499041
325,4,20,9575.83835849
326,4,21,15095.04522397
327,4,22,13133.89752575
328,4,23,16181.55654977
329,4,24,16575.71658116
330,4,25,10340.36185841
331,4,26,16253.78220802
332,4,27,16309.18480904
333,4,28,13735.22467376
334,4,29,13599.88330438
335,4,30,13432.1360172
336,4,31,13409.31528442
337,4,32,13466.45464848
338,4,33,15838.27007159
339,4,34,13381.68042076
340,4,35,11746.63049466
341,4,36,16119.55395028
342,4,37,13477.62911484
343,4,38,12452.24713694
344,4,39,10716.5943889
345,4,40,14242.77649046
346,4,41,10938.61224342
347,4,42,13629.60541303
348,4,43,10628.80061356
349,4,44,22059.43732982
350,4,45,23056.92321454
351,4,46,7504.57050751
352,4,47,6733.94823534
353,4,48,17443.28936451
354,4,49,12535.44050413
355,4,50,11314.19151389
356,4,51,10777.1377451
357,4,52,20276.30778405
358,4,53,18268.73330794
359,4,54,16701.58123702
360,4,55,10273.28340669
361,4,56,22430.95989516
362,4,57,21294.40166192
363,4,58,18939.96453274
364,4,59,23776.67806711
365,4,60,9122.28011897
366,4,61,6853.66308623
367,4,62,11839.62512156
368,4,63,15008.89369563
369,4,64,11008.45310127
370,4,65,19297.79829773
371,4,66,12646.00599154
372,4,67,9657.73642927
373,4,68,21913.74895398
374,4,69,12542.77097643
375,4,70,13068.47595507
376,4,71,23691.02476932
377,4,72,16627.30641562
378,4,73,9827.74668537
379,4,74,10267.67083446
380,4,75,20127.17330335
381,4,76,11121.157403
382,4,77,25338.55336456
383,4,78,18949.79208537
384,4,79,17753.25213497
385,4,80,9673.47133215
386,4,81,10898.90096074
387,4,82,24427.33573607
388,4,83,15103.77480285
389,4,84,9989.09482602
390,4,85,12893.49143851
391,4,86,12035.12299586
392,4,87,11034.6859082
393,4,88,17324.49837052
394,4,89,14528.1656049
395,4,90,9229.33966746
396,4,91,20355.55045087
397,4,92,15447.94607971
398,4,93,7811.72400613
399,4,94,18180.58806894
400,4,95,23946.92703073
401,4,96,5146.3952164
402,4,97,6743.92248662
403,4,98,8342.45364849
404,4,99,22004.09769516
405,4,100,17065.51798114
406,4,101,25989.69435175
407,4,102,11213.30027115
408,5,1,18663.52096799
409,5,2,1246.1775497
410,5,3,6951.34422447
411,5,4,19646.8561271
412,5,5,0.0
413,5,6,5105.24692864
414,5,7,3295.84181965
415,5,8,20934.3144725
416,5,9,12742.89045701
417,5,10,15514.24379616
418,5,11,1749.74374531
419,5,12,9414.28822899
420,5,13,7639.3573221
421,5,14,14092.2854571
422,5,15,10822.85622051
423,5,16,16837.04142027
424,5,17,4277.21717477
425,5,18,6399.65476919
426,5,19,8586.04052737
427,5,20,10081.80033246
428,5,21,7187.8417971
429,5,22,8844.8019584
430,5,23,10496.21354484
431,5,24,8763.94515639
432,5,25,13394.23191294
433,5,26,9613.3040374
434,5,27,12749.35020991
435,5,28,6690.42664608
436,5,29,6472.61931405
437,5,30,6234.5585018
438,5,31,6391.65610097
439,5,32,6190.46370007
440,5,33,7710.55450527
441,5,34,7156.56256748
442,5,35,10690.5833056
443,5,36,11540.15364197
444,5,37,6697.82920519
445,5,38,14810.4715114
446,5,39,11721.9277748
447,5,40,6910.34678383
448,5,41,13770.53725436
449,5,42,7773.79717155
450,5,43,9034.85012125
451,5,44,11309.57597701
452,5,45,13162.0030087
453,5,46,14189.30397674
454,5,47,15891.68265686
455,5,48,2883.22536851
456,5,49,7556.57871617
457,5,50,8704.49860867
458,5,51,9016.10339868
459,5,52,7130.01463774
460,5,53,2892.84028203
461,5,54,3521.41642884
462,5,55,11832.76810894
463,5,56,12033.4964617
464,5,57,9673.74101556
465,5,58,4303.18435345
466,5,59,14434.09793559
467,5,60,13138.06154098
468,5,61,17998.06349398
469,5,62,8158.77254871
470,5,63,5138.3088257
471,5,64,10263.10130389
472,5,65,5195.20080358
473,5,66,15925.260173
474,5,67,10980.23851731
475,5,68,4459.23733225
476,5,69,8842.02497249
477,5,70,8245.637122
478,5,71,6367.62298201
479,5,72,4779.18934995
480,5,73,9836.91382622
481,5,74,9803.4489389
482,5,75,2945.56669802
483,5,76,12072.84067579
484,5,77,8032.19648416
485,5,78,3002.67958932
486,5,79,4211.22375347
487,5,80,10223.70227181
488,5,81,12854.81043461
489,5,82,7092.04585736
490,5,83,5862.79599748
491,5,84,11225.04032063
492,5,85,8372.56034279
493,5,86,9237.79848523
494,5,87,10163.69907044
495,5,88,5473.46641998
496,5,89,7043.28716983
497,5,90,12077.70021565
498,5,91,5832.09391764
499,5,92,6331.06779732
500,5,93,14116.13385725
501,5,94,5553.44671488
502,5,95,8017.13439452
503,5,96,17955.68770806
504,5,97,15767.55004234
505,5,98,13393.02106864
506,5,99,6714.61348842
507,5,100,17353.30445176
508,5,101,23485.0097006
509,5,102,13766.80881089
510,6,1,13755.79230948
511,6,2,6226.52028303
512,6,3,1881.87276819
513,6,4,14738.89413581
514,6,5,5105.24692864
515,6,6,0.0
516,6,7,1818.29311689
517,6,8,16040.62259132
518,6,9,7850.23837437
519,6,10,10604.11956675
520,6,11,3358.37949873
521,6,12,4528.16069996
522,6,13,2576.47981342
523,6,14,9183.04045769
524,6,15,5904.99219723
525,6,16,11929.18138635
526,6,17,830.08647463
527,6,18,1321.22350905
528,6,19,3640.97966132
529,6,20,5195.27406674
530,6,21,3615.91053059
531,6,22,6508.84485657
532,6,23,7489.01855201
533,6,24,6127.97113897
534,6,25,10284.1375648
535,6,26,6719.63212285
536,6,27,9575.53477299
537,6,28,1839.27074154
538,6,29,1410.08640875
539,6,30,1497.78074421
540,6,31,2715.22110464
541,6,32,1943.37895642
542,6,33,4693.48099407
543,6,34,4363.12011488
544,6,35,7879.07435378
545,6,36,8412.02902633
546,6,37,3642.62970938
547,6,38,12433.76825133
548,6,39,8574.79733904
549,6,40,2588.37080635
550,6,41,10892.85118773
551,6,42,5529.11557843
552,6,43,4378.73193685
553,6,44,13211.51533815
554,6,45,14976.83262257
555,6,46,9103.11485312
556,6,47,10808.76492544
557,6,48,3988.61510661
558,6,49,3993.27448255
559,6,50,4715.11273051
560,6,51,4652.67837559
561,6,52,9364.00529242
562,6,53,5008.62247025
563,6,54,3555.28842401
564,6,55,6904.91824346
565,6,56,13896.48539662
566,6,57,11684.51795209
567,6,58,6565.12733713
568,6,59,16191.11859373
569,6,60,8138.67937874
570,6,61,12939.86680964
571,6,62,3054.84161907
572,6,63,3151.47883133
573,6,64,5298.31113773
574,6,65,7429.49386492
575,6,66,13546.08514455
576,6,67,7070.7586279
577,6,68,7408.3160663
578,6,69,4088.53036553
579,6,70,3583.06078518
580,6,71,9357.12782303
581,6,72,2692.78383713
582,6,73,5136.80500129
583,6,74,4702.89706317
584,6,75,5498.65175302
585,6,76,9154.73097776
586,6,77,11107.86088479
587,6,78,4365.40489654
588,6,79,3577.07103129
589,6,80,5851.17480426
590,6,81,9916.09687593
591,6,82,10135.68243113
592,6,83,2015.09084227
593,6,84,7599.26098977
594,6,85,5713.75632031
595,6,86,6230.97427904
596,6,87,6803.19330879
597,6,88,6165.44507624
598,6,89,5387.1471235
599,6,90,8314.31565445
600,6,91,8534.08485899
601,6,92,5382.15059878
602,6,93,10210.07057031
603,6,94,6894.31079312
604,6,95,11805.72825839
605,6,96,13696.1384842
606,6,97,11741.98036116
607,6,98,9552.31649943
608,6,99,10027.42637162
609,6,100,16175.83263575
610,6,101,23795.94841572
611,6,102,10985.56878717
612,7,1,15525.30443365
613,7,2,4408.60155849
614,7,3,3689.91804368
615,7,4,16509.26335083
616,7,5,3295.84181965
617,7,6,1818.29311689
618,7,7,0.0
619,7,8,17807.33601158
620,7,9,9605.86312193
621,7,10,12371.07285608
622,7,11,1546.11188262
623,7,12,6267.86465946
624,7,13,4383.84830268
625,7,14,10947.5124886
626,7,15,7664.57754183
627,7,16,13696.97410979
628,7,17,1003.85770789
629,7,18,3131.26615928
630,7,19,5401.34172466
631,7,20,6938.96311564
632,7,21,4455.02261818
633,7,22,7142.02115535
634,7,23,8205.49727114
635,7,24,6619.17857212
636,7,25,11340.48734641
637,7,26,7358.14793784
638,7,27,10413.66282298
639,7,28,3437.96212604
640,7,29,3177.65297734
641,7,30,3100.35715272
642,7,31,3750.5712591
643,7,32,3255.92342626
644,7,33,5296.50175286
645,7,34,5075.54921427
646,7,35,8764.59747334
647,7,36,9207.3441353
648,7,37,4424.58772857
649,7,38,13230.90441651
650,7,39,9617.14506625
651,7,40,3835.72704038
652,7,41,11865.07548045
653,7,42,6067.6950496
654,7,43,6011.13584504
655,7,44,12459.89451714
656,7,45,14281.38575523
657,7,46,10894.84762525
658,7,47,12598.1507516
659,7,48,2812.9179093
660,7,49,5067.63089634
661,7,50,6034.01205985
662,7,51,6150.20109331
663,7,52,8407.68051183
664,7,53,3741.00246019
665,7,54,2704.52164189
666,7,55,8592.67271157
667,7,56,13169.20766029
668,7,57,10866.5745052
669,7,58,5446.65817144
670,7,59,15530.29638439
671,7,60,9871.82099499
672,7,61,14712.46852879
673,7,62,4872.11499154
674,7,63,3271.06527554
675,7,64,7004.34087864
676,7,65,6382.22526435
677,7,66,14357.84724191
678,7,67,8408.8909265
679,7,68,5937.05078337
680,7,69,5653.86895343
681,7,70,5083.82216328
682,7,71,7948.54239102
683,7,72,2473.9353349
684,7,73,6798.45929302
685,7,74,6520.98999858
686,7,75,3974.0911421
687,7,76,10114.00278002
688,7,77,9716.62985873
689,7,78,2967.49487253
690,7,79,2785.63584575
691,7,80,7374.19065417
692,7,81,10897.57845054
693,7,82,8732.85610924
694,7,83,2882.06210195
695,7,84,8824.60501678
696,7,85,6450.8464101
697,7,86,7147.96066097
698,7,87,7895.34125868
699,7,88,5540.81604127
700,7,89,5650.6074392
701,7,90,9609.96711605
702,7,91,7398.98430045
703,7,92,5334.83612385
704,7,93,11586.32397092
705,7,94,6102.3184914
706,7,95,10421.90003239
707,7,96,15231.14656993
708,7,97,13177.33990291
709,7,98,10895.56957928
710,7,99,8755.57927495
711,7,100,16564.35959322
712,7,101,23703.32434013
713,7,102,11920.84985726
714,8,1,2285.99178116
715,8,2,22143.79334564
716,8,3,14170.02333379
717,8,4,1307.58501143
718,8,5,20934.3144725
719,8,6,16040.62259132
720,8,7,17807.33601158
721,8,8,0.0
722,8,9,8202.74886639
723,8,10,5437.036316
724,8,11,19268.72476886
725,8,12,11542.04999151
726,8,13,13482.21722134
727,8,14,6859.98687375
728,8,15,10142.83683985
729,8,16,4111.50412947
730,8,17,16809.62381332
731,8,18,14727.31574571
732,8,19,12407.47922796
733,8,20,10870.93768118
734,8,21,16390.3354061
735,8,22,14261.14976683
736,8,23,17401.86823254
737,8,24,17836.88881657
738,8,25,11227.33847419
739,8,26,17496.96314511
740,8,27,17455.84356929
741,8,28,15042.75474757
742,8,29,14906.51104314
743,8,30,14726.18965573
744,8,31,14674.50290179
745,8,32,14749.5228639
746,8,33,17121.52506836
747,8,34,14597.18999484
748,8,35,12804.68414801
749,8,36,17308.27446288
750,8,37,14716.08339334
751,8,38,13168.19275436
752,8,39,11738.5345136
753,8,40,15546.83320321
754,8,41,11770.83953687
755,8,42,14799.89321562
756,8,43,11908.4132829
757,8,44,23059.77424895
758,8,45,23997.07031168
759,8,46,8708.85708391
760,8,47,7816.8071894
761,8,48,18702.80406399
762,8,49,13773.31380084
763,8,50,12550.34183695
764,8,51,12035.0370303
765,8,52,21408.93605294
766,8,53,19515.89679829
767,8,54,17959.14845594
768,8,55,11517.14572459
769,8,56,23407.61186921
770,8,57,22348.02665598
771,8,58,20149.85442078
772,8,59,24675.42430578
773,8,60,10332.42482813
774,8,61,7666.63261395
775,8,62,13146.81481715
776,8,63,16258.93784931
777,8,64,12293.25680917
778,8,65,20483.96070609
779,8,66,13264.28768197
780,8,67,10815.54837508
781,8,68,23221.32444101
782,8,69,13836.05377598
783,8,70,14366.01002155
784,8,71,24997.23726479
785,8,72,17934.54478757
786,8,73,11106.46736577
787,8,74,11575.02865894
788,8,75,21434.00070415
789,8,76,12095.812955
790,8,77,26642.79961629
791,8,78,20256.83062013
792,8,79,19060.58513971
793,8,80,10913.09430164
794,8,81,11814.77879132
795,8,82,25732.81181577
796,8,83,16410.65868104
797,8,84,11097.73429312
798,8,85,14058.6436357
799,8,86,13183.82172452
800,8,87,12168.60790515
801,8,88,18510.18623617
802,8,89,15705.81521115
803,8,90,10308.31369653
804,8,91,21528.43328293
805,8,92,16632.83706154
806,8,93,8762.17770796
807,8,94,19357.79010633
808,8,95,25105.46286362
809,8,96,5649.59648652
810,8,97,7540.43275216
811,8,98,9341.78864108
812,8,99,23168.93224448
813,8,100,17632.23101414
814,8,101,26456.19246494
815,8,102,12038.77469732
816,9,1,5924.05953142
817,9,2,13945.80943468
818,9,3,5993.58680588
819,9,4,6908.10571399
820,9,5,12742.89045701
821,9,6,7850.23837437
822,9,7,9605.86312193
823,9,8,8202.74886639
824,9,9,0.0
825,9,10,2771.58831703
826,9,11,11067.43560143
827,9,12,3339.30356182
828,9,13,5315.93273578
829,9,14,1349.81047662
830,9,15,1945.25462909
831,9,16,4095.90241701
832,9,17,8609.87808562
833,9,18,6545.67616177
834,9,19,4210.30757577
835,9,20,2668.19491898
836,9,21,8725.27842906
837,9,22,7298.60438285
838,9,23,10828.60958026
839,9,24,10696.01285557
840,9,25,6854.51979148
841,9,26,10621.43303954
842,9,27,11731.52774572
843,9,28,7009.17749125
844,9,29,6781.44657331
845,9,30,6524.0826212
846,9,31,6592.8246762
847,9,32,6575.75072727
848,9,33,9662.02175347
849,9,34,6875.84806595
850,9,35,6617.48843473
851,9,36,11123.230815
852,9,37,6815.4885222
853,9,38,9660.29595228
854,9,39,6075.43249511
855,9,40,7680.67421708
856,9,41,7691.25592057
857,9,42,7438.22022499
858,9,43,3763.39837925
859,9,44,16641.50099935
860,9,45,17965.87256917
861,9,46,4204.19650159
862,9,47,5320.92078876
863,9,48,10628.86916399
864,9,49,5900.23498106
865,9,50,4736.45286007
866,9,51,4050.72657812
867,9,52,14116.69750679
868,9,53,11505.57674468
869,9,54,9899.28430651
870,9,55,5269.16286371
871,9,56,17142.86081204
872,9,57,15579.94342124
873,9,58,12361.05199772
874,9,59,18906.66386278
875,9,60,4971.39355015
876,9,61,7345.43615078
877,9,62,5064.58220003
878,9,63,8256.246795
879,9,64,5108.47388249
880,9,65,12845.72804753
881,9,66,10432.79613509
882,9,67,4016.37007727
883,9,68,15129.92304603
884,9,69,6321.41648624
885,9,70,6720.45396214
886,9,71,16977.32674069
887,9,72,9903.01938816
888,9,73,2976.77534341
889,9,74,3662.23956193
890,9,75,13292.49388366
891,9,76,6772.1298242
892,9,77,18672.12592719
893,9,78,12124.37758572
894,9,79,11014.32258658
895,9,80,3175.18506546
896,9,81,7051.6754226
897,9,82,17733.21411563
898,9,83,8416.21493282
899,9,84,4752.65843564
900,9,85,6784.37685686
901,9,86,6126.64201503
902,9,87,5372.00732948
903,9,88,10908.9339826
904,9,89,8243.55536366
905,9,90,4487.22511684
906,9,91,13963.06035051
907,9,92,9083.29681032
908,9,93,4841.52064905
909,9,94,11798.94962344
910,9,95,17589.31564819
911,9,96,6657.4586517
912,9,97,5550.6650027
913,9,98,4686.44774388
914,9,99,15634.38918025
915,9,100,14567.34065998
916,9,101,23508.19241526
917,9,102,7947.05599512
918,10,1,3154.34283935
919,10,2,16717.28101311
920,10,3,8735.7500311
921,10,4,4138.41326039
922,10,5,15514.24379616
923,10,6,10604.11956675
924,10,7,12371.07285608
925,10,8,5437.036316
926,10,9,2771.58831703
927,10,10,0.0
928,10,11,13838.14814543
929,10,12,6108.64784722
930,10,13,8049.87463243
931,10,14,1423.92977191
932,10,15,4706.57230268
933,10,16,1325.90130246
934,10,17,11372.82239227
935,10,18,9292.14077117
936,10,19,6970.59121419
937,10,20,5438.04692586
938,10,21,11172.46846872
939,10,22,9510.28462807
940,10,23,12746.649442
941,10,24,12890.16727018
942,10,25,7787.42636521
943,10,26,12683.50377247
944,10,27,13267.84008035
945,10,28,9657.87613177
946,10,29,9487.85681584
947,10,30,9294.53270605
948,10,31,9323.63889519
949,10,32,9342.14105153
950,10,33,12007.84593368
951,10,34,9443.6637271
952,10,35,8426.95902688
953,10,36,12861.31108072
954,10,37,9466.44998425
955,10,38,10399.41983266
956,10,39,7590.02350453
957,10,40,10233.07349503
958,10,41,8554.07679679
959,10,42,9842.88115807
960,10,43,6514.89914533
961,10,44,18746.92803915
962,10,45,19930.92042429
963,10,46,4588.81541726
964,10,47,4787.43363162
965,10,48,13363.68633864
966,10,49,8531.74748501
967,10,50,7325.92992965
968,10,51,6722.20765762
969,10,52,16552.77656459
970,10,53,14217.84449491
971,10,54,12627.82275551
972,10,55,6836.48102554
973,10,56,19192.08999653
974,10,57,17815.69527052
975,10,58,14988.76337939
976,10,59,20778.33586421
977,10,60,5995.0369822
978,10,61,6222.26494096
979,10,62,7738.49390489
980,10,63,10958.32989508
981,10,64,7223.1461209
982,10,65,15414.89704838
983,10,66,10932.78322753
984,10,67,6012.60565909
985,10,68,17823.97141641
986,10,69,8658.23073577
987,10,70,9138.20178343
988,10,71,19634.73502123
989,10,72,12557.56737088
990,10,73,5717.95504461
991,10,74,6210.9146906
992,10,75,16014.36327122
993,10,76,8162.76842251
994,10,77,21306.13070523
995,10,78,14840.2128688
996,10,79,13679.12922128
997,10,80,5692.22030354
998,10,81,8188.82949672
999,10,82,20380.89579056
1000,10,83,11045.78883262
1001,10,84,6539.34075984
1002,10,85,9135.88924211
1003,10,86,8354.91705796
1004,10,87,7438.88808124
1005,10,88,13453.46387659
1006,10,89,10705.5076107
1007,10,90,5953.82059092
1008,10,91,16507.65366011
1009,10,92,11592.73167493
1010,10,93,5273.99443372
1011,10,94,14330.79101333
1012,10,95,20127.15325936
1013,10,96,5143.20854938
1014,10,97,5102.0802644
1015,10,98,5509.32503531
1016,10,99,18173.11077432
1017,10,100,15320.76709281
1018,10,101,24373.48453234
1019,10,102,8834.38481704
1020,11,1,16991.49188261
1021,11,2,2887.10750926
1022,11,3,5215.15956064
1023,11,4,17975.54075291
1024,11,5,1749.74374531
1025,11,6,3358.37949873
1026,11,7,1546.11188262
1027,11,8,19268.72476886
1028,11,9,11067.43560143
1029,11,10,13838.14814543
1030,11,11,0.0
1031,11,12,7729.78902745
1032,11,13,5906.19223511
1033,11,14,12414.41830274
1034,11,15,9135.41089499
1035,11,16,15163.220635
1036,11,17,2532.61985506
1037,11,18,4660.26973501
1038,11,19,6883.50090511
1039,11,20,8400.1251019
1040,11,21,5660.23378697
1041,11,22,7819.01891202
1042,11,23,9201.01265144
1043,11,24,7518.73116547
1044,11,25,12240.21193207
1045,11,26,8326.67811655
1046,11,27,11447.33849511
1047,11,28,4955.84556256
1048,11,29,4723.09174964
1049,11,30,4543.64852017
1050,11,31,4894.34298456
1051,11,32,4573.73054644
1052,11,33,6327.45918951
1053,11,34,5919.51518772
1054,11,35,9579.38663006
1055,11,36,10232.5866722
1056,11,37,5363.69580309
1057,11,38,13901.30351786
1058,11,39,10532.37973019
1059,11,40,5243.03025547
1060,11,41,12692.05837515
1061,11,42,6726.39640683
1062,11,43,7402.58410459
1063,11,44,11824.64333533
1064,11,45,13673.47462145
1065,11,46,12440.07379937
1066,11,47,14142.86019265
1067,11,48,2327.49568983
1068,11,49,6144.38713889
1069,11,50,7225.49214145
1070,11,51,7452.8088211
1071,11,52,7664.05649579
1072,11,53,2945.65169038
1073,11,54,2649.41474383
1074,11,55,10107.2703086
1075,11,56,12546.20225601
1076,11,57,10196.73890948
1077,11,58,4666.033638
1078,11,59,14940.20880746
1079,11,60,11401.28333357
1080,11,61,16252.87465046
1081,11,62,6413.0882194
1082,11,63,3923.14404322
1083,11,64,8528.79631139
1084,11,65,5624.05908406
1085,11,66,15027.81861559
1086,11,67,9562.89810397
1087,11,68,5029.32336611
1088,11,69,7136.09347665
1089,11,70,6549.2984734
1090,11,71,7056.81923762
1091,11,72,3352.12393818
1092,11,73,8200.93306931
1093,11,74,8059.88298518
1094,11,75,3118.00714219
1095,11,76,10957.16337352
1096,11,77,8809.7386303
1097,11,78,2485.07800668
1098,11,79,3115.63762057
1099,11,80,8674.00606848
1100,11,81,11745.22821435
1101,11,82,7830.25684494
1102,11,83,4220.47109649
1103,11,84,9889.89769728
1104,11,85,7233.75635741
1105,11,86,8031.88057639
1106,11,87,8883.08427668
1107,11,88,5262.83461318
1108,11,89,6129.44874974
1109,11,90,10715.4193787
1110,11,91,6509.07164754
1111,11,92,5590.88121607
1112,11,93,12732.55318258
1113,11,94,5619.99983071
1114,11,95,9228.69718851
1115,11,96,16485.97095163
1116,11,97,14359.39638516
1117,11,98,12022.42969739
1118,11,99,7694.13760517
1119,11,100,16863.6217546
1120,11,101,23548.53007958
1121,11,102,12717.94823658
1122,12,1,9262.5482738
1123,12,2,10610.82992847
1124,12,3,2709.62286081
1125,12,4,10246.65934853
1126,12,5,9414.28822899
1127,12,6,4528.16069996
1128,12,7,6267.86465946
1129,12,8,11542.04999151
1130,12,9,3339.30356182
1131,12,10,6108.64784722
1132,12,11,7729.78902745
1133,12,12,0.0
1134,12,13,2073.71408664
1135,12,14,4684.78682562
1136,12,15,1408.74274326
1137,12,16,7434.06711858
1138,12,17,5274.18287681
1139,12,18,3244.60096896
1140,12,19,901.37727701
1141,12,20,671.20936928
1142,12,21,6021.7477636
1143,12,22,5545.5449467
1144,12,23,8954.36747016
1145,12,24,8362.83992548
1146,12,25,7307.77449779
1147,12,26,8519.60991102
1148,12,27,10395.12114828
1149,12,28,3941.04542735
1150,12,29,3574.98190446
1151,12,30,3186.17820296
1152,12,31,3471.88949815
1153,12,32,3291.02822464
1154,12,33,7107.17516337
1155,12,34,4284.28049334
1156,12,35,5785.21396366
1157,12,36,9518.15737438
1158,12,37,3970.76918495
1159,12,38,9967.73035785
1160,12,39,5868.49978239
1161,12,40,4808.82210889
1162,12,41,8090.04419683
1163,12,42,5221.84651104
1164,12,43,865.20477336
1165,12,44,14555.55657166
1166,12,45,16075.38307951
1167,12,46,5700.65569852
1168,12,47,7311.56849703
1169,12,48,7424.95213881
1170,12,49,3213.03918259
1171,12,50,2451.38376562
1172,12,51,1637.43410389
1173,12,52,11508.10990935
1174,12,53,8354.13807129
1175,12,54,6719.72353331
1176,12,55,4854.34523987
1177,12,56,15136.86788485
1178,12,57,13299.46968306
1179,12,58,9396.81474725
1180,12,59,17140.59994128
1181,12,60,5459.90085101
1182,12,61,9511.82152398
1183,12,62,2063.79560982
1184,12,63,5183.1732442
1185,12,64,3702.06555213
1186,12,65,9998.65923265
1187,12,66,10962.21334691
1188,12,67,3695.02770024
1189,12,68,11878.53600585
1190,12,69,4099.04535225
1191,12,70,4247.614962
1192,12,71,13772.77229113
1193,12,72,6750.46081065
1194,12,73,895.29420026
1195,12,74,1689.6767366
1196,12,75,10005.83213129
1197,12,76,6601.09838286
1198,12,77,15495.20457835
1199,12,78,8849.82600109
1200,12,79,7830.55205936
1201,12,80,2064.79177688
1202,12,81,7193.88223346
1203,12,82,14540.03792847
1204,12,83,5343.30309835
1205,12,84,4497.65669572
1206,12,85,4784.31633105
1207,12,86,4543.44325045
1208,12,87,4348.55036134
1209,12,88,8158.58559626
1210,12,89,5812.80346002
1211,12,90,4863.90202756
1212,12,91,11147.44881076
1213,12,92,6485.2731742
1214,12,93,6349.4658364
1215,12,94,9052.01227576
1216,12,95,14743.46385752
1217,12,96,9378.55231993
1218,12,97,7667.82302263
1219,12,98,5827.87763574
1220,12,99,12807.33067015
1221,12,100,14515.93828425
1222,12,101,23052.85932212
1223,12,102,8275.43779944
1224,13,1,11196.33212747
1225,13,2,8788.51266731
1226,13,3,694.72071989
1227,13,4,12178.18092667
1228,13,5,7639.3573221
1229,13,6,2576.47981342
1230,13,7,4383.84830268
1231,13,8,13482.21722134
1232,13,9,5315.93273578
1233,13,10,8049.87463243
1234,13,11,5906.19223511
1235,13,12,2073.71408664
1236,13,13,0.0
1237,13,14,6633.81428343
1238,13,15,3378.0395699
1239,13,16,9372.63417706
1240,13,17,3380.78082294
1241,13,18,1255.27469582
1242,13,19,1179.84508704
1243,13,20,2709.48876285
1244,13,21,4173.3436241
1245,13,22,6070.81342765
1246,13,23,7540.43145015
1247,13,24,6671.74214071
1248,13,25,8863.00182933
1249,13,26,6973.37087788
1250,13,27,9271.73371327
1251,13,28,1921.87757228
1252,13,29,1501.28441259
1253,13,30,1565.29573429
1254,13,31,2717.23335558
1255,13,32,2059.47197776
1256,13,33,5316.25654189
1257,13,34,4212.8271329
1258,13,35,6882.71551918
1259,13,36,8257.07720246
1260,13,37,3617.69106994
1261,13,38,11345.5425335
1262,13,39,7263.24229158
1263,13,40,2895.67077076
1264,13,41,9583.82803563
1265,13,42,5391.1318154
1266,13,43,2237.19505669
1267,13,44,14293.59274439
1268,13,45,15943.54562391
1269,13,46,6718.39105543
1270,13,47,8419.4548884
1271,13,48,6046.5503275
1272,13,49,3306.89683118
1273,13,50,3308.01645503
1274,13,51,2830.74238105
1275,13,52,10828.98352282
1276,13,53,7047.01264654
1277,13,54,5425.65671617
1278,13,55,4937.12413756
1279,13,56,14929.62056594
1280,13,57,12895.38621677
1281,13,58,8353.19479366
1282,13,59,17087.36546287
1283,13,60,5977.28443305
1284,13,61,10593.90850177
1285,13,62,706.32134523
1286,13,63,4227.26221116
1287,13,64,3385.08243657
1288,13,65,9090.83479523
1289,13,66,12403.3169944
1290,13,67,5328.52357343
1291,13,68,9826.07237764
1292,13,69,2897.2122768
1293,13,70,2762.3766765
1294,13,71,11705.54909479
1295,13,72,4677.31713541
1296,13,73,2843.67464699
1297,13,74,2198.58743878
1298,13,75,7976.67330388
1299,13,76,7947.89451385
1300,13,77,13423.97089939
1301,13,78,6810.18328604
1302,13,79,5757.72160889
1303,13,80,3825.03298092
1304,13,81,8633.43984773
1305,13,82,12470.88800462
1306,13,83,3294.062632
1307,13,84,6030.33691206
1308,13,85,5225.32797666
1309,13,86,5355.89715068
1310,13,87,5545.8848503
1311,13,88,7453.15363904
1312,13,89,5679.54546559
1313,13,90,6575.12407103
1314,13,91,10243.2186542
1315,13,92,6088.65208833
1316,13,93,8260.18699374
1317,13,94,8305.61747643
1318,13,95,13729.72830634
1319,13,96,11440.90689636
1320,13,97,9663.09991127
1321,13,98,7678.1010991
1322,13,99,11849.71340238
1323,13,100,15599.6931879
1324,13,101,23796.27838919
1325,13,102,9731.96978996
1326,14,1,4578.20175426
1327,14,2,15294.05024911
1328,14,3,7317.57197168
1329,14,4,5562.29581236
1330,14,5,14092.2854571
1331,14,6,9183.04045769
1332,14,7,10947.5124886
1333,14,8,6859.98687375
1334,14,9,1349.81047662
1335,14,10,1423.92977191
1336,14,11,12414.41830274
1337,14,12,4684.78682562
1338,14,13,6633.81428343
1339,14,14,0.0
1340,14,15,3282.93495312
1341,14,16,2749.67762073
1342,14,17,9949.64272873
1343,14,18,7872.88747486
1344,14,19,5547.56651979
1345,14,20,4014.29457806
1346,14,21,9869.37415137
1347,14,22,8365.97720081
1348,14,23,11680.06941288
1349,14,24,11700.02610567
1350,14,25,7242.55213357
1351,14,26,11551.61139623
1352,14,27,12380.3503492
1353,14,28,8272.27375672
1354,14,29,8081.4434872
1355,14,30,7870.77590266
1356,14,31,7927.56821175
1357,14,32,7924.9674221
1358,14,33,10749.43035597
1359,14,34,8129.18658876
1360,14,35,7465.49436353
1361,14,36,11877.82222208
1362,14,37,8111.36546211
1363,14,38,9983.26725569
1364,14,39,6758.58834304
1365,14,40,8885.36576971
1366,14,41,8055.47942341
1367,14,42,8607.88410477
1368,14,43,5106.26796346
1369,14,44,17678.60444229
1370,14,45,18935.4109991
1371,14,46,4117.48788878
1372,14,47,4821.94097378
1373,14,48,11966.52138189
1374,14,49,7184.7201111
1375,14,50,5995.5052787
1376,14,51,5352.42253911
1377,14,52,15313.95719469
1378,14,53,12833.56354016
1379,14,54,11234.08145106
1380,14,55,5877.93811422
1381,14,56,18152.86232347
1382,14,57,16680.09409978
1383,14,58,13650.05413354
1384,14,59,19831.40855101
1385,14,60,5265.25937437
1386,14,61,6630.30153405
1387,14,62,6341.40169032
1388,14,63,9578.38721112
1389,14,64,6037.05585725
1390,14,65,14106.8883224
1391,14,66,10642.5185798
1392,14,67,4931.77733335
1393,14,68,16424.95220708
1394,14,69,7392.29013269
1395,14,70,7841.5330595
1396,14,71,18250.80757101
1397,14,72,11172.16671514
1398,14,73,4313.88080274
1399,14,74,4851.56015648
1400,14,75,14604.49316368
1401,14,76,7399.0129056
1402,14,77,19932.31028915
1403,14,78,13432.34675453
1404,14,79,12290.32215483
1405,14,80,4383.99070921
1406,14,81,7549.15605594
1407,14,82,19001.15234466
1408,14,83,9668.90901833
1409,14,84,5562.93476071
1410,14,85,7923.51900445
1411,14,86,7196.09756238
1412,14,87,6346.83730512
1413,14,88,12156.41906437
1414,14,89,9445.19942347
1415,14,90,5112.43387109
1416,14,91,15213.08301334
1417,14,92,10310.83933915
1418,14,93,4917.08505278
1419,14,94,13041.05835615
1420,14,95,18838.03943347
1421,14,96,5851.04970323
1422,14,97,5207.9395696
1423,14,98,4963.96600289
1424,14,99,16882.58193525
1425,14,100,14926.91963602
1426,14,101,23944.93568479
1427,14,102,8327.17340794
1428,15,1,7860.89240373
1429,15,2,12017.90898884
1430,15,3,4050.89694975
1431,15,4,8844.9238886
1432,15,5,10822.85622051
1433,15,6,5904.99219723
1434,15,7,7664.57754183
1435,15,8,10142.83683985
1436,15,9,1945.25462909
1437,15,10,4706.57230268
1438,15,11,9135.41089499
1439,15,12,1408.74274326
1440,15,13,3378.0395699
1441,15,14,3282.93495312
1442,15,15,0.0
1443,15,16,6032.46440804
1444,15,17,6666.97468076
1445,15,18,4601.4022563
1446,15,19,2265.62293157
1447,15,20,747.55959225
1448,15,21,6998.78663334
1449,15,22,6255.96447991
1450,15,23,9515.20918644
1451,15,24,9155.00805464
1452,15,25,7080.3316731
1453,15,26,9192.13407835
1454,15,27,10708.13767617
1455,15,28,5127.48549202
1456,15,29,4856.95312218
1457,15,30,4592.61905238
1458,15,31,4801.73739138
1459,15,32,4689.15965407
1460,15,33,8009.21677705
1461,15,34,5369.42223261
1462,15,35,6074.2215157
1463,15,36,9951.47827053
1464,15,37,5174.29327024
1465,15,38,9854.69217402
1466,15,39,5878.42443714
1467,15,40,5875.63576911
1468,15,41,7904.9830973
1469,15,42,6144.57944931
1470,15,43,1982.09883745
1471,15,44,15498.66832193
1472,15,45,16942.06171385
1473,15,46,4722.38964451
1474,15,47,6221.69968771
1475,15,48,8801.53488959
1476,15,49,4322.05354492
1477,15,50,3305.07753234
1478,15,51,2497.71469446
1479,15,52,12658.16174453
1480,15,53,9713.17712491
1481,15,54,8086.43805202
1482,15,55,4600.72950033
1483,15,56,16048.61035756
1484,15,57,14319.33232016
1485,15,58,10685.73580173
1486,15,59,17958.77825045
1487,15,60,4844.54312027
1488,15,61,8397.88388251
1489,15,62,3179.60349519
1490,15,63,6502.32320065
1491,15,64,3881.42167218
1492,15,65,11241.96208059
1493,15,66,10768.41276841
1494,15,67,3615.50475206
1495,15,68,13201.70061955
1496,15,69,4762.4851674
1497,15,70,5063.31636657
1498,15,71,15066.08822104
1499,15,72,8003.70964728
1500,15,73,1314.18956006
1501,15,74,2016.98333791
1502,15,75,11353.53443563
1503,15,76,6621.47461028
1504,15,77,16772.12727491
1505,15,78,10188.18521291
1506,15,79,9105.95505744
1507,15,80,2145.07112387
1508,15,81,7095.96165
1509,15,82,15826.55920262
1510,15,83,6540.6785127
1511,15,84,4456.23513048
1512,15,85,5592.25862332
1513,15,86,5139.65362999
1514,15,87,4662.09659654
1515,15,88,9354.61676535
1516,15,89,6846.40977756
1517,15,90,4564.27202277
1518,15,91,12381.08929347
1519,15,92,7603.04577344
1520,15,93,5658.921246
1521,15,94,10250.64417546
1522,15,95,15995.79161448
1523,15,96,8268.98763576
1524,15,97,6774.97653472
1525,15,98,5262.19666889
1526,15,99,14049.14982036
1527,15,100,14598.59472814
1528,15,101,23339.95185156
1529,15,102,8124.2205477
1530,16,1,1828.53674026
1531,16,2,18041.57784367
1532,16,3,10059.50107583
1533,16,4,2812.64551037
1534,16,5,16837.04142027
1535,16,6,11929.18138635
1536,16,7,13696.97410979
1537,16,8,4111.50412947
1538,16,9,4095.90241701
1539,16,10,1325.90130246
1540,16,11,15163.220635
1541,16,12,7434.06711858
1542,16,13,9372.63417706
1543,16,14,2749.67762073
1544,16,15,6032.46440804
1545,16,16,0.0
1546,16,17,12698.67324459
1547,16,18,10616.38401232
1548,16,19,8296.42916284
1549,16,20,6763.306276
1550,16,21,12419.05832715
1551,16,22,10622.48791749
1552,16,23,13814.10718103
1553,16,24,14050.79116222
1554,16,25,8457.30775397
1555,16,26,13800.92953403
1556,16,27,14192.71741668
1557,16,28,10961.94083819
1558,16,29,10804.87005518
1559,16,30,10619.70345976
1560,16,31,10625.52738608
1561,16,32,10660.91037923
1562,16,33,13220.90998978
1563,16,34,10683.80446813
1564,16,35,9410.46584789
1565,16,36,13863.98712365
1566,16,37,10736.99462426
1567,16,38,10915.35782986
1568,16,39,8487.36047763
1569,16,40,11511.76604924
1570,16,41,9170.2203173
1571,16,42,11021.99649076
1572,16,43,7828.26899971
1573,16,44,19764.75436016
1574,16,45,20883.69681786
1575,16,46,5361.91777313
1576,16,47,5150.02075261
1577,16,48,14664.36491504
1578,16,49,9798.09760985
1579,16,50,8583.81385865
1580,16,51,8008.70864566
1581,16,52,17718.66744169
1582,16,53,15507.29585485
1583,16,54,13925.9319441
1584,16,55,7873.41794286
1585,16,56,20184.07298028
1586,16,57,18892.59577292
1587,16,58,16239.67577295
1588,16,59,21687.192635
1589,16,60,6892.38599681
1590,16,61,6150.04148933
1591,16,62,9050.87544126
1592,16,63,12246.2868538
1593,16,64,8406.28718297
1594,16,65,16639.9010007
1595,16,66,11331.84229376
1596,16,67,7114.15259562
1597,16,68,19134.37923507
1598,16,69,9885.93190731
1599,16,70,10384.84830081
1600,16,71,20933.90973851
1601,16,72,13859.8914762
1602,16,73,7029.01759929
1603,16,74,7504.13466894
1604,16,75,17332.43604168
1605,16,76,8998.58038238
1606,16,77,22597.40486268
1607,16,78,16157.08822075
1608,16,79,14983.34741457
1609,16,80,6943.22029208
1610,16,81,8926.47810308
1611,16,82,21676.81335324
1612,16,83,12343.21243867
1613,16,84,7560.69580593
1614,16,85,10301.17949631
1615,16,86,9485.48469001
1616,16,87,8529.42785141
1617,16,88,14672.04713157
1618,16,89,11900.99580855
1619,16,90,6892.99997501
1620,16,91,17720.25468948
1621,16,92,12802.71257809
1622,16,93,5879.87212612
1623,16,94,15542.10756146
1624,16,95,21331.81542739
1625,16,96,4752.70544587
1626,16,97,5326.84891306
1627,16,98,6248.74965827
1628,16,99,19380.63638632
1629,16,100,15768.57487649
1630,16,101,24813.26709428
1631,16,102,9452.37850786
1632,17,1,14526.74984907
1633,17,2,5408.7943328
1634,17,3,2687.33961082
1635,17,4,15510.57175336
1636,17,5,4277.21717477
1637,17,6,830.08647463
1638,17,7,1003.85770789
1639,17,8,16809.62381332
1640,17,9,8609.87808562
1641,17,10,11372.82239227
1642,17,11,2532.61985506
1643,17,12,5274.18287681
1644,17,13,3380.78082294
1645,17,14,9949.64272873
1646,17,15,6666.97468076
1647,17,16,12698.67324459
1648,17,17,0.0
1649,17,18,2129.80874366
1650,17,19,4402.25002928
1651,17,20,5944.81787697
1652,17,21,4019.95339692
1653,17,22,6629.9573679
1654,17,23,7878.20095766
1655,17,24,6404.82710162
1656,17,25,10639.19198314
1657,17,26,7068.61591286
1658,17,27,10027.83994778
1659,17,28,2582.78516166
1660,17,29,2228.21508582
1661,17,30,2128.49678602
1662,17,31,2997.54845366
1663,17,32,2377.84463169
1664,17,33,5004.85274632
1665,17,34,4500.69081706
1666,17,35,8137.23155857
1667,17,36,8841.04054922
1668,17,37,3803.91548533
1669,17,38,12660.92643039
1670,17,39,8917.67033571
