,stationid_o,stationid_d,Eudistance
0,1,1,0.0
1,1,2,2468.10949973
2,1,3,20193.25508555
3,1,4,19202.89975938
4,1,5,13151.13096518
5,1,6,21821.76218772
6,1,7,22288.99247012
7,1,8,19271.29911296
8,1,9,18060.4574514
9,1,10,13938.56202993
10,1,11,16412.2457374
11,1,12,13063.52218447
12,1,13,13738.00016738
13,1,14,15169.03818954
14,1,15,14154.30089308
15,1,16,11076.40224874
16,1,17,11845.10211481
17,1,18,7964.92469976
18,1,19,12065.34266035
19,1,20,12168.9912669
20,1,21,11291.34754735
21,1,22,9137.45453579
22,1,23,13854.61709366
23,1,24,11512.48482309
24,1,25,9425.8492775
25,1,26,15556.747178
26,1,27,17962.2292263
27,1,28,20514.42575076
28,1,29,20560.47477781
29,1,30,15632.08784449
30,1,31,19354.46550326
31,1,32,18650.79117016
32,1,33,10569.54217223
33,1,34,14834.32501995
34,1,35,9954.23202199
35,1,36,16234.44132326
36,1,37,17255.0243187
37,1,38,12331.42766319
38,1,39,12876.78479139
39,1,40,17018.81871208
40,1,41,15617.41729596
41,1,42,18698.67784231
42,1,43,14886.99422668
43,1,44,17434.66248513
44,1,45,19334.26766259
45,1,46,14913.22093337
46,1,47,17878.44871335
47,1,48,21470.87737
48,1,49,19871.61571315
49,1,50,16351.48475617
50,1,51,14160.42902557
51,1,52,12809.4623703
52,1,53,12936.70480662
53,1,54,12736.97929948
54,1,55,11182.14169449
55,1,56,10580.81857233
56,1,57,23175.32793165
57,1,58,22173.95927966
58,1,59,22575.31176703
59,1,60,21934.03485895
60,1,61,14674.39717432
61,1,62,13370.72632032
62,1,63,15260.19923691
63,1,64,14028.33228396
64,1,65,13386.00482109
65,1,66,13553.33054919
66,1,67,11508.22897199
67,1,68,21812.00117591
68,1,69,15956.5083881
69,1,70,13929.03372752
70,1,71,14808.92611728
71,1,72,24011.61038534
72,1,73,12573.63157054
73,1,74,16865.25503887
74,1,75,12654.81731982
75,1,76,18646.55849311
76,1,77,17946.45849155
77,1,78,22717.50670079
78,1,79,14517.62808115
79,1,80,8895.91493729
80,1,81,15984.39258482
81,1,82,21007.3196472
82,1,83,15229.19812478
83,1,84,14681.44939666
84,1,85,15042.14992049
85,1,86,9853.90412467
86,1,87,10286.13882989
87,1,88,9875.16162598
88,1,89,13236.62021015
89,1,90,11679.10918776
90,1,91,9744.63400426
91,1,92,10349.37721565
92,1,93,10877.44669443
93,1,94,12198.41195743
94,1,95,13095.43982954
95,2,1,2468.10949973
96,2,2,0.0
97,2,3,20731.52678849
98,2,4,18947.05098744
99,2,5,14824.53549323
100,2,6,21028.99584604
101,2,7,21341.40735602
102,2,8,19166.01407999
103,2,9,18756.90402101
104,2,10,16081.41795165
105,2,11,17221.49788152
106,2,12,15249.74570371
107,2,13,15185.06318654
108,2,14,16061.95007789
109,2,15,16059.28739504
110,2,16,10206.78317043
111,2,17,13575.60052556
112,2,18,8542.06983323
113,2,19,13979.73071789
114,2,20,14327.3832298
115,2,21,12883.78931365
116,2,22,10192.86852026
117,2,23,16034.39979358
118,2,24,13669.42751506
119,2,25,11717.08083806
120,2,26,17644.54688105
121,2,27,19984.60499326
122,2,28,22557.10965648
123,2,29,22691.19132266
124,2,30,17664.56420309
125,2,31,21398.21627661
126,2,32,20683.33207515
127,2,33,12770.50581712
128,2,34,16959.80522499
129,2,35,12192.78293207
130,2,36,18230.68386255
131,2,37,19262.72948305
132,2,38,14512.76205336
133,2,39,14397.27483005
134,2,40,18527.05854632
135,2,41,17026.05030606
136,2,42,20462.38056861
137,2,43,16338.03596243
138,2,44,19082.75234048
139,2,45,21139.5527451
140,2,46,16783.85962544
141,2,47,19611.59111392
142,2,48,23285.0199756
143,2,49,21755.52174718
144,2,50,17791.94333165
145,2,51,15993.0530351
146,2,52,14514.02553202
147,2,53,14728.83067995
148,2,54,14368.81186083
149,2,55,9702.96696434
150,2,56,8979.8262238
151,2,57,25049.06478886
152,2,58,23959.62958214
153,2,59,24292.02472158
154,2,60,23591.6637336
155,2,61,17045.36422982
156,2,62,15799.17548874
157,2,63,17610.2806914
158,2,64,16445.03168051
159,2,65,11951.21348345
160,2,66,15558.57038567
161,2,67,9041.92918548
162,2,68,22395.73613614
163,2,69,17505.40438076
164,2,70,14939.09389808
165,2,71,12830.26935782
166,2,72,24572.60967357
167,2,73,14481.90816712
168,2,74,17786.1375798
169,2,75,10227.14555035
170,2,76,19489.18196719
171,2,77,18829.29633391
172,2,78,23259.77857812
173,2,79,12655.42475174
174,2,80,9260.06738536
175,2,81,16894.63592487
176,2,82,21677.36665004
177,2,83,13055.02221961
178,2,84,16415.88328969
179,2,85,16663.58439356
180,2,86,11191.55394038
181,2,87,10798.54361251
182,2,88,10215.58235832
183,2,89,15217.22362618
184,2,90,13123.53550331
185,2,91,10595.34568907
186,2,92,11092.24858804
187,2,93,12267.2846019
188,2,94,13728.39432115
189,2,95,14994.59191662
190,3,1,20193.25508555
191,3,2,20731.52678849
192,3,3,0.0
193,3,4,6517.32747383
194,3,5,10915.28518474
195,3,6,11349.1469472
196,3,7,12839.40751757
197,3,8,5338.58680216
198,3,9,2425.66226547
199,3,10,15164.32629652
200,3,11,4222.09339944
201,3,12,15636.27401268
202,3,13,9185.57652716
203,3,14,5549.61875926
204,3,15,12615.09241909
205,3,16,30935.36344357
206,3,17,11785.59579628
207,3,18,12263.39281608
208,3,19,13033.74713902
209,3,20,15295.77612636
210,3,21,11252.70605476
211,3,22,11272.90607639
212,3,23,15619.40971586
213,3,24,15310.48792437
214,3,25,16900.01596201
215,3,26,14665.76243308
216,3,27,14328.87189657
217,3,28,15504.46281053
218,3,29,16837.46358289
219,3,30,14002.28112324
220,3,31,15059.46323694
221,3,32,14666.02937635
222,3,33,15839.95104285
223,3,34,15040.53224642
224,3,35,16285.04388449
225,3,36,13650.05621897
226,3,37,13969.73366201
227,3,38,15553.63385808
228,3,39,10040.33298471
229,3,40,8702.66142261
230,3,41,8167.42588392
231,3,42,11403.58517342
232,3,43,8727.66700421
233,3,44,10018.18103621
234,3,45,12035.19036644
235,3,46,12233.37413457
236,3,47,10930.50070411
237,3,48,12905.18657106
238,3,49,13149.25708513
239,3,50,8219.29990467
240,3,51,11946.18555999
241,3,52,11252.05074082
242,3,53,11856.28100807
243,3,54,10790.07301338
244,3,55,30201.27074095
245,3,56,29377.4317301
246,3,57,14483.41151856
247,3,58,12873.97776077
248,3,59,12241.19719408
249,3,60,11258.57918605
250,3,61,18909.83160072
251,3,62,19959.96796188
252,3,63,18652.76791849
253,3,64,19830.84703816
254,3,65,15280.08339895
255,3,66,13636.61092329
256,3,67,24472.52058211
257,3,68,1692.59611051
258,3,69,9200.48839597
259,3,70,6963.16089385
260,3,71,19456.93458182
261,3,72,3841.08429684
262,3,73,12872.14188259
263,3,74,4383.52329928
264,3,75,23807.53588495
265,3,76,2896.33935502
266,3,77,3509.53175222
267,3,78,2530.41113203
268,3,79,18403.16670132
269,3,80,11471.54778426
270,3,81,4961.11173769
271,3,82,1449.44904235
272,3,83,21500.77635568
273,3,84,11004.76675529
274,3,85,9985.50932654
275,3,86,11220.02078535
276,3,87,9954.93218772
277,3,88,10519.5934779
278,3,89,13419.03359945
279,3,90,10313.57269018
280,3,91,10500.97721141
281,3,92,9855.560761
282,3,93,10625.29369443
283,3,94,10438.23854355
284,3,95,12696.83854735
285,4,1,19202.89975938
286,4,2,18947.05098744
287,4,3,6517.32747383
288,4,4,0.0
289,4,5,14383.64915563
290,4,6,5080.10124778
291,4,7,6505.83518896
292,4,8,1179.96151038
293,4,9,7290.812157
294,4,10,18914.47451773
295,4,11,8102.84226892
296,4,12,19083.96754782
297,4,13,12729.49840279
298,4,14,8815.05267341
299,4,15,16540.14546882
300,4,16,28878.85792698
301,4,17,14725.19081466
302,4,18,11671.48168257
303,4,19,16169.38317901
304,4,20,18468.39793366
305,4,21,13804.18706263
306,4,22,11947.77183697
307,4,23,19314.22810452
308,4,24,18259.77360444
309,4,25,19102.78012981
310,4,26,18939.88344021
311,4,27,19297.07504284
312,4,28,20957.23913399
313,4,29,22155.55271219
314,4,30,18346.45830009
315,4,31,20298.47232038
316,4,32,19775.77817355
317,4,33,18453.90789478
318,4,34,19072.62756292
319,4,35,18679.70806094
320,4,36,18198.07760003
321,4,37,18781.89629279
322,4,38,18770.00062903
323,4,39,13248.46018675
324,4,40,13740.84523437
325,4,41,12590.98365944
326,4,42,16814.21765375
327,4,43,12833.15966728
328,4,44,15153.82387975
329,4,45,17554.55938154
330,4,46,16434.54914642
331,4,47,16148.23104849
332,4,48,18810.11382409
333,4,49,18694.6301485
334,4,50,12986.80039677
335,4,51,15878.9052836
336,4,52,14591.90870107
337,4,53,15296.88487073
338,4,54,14042.82183309
339,4,55,27567.72321303
340,4,56,26676.31947879
341,4,57,20542.92205689
342,4,58,18910.66868674
343,4,59,18399.27096403
344,4,60,17391.60241641
345,4,61,22532.19657823
346,4,62,23098.05160608
347,4,63,22463.3677998
348,4,64,23166.4778776
349,4,65,10210.39402688
350,4,66,17329.03833148
351,4,67,20310.81807801
352,4,68,7630.08291979
353,4,69,13819.63786258
354,4,70,9794.2764546
355,4,71,14051.17826072
356,4,72,8846.48499154
357,4,73,16204.98000852
358,4,74,8925.59464291
359,4,75,19262.59691335
360,4,76,8551.62830931
361,4,77,8741.94012403
362,4,78,7834.65702939
363,4,79,13019.57441152
364,4,80,10570.98070697
365,4,81,8848.62689448
366,4,82,7929.18335321
367,4,83,16132.70442043
368,4,84,15132.93747827
369,4,85,14240.616284
370,4,86,12728.52923244
371,4,87,9637.66329009
372,4,88,9662.54455767
373,4,89,17004.08545755
374,4,90,12844.06900053
375,4,91,10930.73724153
376,4,92,10203.67203229
377,4,93,12686.86183264
378,4,94,13335.00291314
379,4,95,16229.17506633
380,5,1,13151.13096518
381,5,2,14824.53549323
382,5,3,10915.28518474
383,5,4,14383.64915563
384,5,5,0.0
385,5,6,19186.79144623
386,5,7,20404.98736801
387,5,8,13628.28719057
388,5,9,8535.26377935
389,5,10,4531.70917957
390,5,11,6866.60316641
391,5,12,4796.30166429
392,5,13,1748.45499317
393,5,14,5739.42728039
394,5,15,2276.54134646
395,5,16,24093.29296672
396,5,17,1349.09148921
397,5,18,7898.39309482
398,5,19,2149.77875065
399,5,20,4381.27004095
400,5,21,1987.92934684
401,5,22,5578.22715858
402,5,23,4939.82411308
403,5,24,4420.59971433
404,5,25,6347.24631659
405,5,26,4772.61597454
406,5,27,6093.69625774
407,5,28,8537.30327171
408,5,29,9208.97524507
409,5,30,4305.25031746
410,5,31,7479.65511356
411,5,32,6771.5048522
412,5,33,5075.16586908
413,5,34,4740.19101012
414,5,35,5634.97436569
415,5,36,4456.05419265
416,5,37,5380.5850696
417,5,38,4644.15541268
418,5,39,1174.91566221
419,5,40,4034.93323967
420,5,41,3126.83883613
421,5,42,5663.77468416
422,5,43,2367.82611579
423,5,44,4283.59758809
424,5,45,6384.39125109
425,5,46,2528.9344559
426,5,47,4795.05674444
427,5,48,8520.34073488
428,5,49,7149.76767197
429,5,50,3616.57429999
430,5,51,1720.01640459
431,5,52,404.79615142
432,5,53,951.07273943
433,5,54,535.88359946
434,5,55,24323.74239073
435,5,56,23689.54489391
436,5,57,10359.82644708
437,5,58,9161.65295174
438,5,59,9467.54711587
439,5,60,8787.85141134
440,5,61,8203.45621128
441,5,62,9064.18595498
442,5,63,8087.58125878
443,5,64,8987.94534032
444,5,65,16848.5709744
445,5,66,2945.39780619
446,5,67,22071.79914467
447,5,68,11982.87042557
448,5,69,2930.65475897
449,5,70,4592.23398201
450,5,71,20661.323477
451,5,72,13958.21935885
452,5,73,1958.41648675
453,5,74,6531.81425132
454,5,75,22296.5556164
455,5,76,8201.18039978
456,5,77,7478.79711456
457,5,78,12936.15509463
458,5,79,19781.93730945
459,5,80,8255.04243364
460,5,81,6054.87985508
461,5,82,10907.77966049
462,5,83,22230.94153542
463,5,84,1642.70623359
464,5,85,1915.32976265
465,5,86,4052.76799535
466,5,87,7295.19886743
467,5,88,8106.70440241
468,5,89,2630.84959271
469,5,90,2238.65637723
470,5,91,6027.29554988
471,5,92,6257.65188911
472,5,93,3056.50489051
473,5,94,1452.49933798
474,5,95,1859.44086087
475,6,1,21821.76218772
476,6,2,21028.99584604
477,6,3,11349.1469472
478,6,4,5080.10124778
479,6,5,19186.79144623
480,6,6,0.0
481,6,7,1500.67719203
482,6,8,6160.14437367
483,6,9,12360.65993705
484,6,10,23691.11154865
485,6,11,13157.63387338
486,6,12,23774.04779794
487,6,13,17596.50073547
488,6,14,13785.05776704
489,6,15,21399.44883102
490,6,16,30310.62590208
491,6,17,19382.92720161
492,6,18,15148.57076684
493,6,19,20837.41249189
494,6,20,23089.41179881
495,6,21,18386.54371611
496,6,22,15989.97248105
497,6,23,24069.55164429
498,6,24,22815.8057003
499,6,25,23370.49541115
500,6,26,23841.57369169
501,6,27,24320.25339085
502,6,28,26027.30337235
503,6,29,27211.78263698
504,6,30,23269.44284473
505,6,31,25351.07248661
506,6,32,24815.36212895
507,6,33,22892.31107187
508,6,34,23917.68434803
509,6,35,23032.83576423
510,6,36,23161.56920867
511,6,37,23785.09967012
512,6,38,23397.66079379
513,6,39,18025.9998915
514,6,40,18802.10119226
515,6,41,17602.7264372
516,6,42,21888.48939366
517,6,43,17796.74119308
518,6,44,20215.38788934
519,6,45,22632.30097661
520,6,46,21353.27977787
521,6,47,21212.15253386
522,6,48,23882.73120174
523,6,49,23772.21348637
524,6,50,18030.91557396
525,6,51,20751.72062879
526,6,52,19358.57843379
527,6,53,20069.1009064
528,6,54,18804.78143456
529,6,55,28563.9951698
530,6,56,27645.59504608
531,6,57,25600.86161315
532,6,58,23969.68437565
533,6,59,23435.69149936
534,6,60,22431.50757175
535,6,61,27218.57732626
536,6,62,27617.91228825
537,6,63,27206.30026683
538,6,64,27752.46731728
539,6,65,10009.01258604
540,6,66,22118.83839517
541,6,67,20152.22971689
542,6,68,12167.72600961
543,6,69,18839.10070333
544,6,70,14644.44976575
545,6,71,12740.02008573
546,6,72,12852.95797507
547,6,73,20926.28743545
548,6,74,13998.40501539
549,6,75,18723.34913634
550,6,76,13600.15010241
551,6,77,13816.95405474
552,6,78,12122.81739406
553,6,79,11864.88911175
554,6,80,14023.68979331
555,6,81,13883.69349525
556,6,82,12678.41893569
557,6,83,14688.12799114
558,6,84,20057.9537994
559,6,85,19202.49158587
560,6,86,17030.45995468
561,6,87,13511.7934681
562,6,88,13271.93188579
563,6,89,21773.10627091
564,6,90,17464.28065865
565,6,91,14970.22810412
566,6,92,14290.20479337
567,6,93,17176.57461229
568,6,94,18032.470979
569,6,95,21001.66023423
570,7,1,22288.99247012
571,7,2,21341.40735602
572,7,3,12839.40751757
573,7,4,6505.83518896
574,7,5,20404.98736801
575,7,6,1500.67719203
576,7,7,0.0
577,7,8,7615.12919902
578,7,9,13796.64450823
579,7,10,24885.31580949
580,7,11,14530.06652726
581,7,12,24929.70769283
582,7,13,18848.89474285
583,7,14,15101.14769953
584,7,15,22637.87331339
585,7,16,30357.57071632
586,7,17,20539.3351802
587,7,18,15952.23672473
588,7,19,21992.56860332
589,7,20,24218.02990069
590,7,21,19518.08637848
591,7,22,16954.85933492
592,7,23,25253.21010067
593,7,24,23919.13013899
594,7,25,24362.9687896
595,7,26,25096.98874748
596,7,27,25651.40364321
597,7,28,27406.10631217
598,7,29,28571.69712858
599,7,30,24537.36592998
600,7,31,26708.00672541
601,7,32,26159.96498964
602,7,33,23949.85077466
603,7,34,25143.91230379
604,7,35,24057.94030526
605,7,36,24453.12443526
606,7,37,25101.84687754
607,7,38,24528.09780442
608,7,39,19237.08245819
609,7,40,20173.37622143
610,7,41,18933.84245019
611,7,42,23276.60116111
612,7,43,19097.79143762
613,7,44,21585.81942103
614,7,45,24028.4222017
615,7,46,22622.20578546
616,7,47,22584.73095128
617,7,48,25314.95246394
618,7,49,25167.45386624
619,7,50,19386.05014233
620,7,51,21998.27178973
621,7,52,20560.23059456
622,7,53,21270.86326811
623,7,54,20006.34355299
624,7,55,28490.6573342
625,7,56,27569.99600731
626,7,57,27047.46610832
627,7,58,25415.4200759
628,7,59,24894.40937225
629,7,60,23888.46463873
630,7,61,28364.8311713
631,7,62,28693.12581001
632,7,63,28377.98165068
633,7,64,28854.57968167
634,7,65,9903.78565471
635,7,66,23322.76576486
636,7,67,19811.04512711
637,7,68,13668.40285085
638,7,69,20173.63820745
639,7,70,15901.02135645
640,7,71,12187.15229226
641,7,72,14334.64288306
642,7,73,22103.40130022
643,7,74,15389.90365351
644,7,75,18288.41047033
645,7,76,15050.96114434
646,7,77,15246.59033696
647,7,78,13619.18753509
648,7,79,11386.69876781
649,7,80,14838.24284652
650,7,81,15238.76497704
651,7,82,14175.09379374
652,7,83,14049.46130765
653,7,84,21332.84169884
654,7,85,20499.58390078
655,7,86,18070.65579932
656,7,87,14457.05726949
657,7,88,14144.82241193
658,7,89,22968.54570608
659,7,90,18614.85654323
660,7,91,15945.42425665
661,7,92,15288.03699202
662,7,93,18280.81454022
663,7,94,19210.45886074
664,7,95,22200.76707027
665,8,1,19271.29911296
666,8,2,19166.01407999
667,8,3,5338.58680216
668,8,4,1179.96151038
669,8,5,13628.28719057
670,8,6,6160.14437367
671,8,7,7615.12919902
672,8,8,0.0
673,8,9,6208.55069641
674,8,10,18156.98149702
675,8,11,7149.86508855
676,8,12,18375.4684215
677,8,13,11939.52279381
678,8,14,7966.58882522
679,8,15,15738.03634769
680,8,16,29200.83956349
681,8,17,14055.47272032
682,8,18,11558.92875844
683,8,19,15485.63306148
684,8,20,17799.38278197
685,8,21,13182.57818739
686,8,22,11606.0197243
687,8,23,18568.04246988
688,8,24,17625.09485936
689,8,25,18598.3115135
690,8,26,18101.20351029
691,8,27,18354.89056805
692,8,28,19947.51684999
693,8,29,21169.41822279
694,8,30,17493.63252008
695,8,31,19319.19226112
696,8,32,18814.19154955
697,8,33,17875.60411508
698,8,34,18272.09791789
699,8,35,18139.61274491
700,8,36,17313.60653742
701,8,37,17860.82704398
702,8,38,18096.25752229
703,8,39,12516.39493458
704,8,40,12756.42324428
705,8,41,11676.19124476
706,8,42,15797.19300732
707,8,43,11965.00209994
708,8,44,14166.46525619
709,8,45,16524.92727139
710,8,46,15590.14484058
711,8,47,15155.20019834
712,8,48,17728.2063312
713,8,49,17664.91824235
714,8,50,12031.01013258
715,8,51,15069.86116712
716,8,52,13858.61876481
717,8,53,14556.46396825
718,8,54,13315.6302053
719,8,55,27995.69891401
720,8,56,27114.2858157
721,8,57,19440.72406763
722,8,58,17809.60784689
723,8,59,17279.61857244
724,8,60,16274.18651764
725,8,61,21815.2481555
726,8,62,22463.25144969
727,8,63,21715.6326044
728,8,64,22499.39714349
729,8,65,11049.43114798
730,8,66,16569.01580845
731,8,67,21014.48388543
732,8,68,6463.75176929
733,8,69,12892.32840607
734,8,70,9040.44763491
735,8,71,14993.42904589
736,8,72,7755.14425446
737,8,73,15490.71159137
738,8,74,7927.40013302
739,8,75,20041.18072673
740,8,76,7440.07049187
741,8,77,7670.34649207
742,8,78,6702.05598039
743,8,79,13952.1011376
744,8,80,10490.85629516
745,8,81,7922.74537801
746,8,82,6749.23560587
747,8,83,17074.48891338
748,8,84,14287.99527984
749,8,85,13368.41311702
750,8,86,12258.78192895
751,8,87,9413.49887666
752,8,88,9545.78416645
753,8,89,16258.00534397
754,8,90,12209.53372894
755,8,91,10607.21093499
756,8,92,9873.21779947
757,8,93,12124.45964702
758,8,94,12651.80087892
759,8,95,15484.23906205
760,9,1,18060.4574514
761,9,2,18756.90402101
762,9,3,2425.66226547
763,9,4,7290.812157
764,9,5,8535.26377935
765,9,6,12360.65993705
766,9,7,13796.64450823
767,9,8,6208.55069641
768,9,9,0.0
769,9,10,12862.00897825
770,9,11,1804.98266945
771,9,12,13290.18158487
772,9,13,6794.90020994
773,9,14,3141.73354905
774,9,15,10323.27049996
775,9,16,28930.10851428
776,9,17,9369.84501678
777,9,18,10221.71510799
778,9,19,10637.56554835
779,9,20,12915.54012719
780,9,21,8827.09019941
781,9,22,9018.15825636
782,9,23,13310.72828096
783,9,24,12910.99213229
784,9,25,14474.70224523
785,9,26,12473.38140224
786,9,27,12368.35535847
787,9,28,13796.14741885
788,9,29,15059.59459987
789,9,30,11822.87672751
790,9,31,13230.61842534
791,9,32,12771.28571727
792,9,33,13423.03715629
793,9,34,12792.94503156
794,9,35,13862.05234078
795,9,36,11527.90843638
796,9,37,11943.13598141
797,9,38,13179.23115285
798,9,39,7629.56737946
799,9,40,6705.98389084
800,9,41,5924.7085505
801,9,42,9644.0242787
802,9,43,6417.66738157
803,9,44,8090.52111922
804,9,45,10349.19488095
805,9,46,9998.2864594
806,9,47,9056.55776398
807,9,48,11522.07605284
808,9,49,11487.01458536
809,9,50,6094.41336481
810,9,51,9648.64762172
811,9,52,8861.62306426
812,9,53,9481.76785728
813,9,54,8388.2113933
814,9,55,28339.07237823
815,9,56,27538.80783036
816,9,57,13254.74024928
817,9,58,11622.20010522
818,9,59,11134.27421203
819,9,60,10123.56855231
820,9,61,16607.6997248
821,9,62,17595.89192662
822,9,63,16382.890044
823,9,64,17490.15486059
824,9,65,14557.82177745
825,9,66,11312.64538524
826,9,67,23150.78202173
827,9,68,3822.54096467
828,9,69,7041.58818601
829,9,70,4555.15887476
830,9,71,18789.95607009
831,9,72,6013.75594946
832,9,73,10493.65889927
833,9,74,2032.65754024
834,9,75,22648.93196795
835,9,76,1341.51314663
836,9,77,1466.45850007
837,9,78,4775.87484634
838,9,79,17747.45318196
839,9,80,9539.26787682
840,9,81,2536.59141711
841,9,82,2947.19597606
842,9,83,20774.44444912
843,9,84,8736.90355577
844,9,85,7732.91828193
845,9,86,8853.24467516
846,9,87,7967.83545466
847,9,88,8632.62946886
848,9,89,11076.71655062
849,9,90,7889.53978241
850,9,91,8317.94633192
851,9,92,7720.1240543
852,9,93,8219.28851716
853,9,94,8015.48373653
854,9,95,10341.10580249
855,10,1,13938.56202993
856,10,2,16081.41795165
857,10,3,15164.32629652
858,10,4,18914.47451773
859,10,5,4531.70917957
860,10,6,23691.11154865
861,10,7,24885.31580949
862,10,8,18156.98149702
863,10,9,12862.00897825
864,10,10,0.0
865,10,11,11289.26354925
866,10,12,1006.15525782
867,10,13,6228.34849339
868,10,14,10235.543863
869,10,15,2550.87332395
870,10,16,24112.37734539
871,10,17,4418.98740137
872,10,18,11113.72577231
873,10,19,3027.90624411
874,10,20,1772.64193585
875,10,21,5522.34540687
876,10,22,8985.29025723
877,10,23,467.66188983
878,10,24,2426.63498691
879,10,25,4768.93214204
880,10,26,1732.02914386
881,10,27,4253.51513061
882,10,28,6673.63629997
883,10,29,6622.10672878
884,10,30,2108.44156261
885,10,31,5531.28334614
886,10,32,4877.94878703
887,10,33,3406.71278142
888,10,34,913.69301351
889,10,35,4086.9161331
890,10,36,2834.05226688
891,10,37,3658.35809249
892,10,38,1653.88892563
893,10,39,5672.04569781
894,10,40,6959.208032
895,10,41,7008.14742972
896,10,42,6320.92931652
897,10,43,6445.70170239
898,10,44,6195.03128665
899,10,45,6593.46951903
900,10,46,3059.79527091
901,10,47,5895.80713813
902,10,48,8448.97242608
903,10,49,6644.95626067
904,10,50,7100.9822557
905,10,51,3218.24067558
906,10,52,4333.51862242
907,10,53,3623.81220812
908,10,54,4886.90413788
909,10,55,24886.52709995
910,10,56,24385.81261115
911,10,57,9792.40594179
912,10,58,9233.33441351
913,10,59,9942.77274083
914,10,60,9684.06594369
915,10,61,3746.70441893
916,10,62,5004.54427829
917,10,63,3561.30024514
918,10,64,4731.69980859
919,10,65,20592.886338
920,10,66,1587.99185988
921,10,67,24337.50084788
922,10,68,16046.35894386
923,10,69,6116.88958779
924,10,70,9123.8952755
925,10,71,24124.38866905
926,10,72,17859.1496354
927,10,73,2806.23557355
928,10,74,10829.81405868
929,10,75,24872.51709035
930,10,76,12328.56384218
931,10,77,11659.65254937
932,10,78,16966.43773006
933,10,79,23328.6125657
934,10,80,11784.9291001
935,10,81,10471.0035203
936,10,82,14952.45096754
937,10,83,25500.99157664
938,10,84,4174.44849379
939,10,85,5199.92050841
940,10,86,7453.9623805
941,10,87,11203.74236686
942,10,88,11901.61310879
943,10,89,1918.01365943
944,10,90,6325.78327964
945,10,91,9745.38180523
946,10,92,10178.91586427
947,10,93,6841.14083636
948,10,94,5680.46525239
949,10,95,2690.38294623
950,11,1,16412.2457374
951,11,2,17221.49788152
952,11,3,4222.09339944
953,11,4,8102.84226892
954,11,5,6866.60316641
955,11,6,13157.63387338
956,11,7,14530.06652726
957,11,8,7149.86508855
958,11,9,1804.98266945
959,11,10,11289.26354925
960,11,11,0.0
961,11,12,11655.10799063
962,11,13,5118.16767482
963,11,14,1339.00749144
964,11,15,8780.85637305
965,11,16,27352.71150033
966,11,17,7623.52272898
967,11,18,8683.9794547
968,11,19,8930.08132068
969,11,20,11229.84724501
970,11,21,7038.84022326
971,11,22,7310.5902332
972,11,23,11727.43631964
973,11,24,11192.5534797
974,11,25,12691.90906115
975,11,26,11043.238891
976,11,27,11205.9690479
977,11,28,12876.04019048
978,11,29,14055.22345544
979,11,30,10414.27131217
980,11,31,12196.44111396
981,11,32,11674.3406677
982,11,33,11668.61130812
983,11,34,11291.87733753
984,11,35,12090.34653033
985,11,36,10191.71080832
986,11,37,10712.83993311
987,11,38,11502.17263232
988,11,39,5901.04371649
989,11,40,5644.94456153
990,11,41,4539.0316957
991,11,42,8752.56580666
992,11,43,4901.38665688
993,11,44,7058.10805702
994,11,45,9516.16597394
995,11,46,8537.16496585
996,11,47,8055.81796802
997,11,48,10956.58606604
998,11,49,10651.89157976
999,11,50,4885.80284198
1000,11,51,8103.98255952
1001,11,52,7171.54902231
1002,11,53,7817.60034161
1003,11,54,6677.09610364
1004,11,55,26862.22048886
1005,11,56,26080.14764702
1006,11,57,12792.62572109
1007,11,58,11174.919053
1008,11,59,10828.89909867
1009,11,60,9824.56753571
1010,11,61,15021.92143518
1011,11,62,15925.9673817
1012,11,63,14837.87622805
1013,11,64,15852.43071509
1014,11,65,14037.64837849
1015,11,66,9717.70861545
1016,11,67,22087.92370121
1017,11,68,5606.19449462
1018,11,69,5744.69209518
1019,11,70,2750.825838
1020,11,71,18257.68921618
1021,11,72,7781.35005016
1022,11,73,8818.13195251
1023,11,74,969.13603738
1024,11,75,21712.19719329
1025,11,76,2270.34027319
1026,11,77,1670.37091178
1027,11,78,6566.55429195
1028,11,79,17234.89728582
1029,11,80,8106.5909361
1030,11,81,818.27932024
1031,11,82,4670.4680434
1032,11,83,20179.13356187
1033,11,84,7245.83276363
1034,11,85,6280.97239143
1035,11,86,7064.66885922
1036,11,87,6515.12805152
1037,11,88,7258.74162161
1038,11,89,9456.06210216
1039,11,90,6093.33491086
1040,11,91,6677.39627128
1041,11,92,6131.22123465
1042,11,93,6414.6154841
1043,11,94,6249.89758245
1044,11,95,8703.5415126
1045,12,1,13063.52218447
1046,12,2,15249.74570371
1047,12,3,15636.27401268
1048,12,4,19083.96754782
1049,12,5,4796.30166429
1050,12,6,23774.04779794
1051,12,7,24929.70769283
1052,12,8,18375.4684215
1053,12,9,13290.18158487
1054,12,10,1006.15525782
1055,12,11,11655.10799063
1056,12,12,0.0
1057,12,13,6540.82021115
1058,12,14,10533.54558948
1059,12,15,3153.3261442
1060,12,16,23141.12500016
1061,12,17,4391.81526779
1062,12,18,10700.38288738
1063,12,19,2937.55795455
1064,12,20,965.41039557
1065,12,21,5427.18715848
1066,12,22,8670.06671449
1067,12,23,792.65839293
1068,12,24,1602.03477057
1069,12,25,3796.09147099
1070,12,26,2734.19458335
1071,12,27,5253.6666556
1072,12,28,7643.2367917
1073,12,29,7517.40326336
1074,12,30,3103.10538949
1075,12,31,6509.52914741
1076,12,32,5868.31199411
1077,12,33,2494.62632637
1078,12,34,1899.28498876
1079,12,35,3143.33571396
1080,12,36,3827.41951354
1081,12,37,4664.47477847
1082,12,38,737.5002394
1083,12,39,5863.03016456
1084,12,40,7675.33876603
1085,12,41,7542.9738422
1086,12,42,7271.66246881
1087,12,43,6916.37127864
1088,12,44,7024.0455047
1089,12,45,7574.71212483
1090,12,46,3799.21114658
1091,12,47,6800.54312964
1092,12,48,9451.08975908
1093,12,49,7649.15123041
1094,12,50,7723.71256363
1095,12,51,3768.13636035
1096,12,52,4527.06468136
1097,12,53,3847.4250111
1098,12,54,5062.74171283
1099,12,55,23953.4410139
1100,12,56,23465.30700259
1101,12,57,10797.04827696
1102,12,58,10234.59619044
1103,12,59,10934.76490404
1104,12,60,10655.67490664
1105,12,61,3449.78295225
1106,12,62,4345.39253429
1107,12,63,3468.82391909
1108,12,64,4200.41669437
1109,12,65,20247.99883474
1110,12,66,2039.80593577
1111,12,67,23623.09312469
1112,12,68,16595.93118359
1113,12,69,6760.85755367
1114,12,70,9340.65757237
1115,12,71,23678.66284055
1116,12,72,18466.40813751
1117,12,73,2884.88075637
1118,12,74,11267.06717298
1119,12,75,24214.07957647
1120,12,76,12843.23820333
1121,12,77,12151.09838031
1122,12,78,17529.82752094
1123,12,79,22910.19388163
1124,12,80,11444.33969541
1125,12,81,10840.26044652
1126,12,82,15505.74655468
1127,12,83,24997.97320924
1128,12,84,4763.70451872
1129,12,85,5775.9421121
1130,12,86,7193.51133061
1131,12,87,10991.423677
1132,12,88,11640.44454325
1133,12,89,2217.41959943
1134,12,90,6314.94178624
1135,12,91,9498.02363675
1136,12,92,9988.42900538
1137,12,93,6712.818881
1138,12,94,5753.91016264
1139,12,95,2952.34926045
1140,13,1,13738.00016738
1141,13,2,15185.06318654
1142,13,3,9185.57652716
1143,13,4,12729.49840279
1144,13,5,1748.45499317
1145,13,6,17596.50073547
1146,13,7,18848.89474285
1147,13,8,11939.52279381
1148,13,9,6794.90020994
1149,13,10,6228.34849339
1150,13,11,5118.16767482
1151,13,12,6540.82021115
1152,13,13,0.0
1153,13,14,4008.79732262
1154,13,15,3811.46262731
1155,13,16,24790.22629765
1156,13,17,2687.59651162
1157,13,18,7540.54390268
1158,13,19,3848.5833838
1159,13,20,6121.88435812
1160,13,21,2576.98332722
1161,13,22,5284.74368935
1162,13,23,6651.55701235
1163,13,24,6126.32637911
1164,13,25,7883.25431408
1165,13,26,6248.25390526
1166,13,27,7115.36391211
1167,13,28,9353.15759329
1168,13,29,10220.18539442
1169,13,30,5695.68384751
1170,13,31,8398.36899333
1171,13,32,7736.08406502
1172,13,33,6704.46568521
1173,13,34,6343.12932248
1174,13,35,7209.68233989
1175,13,36,5678.86810819
1176,13,37,6464.31829553
1177,13,38,6389.07111046
1178,13,39,977.65370418
1179,13,40,3354.54577734
1180,13,41,1887.09591136
1181,13,42,5864.0683678
1182,13,43,1153.92867946
1183,13,44,4165.83617492
1184,13,45,6663.36924342
1185,13,46,3787.68200572
1186,13,47,4964.43037226
1187,13,48,8695.3026484
1188,13,49,7612.11131456
1189,13,50,2616.01830629
1190,13,51,3156.04610824
1191,13,52,2067.1593195
1192,13,53,2699.43310554
1193,13,54,1620.0765408
1194,13,55,24821.70228982
1195,13,56,24142.72146363
1196,13,57,10609.99183293
1197,13,58,9234.82233904
1198,13,59,9358.83565961
1199,13,60,8548.03737126
1200,13,61,9932.40921253
1201,13,62,10811.11683416
1202,13,63,9789.61115734
1203,13,64,10735.39500767
1204,13,65,15906.44074031
1205,13,66,4642.27741403
1206,13,67,21879.39486599
1207,13,68,10297.49522195
1208,13,69,2412.82279484
1209,13,70,2952.07393362
1210,13,71,19858.94125535
1211,13,72,12313.67554386
1212,13,73,3703.04578076
1213,13,74,4804.03074066
1214,13,75,21953.31842979
1215,13,76,6516.7823416
1216,13,77,5781.78769155
1217,13,78,11256.79872802
1218,13,79,18936.99581281
1219,13,80,7660.57190519
1220,13,81,4306.60052119
1221,13,82,9232.97217634
1222,13,83,21526.57877491
1223,13,84,2531.39178364
1224,13,85,1950.9732361
1225,13,86,4007.28991563
1226,13,87,6450.80764114
1227,13,88,7317.75284393
1228,13,89,4355.5367947
1229,13,90,2066.07168938
1230,13,91,5436.77095525
1231,13,92,5466.6377812
1232,13,93,2921.0528012
1233,13,94,1608.64514421
1234,13,95,3593.37740647
1235,14,1,15169.03818954
1236,14,2,16061.95007789
1237,14,3,5549.61875926
1238,14,4,8815.05267341
1239,14,5,5739.42728039
1240,14,6,13785.05776704
1241,14,7,15101.14769953
1242,14,8,7966.58882522
1243,14,9,3141.73354905
1244,14,10,10235.543863
1245,14,11,1339.00749144
1246,14,12,10533.54558948
1247,14,13,4008.79732262
1248,14,14,0.0
1249,14,15,7779.68437803
1250,14,16,26151.54223101
1251,14,17,6388.16542607
1252,14,18,7556.49745157
1253,14,19,7738.43730434
1254,14,20,10054.30375293
1255,14,21,5742.96188099
1256,14,22,6040.26074093
1257,14,23,10660.31886813
1258,14,24,9979.60776566
1259,14,25,11397.27846706
1260,14,26,10136.35826927
1261,14,27,10552.30537655
1262,14,28,12417.31069473
1263,14,29,13512.87086435
1264,14,30,9534.75871666
1265,14,31,11646.30574181
1266,14,32,11074.43213791
1267,14,33,10411.58580111
1268,14,34,10311.90593156
1269,14,35,10810.95480361
1270,14,36,9386.10795668
1271,14,37,10002.2261311
1272,14,38,10335.34931837
1273,14,39,4703.3670142
1274,14,40,5233.37130253
1275,14,41,3841.60472901
1276,14,42,8385.20144141
1277,14,43,4019.07746999
1278,14,44,6611.82282325
1279,14,45,9182.53122106
1280,14,46,7626.54529318
1281,14,47,7608.14367929
1282,14,48,10817.96708942
1283,14,49,10295.39924159
1284,14,50,4368.34795024
1285,14,51,7108.50733855
1286,14,52,6013.68278545
1287,14,53,6686.27917094
1288,14,54,5496.08421637
1289,14,55,25733.82751593
1290,14,56,24965.79696616
1291,14,57,12709.27053372
1292,14,58,11126.37521349
1293,14,59,10895.78928632
1294,14,60,9915.71372852
1295,14,61,13939.41331143
1296,14,62,14755.87597208
1297,14,63,13796.31822324
1298,14,64,14715.53777309
1299,14,65,13691.4172665
1300,14,66,8650.56716272
1301,14,67,21278.37898557
1302,14,68,6943.83899942
1303,14,69,5083.42731276
1304,14,70,1414.12814174
1305,14,71,17869.97462822
1306,14,72,9114.38677919
1307,14,73,7665.60798281
1308,14,74,1726.05126697
1309,14,75,21000.05094044
1310,14,76,3480.45353868
1311,14,77,2779.79855934
1312,14,78,7905.03746746
1313,14,79,16868.55971656
1314,14,80,7079.95987316
1315,14,81,834.93521566
1316,14,82,5995.95274322
1317,14,83,19733.4214018
1318,14,84,6324.15874239
1319,14,85,5426.7300432
1320,14,86,5730.24523082
1321,14,87,5496.65931488
1322,14,88,6300.27089143
1323,14,89,8362.38154942
1324,14,90,4784.76952564
1325,14,91,5473.37905226
1326,14,92,4984.7674582
1327,14,93,5078.22795795
1328,14,94,4993.56088188
1329,14,95,7596.31572604
1330,15,1,14154.30089308
1331,15,2,16059.28739504
1332,15,3,12615.09241909
1333,15,4,16540.14546882
1334,15,5,2276.54134646
1335,15,6,21399.44883102
1336,15,7,22637.87331339
1337,15,8,15738.03634769
1338,15,9,10323.27049996
1339,15,10,2550.87332395
1340,15,11,8780.85637305
1341,15,12,3153.3261442
1342,15,13,3811.46262731
1343,15,14,7779.68437803
1344,15,15,0.0
1345,15,16,24826.19400609
1346,15,17,2803.36421891
1347,15,18,9867.03337342
1348,15,19,2089.2128262
1349,15,20,3176.43392767
1350,15,21,3880.32429101
1351,15,22,7581.53831015
1352,15,23,3010.38666014
1353,15,24,3543.87626033
1354,15,25,5963.00719747
1355,15,26,2496.08700358
1356,15,27,4092.12329654
1357,15,28,6649.29106824
1358,15,29,7133.39282261
1359,15,30,2055.56298391
1360,15,31,5524.64009694
1361,15,32,4797.54568767
1362,15,33,4499.90242654
1363,15,34,2534.25854138
1364,15,35,5196.28919721
1365,15,36,2339.84520928
1366,15,37,3352.5254682
1367,15,38,3326.28278199
1368,15,39,3447.5342138
1369,15,40,4532.35829251
1370,15,41,4457.4317305
1371,15,42,4714.28723147
1372,15,43,3906.01796794
1373,15,44,4022.70065353
1374,15,45,5245.96351325
1375,15,46,814.24547318
1376,15,47,4034.23768837
1377,15,48,7350.54868531
1378,15,49,5717.34802723
1379,15,50,4579.13083499
1380,15,51,676.98836757
1381,15,52,2240.69029046
1382,15,53,1618.96812385
1383,15,54,2755.2924289
1384,15,55,25308.98688997
1385,15,56,24732.45988681
1386,15,57,9021.02706544
1387,15,58,8082.63585544
1388,15,59,8598.93708016
1389,15,60,8122.32739119
1390,15,61,6294.75866046
1391,15,62,7478.96183039
1392,15,63,6062.88193014
1393,15,64,7262.01638921
1394,15,65,19037.05727425
1395,15,66,1129.50803297
1396,15,67,23772.60274687
1397,15,68,13500.93160693
1398,15,69,3609.20130958
1399,15,70,6759.44517409
1400,15,71,22778.82136781
1401,15,72,15334.85765997
1402,15,73,1581.69616785
1403,15,74,8290.61797333
1404,15,75,24116.79569859
1405,15,76,9777.86442765
1406,15,77,9109.35734492
1407,15,78,14424.71305005
1408,15,79,21922.1021044
1409,15,80,10342.86540408
1410,15,81,7963.29686968
1411,15,82,12407.59252376
1412,15,83,24292.27263776
1413,15,84,1628.61605714
1414,15,85,2653.12681207
1415,15,86,6009.25450776
1416,15,87,9494.90763327
1417,15,88,10278.90054292
1418,15,89,1142.29432172
1419,15,90,4423.55717321
1420,15,91,8155.19770245
1421,15,92,8453.29802283
1422,15,93,5143.82297289
1423,15,94,3665.94327228
1424,15,95,1064.70187293
1425,16,1,11076.40224874
1426,16,2,10206.78317043
1427,16,3,30935.36344357
1428,16,4,28878.85792698
1429,16,5,24093.29296672
1430,16,6,30310.62590208
1431,16,7,30357.57071632
1432,16,8,29200.83956349
1433,16,9,28930.10851428
1434,16,10,24112.37734539
1435,16,11,27352.71150033
1436,16,12,23141.12500016
1437,16,13,24790.22629765
1438,16,14,26151.54223101
1439,16,15,24826.19400609
1440,16,16,0.0
1441,16,17,22758.89144865
1442,16,18,18709.30788613
1443,16,19,22770.93110051
1444,16,20,22372.16895736
1445,16,21,22301.66520853
1446,16,22,20162.0834269
1447,16,23,23918.4325523
1448,16,24,21750.66374315
1449,16,25,19345.95672194
1450,16,26,25827.05012419
1451,16,27,28331.92252678
1452,16,28,30783.47403407
1453,16,29,30574.14918362
1454,16,30,26033.44953607
1455,16,31,29643.65010883
1456,16,32,28982.04616707
1457,16,33,20729.60596254
1458,16,34,25025.54144172
1459,16,35,20031.68969614
1460,16,36,26699.00767241
1461,16,37,27672.77554836
1462,16,38,22458.70323301
1463,16,39,23907.72105318
1464,16,40,28034.51161263
1465,16,41,26674.51419845
1466,16,42,29494.68008997
1467,16,43,25933.97888002
1468,16,44,28357.60241908
1469,16,45,30070.5292144
1470,16,46,25620.97101655
1471,16,47,28717.28215379
1472,16,48,32172.2369137
1473,16,49,30482.31139535
1474,16,50,27397.15728815
1475,16,51,24932.03400655
1476,16,52,23731.45092839
1477,16,53,23775.45058459
1478,16,54,23711.92169607
1479,16,55,2970.90593189
1480,16,56,3608.67325069
1481,16,57,33764.18946958
1482,16,58,32908.81914072
1483,16,59,33393.3725984
1484,16,60,32818.11560189
1485,16,61,23758.75659744
1486,16,62,21989.35314817
1487,16,63,24460.28216182
1488,16,64,22735.13682989
1489,16,65,20472.68921238
1490,16,66,24067.41924889
1491,16,67,12174.377514
1492,16,68,32595.83110079
1493,16,69,26956.53889673
1494,16,70,24957.58922814
1495,16,71,19545.80843623
1496,16,72,34776.2551625
1497,16,73,23275.63343638
1498,16,74,27865.1230468
1499,16,75,14104.37749242
1500,16,76,29610.70048226
1501,16,77,28930.40610197
1502,16,78,33464.41633711
1503,16,79,19865.89216506
1504,16,80,19464.27007342
1505,16,81,26977.32135481
1506,16,82,31861.29454668
1507,16,83,18709.91970612
1508,16,84,25553.85368282
1509,16,85,26003.7595966
1510,16,86,20930.26390241
1511,16,87,20991.14943935
1512,16,88,20422.09388985
1513,16,89,23805.4320995
1514,16,90,22739.43173542
1515,16,91,20682.3687425
1516,16,92,21226.8325372
1517,16,93,21949.36622948
1518,16,94,23229.60288335
1519,16,95,23798.61563453
1520,17,1,11845.10211481
1521,17,2,13575.60052556
1522,17,3,11785.59579628
1523,17,4,14725.19081466
1524,17,5,1349.09148921
1525,17,6,19382.92720161
1526,17,7,20539.3351802
1527,17,8,14055.47272032
1528,17,9,9369.84501678
1529,17,10,4418.98740137
1530,17,11,7623.52272898
1531,17,12,4391.81526779
1532,17,13,2687.59651162
1533,17,14,6388.16542607
1534,17,15,2803.36421891
1535,17,16,22758.89144865
1536,17,17,0.0
1537,17,18,7065.6450451
1538,17,19,1454.50050871
1539,17,20,3745.27198304
1540,17,21,1125.22644801
1541,17,22,4791.88874481
1542,17,23,4745.10987731
1543,17,24,3599.58386491
1544,17,25,5195.80101785
1545,17,26,5134.43141165
1546,17,27,6883.61610508
1547,17,28,9418.59668956
1548,17,29,9936.61257896
1549,17,30,4814.60577422
1550,17,31,8310.06172183
1551,17,32,7585.27291037
1552,17,33,4054.48950892
1553,17,34,4874.63527877
1554,17,35,4529.03546791
1555,17,36,5142.55708487
1556,17,37,6146.43483091
1557,17,38,4045.15640173
1558,17,39,1753.91422298
1559,17,40,5379.96008229
1560,17,41,4362.77157574
1561,17,42,6887.25972798
1562,17,43,3579.84159163
1563,17,44,5601.57948914
1564,17,45,7569.47652015
1565,17,46,3356.87557682
1566,17,47,6044.56101973
1567,17,48,9714.87537375
1568,17,49,8248.588233
1569,17,50,4920.12878934
1570,17,51,2510.79230576
1571,17,52,972.77930327
1572,17,53,1219.7049025
1573,17,54,1106.82824478
1574,17,55,23024.81366899
1575,17,56,22401.65649535
1576,17,57,11511.43983714
1577,17,58,10384.04569036
1578,17,59,10738.27303647
1579,17,60,10090.15234588
1580,17,61,7836.1472172
1581,17,62,8417.99972285
1582,17,63,7841.79298381
1583,17,64,8445.78859337
1584,17,65,16323.53609517
1585,17,66,2968.43924736
1586,17,67,21031.22065701
1587,17,68,12958.03706571
1588,17,69,4276.48973809
1589,17,70,5084.63185437
1590,17,71,20006.49158567
1591,17,72,14994.08249376
1592,17,73,1619.21868677
1593,17,74,7428.50454212
1594,17,75,21335.7042408
1595,17,76,9184.34620717
1596,17,77,8441.84526434
1597,17,78,13920.76776478
1598,17,79,19163.39802539
1599,17,80,7573.40597514
1600,17,81,6839.20755454
1601,17,82,11902.0987748
1602,17,83,21498.72211495
1603,17,84,2844.07400949
1604,17,85,3262.5111532
1605,17,86,3217.52846166
1606,17,87,6833.19851173
1607,17,88,7574.54429018
1608,17,89,2567.49395591
1609,17,90,1925.62922935
1610,17,91,5425.59001515
1611,17,92,5797.28702829
1612,17,93,2444.50694437
1613,17,94,1410.74635919
1614,17,95,1897.40907765
1615,18,1,7964.92469976
1616,18,2,8542.06983323
1617,18,3,12263.39281608
1618,18,4,11671.48168257
1619,18,5,7898.39309482
1620,18,6,15148.57076684
1621,18,7,15952.23672473
1622,18,8,11558.92875844
1623,18,9,10221.71510799
1624,18,10,11113.72577231
1625,18,11,8683.9794547
1626,18,12,10700.38288738
1627,18,13,7540.54390268
1628,18,14,7556.49745157
1629,18,15,9867.03337342
1630,18,16,18709.30788613
1631,18,17,7065.6450451
1632,18,18,0.0
1633,18,19,8174.67678718
1634,18,20,9777.25552353
1635,18,21,6001.09200084
1636,18,22,2321.10636129
1637,18,23,11308.54894919
1638,18,24,9259.01566064
1639,18,25,8854.80279438
1640,18,26,12145.64220378
1641,18,27,13926.0934922
1642,18,28,16422.27252028
1643,18,29,16999.61555837
1644,18,30,11872.98312992
1645,18,31,15340.10201088
1646,18,32,14620.80634818
1647,18,33,8891.41887084
1648,18,34,11760.81458832
1649,18,35,8758.93678109
1650,18,36,12203.03537211
1651,18,37,13193.96527366
1652,18,38,10073.87501913
1653,18,39,7036.48562636
1654,18,40,10815.25792412
1655,18,41,9166.4187651
1656,18,42,13356.39120484
1657,18,43,8614.97685014
1658,18,44,11703.24932198
