,stationid_o,stationid_d,Eudistance
0,1,1,0.0
1,1,2,15953.81490401
2,1,3,18355.84480855
3,1,4,5313.92572794
4,1,5,6461.14730737
5,1,6,10264.23510622
6,1,7,3893.19000276
7,1,8,14863.12099021
8,1,9,1003.53270725
9,1,10,19618.27338124
10,1,11,7034.88900132
11,1,12,12923.25622049
12,1,13,2431.66511022
13,1,14,23252.99687599
14,1,15,11102.35571956
15,1,16,9475.27553591
16,1,17,20397.00002103
17,1,18,7692.82771844
18,1,19,14139.42815529
19,1,20,17074.91229989
20,1,21,12101.08811524
21,1,22,21977.16274716
22,1,23,18006.42607848
23,1,24,19254.40608985
24,1,25,19906.24814364
25,1,26,17561.12933873
26,1,27,23529.769771
27,1,28,21936.67019496
28,1,29,18047.77583855
29,1,30,20389.89641222
30,1,31,17697.58903564
31,1,32,17022.57336518
32,1,33,17094.18169656
33,1,34,17458.39761185
34,1,35,21626.80007868
35,1,36,18112.78632454
36,1,37,20985.51362108
37,1,38,22145.24586931
38,1,39,19162.83441079
39,1,40,24959.83051455
40,1,41,25709.33158364
41,1,42,22703.02118496
42,1,43,17986.40567408
43,1,44,18517.49923305
44,1,45,17212.10569072
45,1,46,18677.24722524
46,1,47,18081.01254987
47,1,48,11498.49988127
48,1,49,21348.87952136
49,1,50,16369.62431236
50,1,51,9502.91392019
51,1,52,11008.21397257
52,1,53,23877.72602045
53,1,54,17015.79269138
54,1,55,12570.0985813
55,1,56,17865.32217188
56,1,57,13071.94362487
57,1,58,10701.51652516
58,1,59,13763.63332645
59,1,60,19887.15552778
60,1,61,14359.79209988
61,1,62,14648.20240549
62,1,63,15516.67878154
63,1,64,9807.2832677
64,1,65,15668.30853861
65,1,66,11480.72831835
66,1,67,22658.76282013
67,1,68,15072.08205836
68,1,69,21754.68254486
69,1,70,19290.97806091
70,1,71,22103.59836416
71,1,72,15947.19530999
72,1,73,13892.88181873
73,1,74,16880.26886913
74,1,75,23154.85890677
75,1,76,14141.46187099
76,1,77,21209.77050157
77,1,78,20659.88080157
78,1,79,20241.39136543
79,1,80,14658.09682955
80,1,81,13552.00401969
81,1,82,21429.98949182
82,1,83,24011.7068134
83,1,84,21548.89198042
84,1,85,21483.25487543
85,2,1,15953.81490401
86,2,2,0.0
87,2,3,2442.78201747
88,2,4,10645.23579922
89,2,5,9551.35448026
90,2,6,6588.75377058
91,2,7,12119.48122849
92,2,8,1114.63068355
93,2,9,14964.79380289
94,2,10,3728.04971337
95,2,11,9485.53218854
96,2,12,3364.67644867
97,2,13,13564.07299188
98,2,14,7340.43871273
99,2,15,5468.12974196
100,2,16,7532.64673155
101,2,17,4499.2917503
102,2,18,9267.70488476
103,2,19,2014.60637797
104,2,20,1130.19642239
105,2,21,4105.20062341
106,2,22,6102.73543651
107,2,23,3377.24101129
108,2,24,8789.54683024
109,2,25,8478.81723237
110,2,26,4423.20155586
111,2,27,16454.4574096
112,2,28,10472.84042206
113,2,29,5567.25065156
114,2,30,10772.24607878
115,2,31,3809.09788384
116,2,32,2201.82210253
117,2,33,3505.04390133
118,2,34,2079.92607073
119,2,35,13176.25487755
120,2,36,6480.91215003
121,2,37,9856.71755321
122,2,38,14302.63028612
123,2,39,7099.33807601
124,2,40,17511.16903623
125,2,41,18612.67901418
126,2,42,15710.52310472
127,2,43,2897.19219939
128,2,44,7370.4795962
129,2,45,1437.91056139
130,2,46,5860.75036977
131,2,47,4921.03681014
132,2,48,7998.01289066
133,2,49,7596.60110822
134,2,50,6616.33129474
135,2,51,6999.69009299
136,2,52,4945.871947
137,2,53,9295.14770883
138,2,54,6456.57282795
139,2,55,7997.81195662
140,2,56,6382.01236888
141,2,57,3822.43591487
142,2,58,5397.34440977
143,2,59,4000.91670394
144,2,60,6454.46648732
145,2,61,4485.65384171
146,2,62,7384.32132132
147,2,63,6914.33142826
148,2,64,7380.89957551
149,2,65,6415.39734574
150,2,66,4515.58931802
151,2,67,8392.01321742
152,2,68,5188.95908771
153,2,69,6220.62337172
154,2,70,5279.23648173
155,2,71,7108.18701963
156,2,72,4897.55028224
157,2,73,5870.34586276
158,2,74,4738.73533522
159,2,75,9474.49460862
160,2,76,8676.68067349
161,2,77,5294.45585524
162,2,78,5048.92236962
163,2,79,5796.08367732
164,2,80,10207.14746321
165,2,81,6957.08064369
166,2,82,6104.12480004
167,2,83,10816.93795367
168,2,84,5596.98920454
169,2,85,6361.703825
170,3,1,18355.84480855
171,3,2,2442.78201747
172,3,3,0.0
173,3,4,13056.56355429
174,3,5,11925.13610458
175,3,6,8705.21111815
176,3,7,14540.06638111
177,3,8,3497.48549717
178,3,9,17371.56972819
179,3,10,1285.55405484
180,3,11,11756.92037431
181,3,12,5556.81866301
182,3,13,15978.44625126
183,3,14,4906.16315296
184,3,15,7620.57435109
185,3,16,9653.01743874
186,3,17,2057.32105787
187,3,18,11461.3120533
188,3,19,4248.48000734
189,3,20,1317.01545656
190,3,21,6356.68975367
191,3,22,3660.04173839
192,3,23,2431.13132785
193,3,24,8311.26869498
194,3,25,8670.43136921
195,3,26,4946.6985744
196,3,27,16024.79848689
197,3,28,10364.62649467
198,3,29,5074.95565708
199,3,30,10249.13393919
200,3,31,3234.29571045
201,3,32,2853.53118283
202,3,33,4206.11453188
203,3,34,1401.04658323
204,3,35,12693.84398145
205,3,36,6093.18803293
206,3,37,9940.48135667
207,3,38,13864.63542441
208,3,39,7315.69706793
209,3,40,16933.24871445
210,3,41,18048.17235766
211,3,42,15352.66199782
212,3,43,1782.11393379
213,3,44,6944.53923469
214,3,45,1663.42512711
215,3,46,6049.89944267
216,3,47,4299.28850462
217,3,48,10154.79947269
218,3,49,6924.86819577
219,3,50,7780.71400484
220,3,51,9432.30949621
221,3,52,7359.89048042
222,3,53,7972.82455405
223,3,54,7403.22031203
224,3,55,9997.96834192
225,3,56,7010.47129109
226,3,57,5759.84626581
227,3,58,7840.08708292
228,3,59,5586.36409088
229,3,60,6172.7107299
230,3,61,5710.64013294
231,3,62,9007.32230884
232,3,63,8327.61486502
233,3,64,9768.18371774
234,3,65,6980.89018405
235,3,66,6881.06694501
236,3,67,7332.93199544
237,3,68,6030.89343183
238,3,69,3889.66569807
239,3,70,4012.67959874
240,3,71,5737.16028753
241,3,72,5382.85673954
242,3,73,7073.59219378
243,3,74,4766.17204248
244,3,75,8596.52549653
245,3,76,9666.65574432
246,3,77,3094.33180418
247,3,78,3375.23391768
248,3,79,4139.90663809
249,3,80,11091.75338754
250,3,81,8166.17303966
251,3,82,4588.07983312
252,3,83,10023.80912888
253,3,84,3213.22136439
254,3,85,4238.20367195
255,4,1,5313.92572794
256,4,2,10645.23579922
257,4,3,13056.56355429
258,4,4,0.0
259,4,5,1412.72581857
260,4,6,5411.32930629
261,4,7,1513.66906802
262,4,8,9560.18097152
263,4,9,4320.53573485
264,4,10,14325.03870761
265,4,11,2703.34426238
266,4,12,7695.25017158
267,4,13,2922.56243858
268,4,14,17959.4653339
269,4,15,6043.09301326
270,4,16,4841.42592141
271,4,17,15103.75415906
272,4,18,3564.11071487
273,4,19,8863.76417397
274,4,20,11768.90266897
275,4,21,6877.54710604
276,4,22,16690.98101901
277,4,23,12834.63655456
278,4,24,14830.79245991
279,4,25,15120.12808959
280,4,26,12413.75085768
281,4,27,20233.59475577
282,4,28,17240.83783053
283,4,29,13162.37597793
284,4,30,16237.70097442
285,4,31,12596.83732176
286,4,32,11733.47853139
287,4,33,11883.76435394
288,4,34,12201.78363985
289,4,35,17845.10346065
290,4,36,13373.96638033
291,4,37,16308.84051822
292,4,38,18556.34990671
293,4,39,14234.47029242
294,4,40,21632.98028332
295,4,41,22516.65897586
296,4,42,19381.71130311
297,4,43,12766.77903209
298,4,44,13899.64799285
299,4,45,11898.29031189
300,4,46,13620.37761172
301,4,47,13096.00940916
302,4,48,7133.56896762
303,4,49,16260.66330031
304,4,50,11589.20611364
305,4,51,4388.74054514
306,4,52,5699.78874996
307,4,53,18717.58237022
308,4,54,12167.30407229
309,4,55,8234.13430496
310,4,56,12943.67271706
311,4,57,7953.65579114
312,4,58,5405.62534747
313,4,59,8742.43868656
314,4,60,14799.88958534
315,4,61,9450.69356629
316,4,62,10108.52981226
317,4,63,10838.43040943
318,4,64,4958.593827
319,4,65,11109.40547444
320,4,66,6200.20958647
321,4,67,17526.03543894
322,4,68,10292.77375471
323,4,69,16527.33180349
324,4,70,14240.95759365
325,4,71,16871.69542438
326,4,72,11092.6934319
327,4,73,9258.3521494
328,4,74,11955.41281166
329,4,75,18117.18721912
330,4,76,10245.76613296
331,4,77,15895.85883753
332,4,78,15360.65651874
333,4,79,15157.07958297
334,4,80,11184.97553759
335,4,81,9188.98937551
336,4,82,16158.19723279
337,4,83,19071.56923528
338,4,84,16241.95674515
339,4,85,16319.02953813
340,5,1,6461.14730737
341,5,2,9551.35448026
342,5,3,11925.13610458
343,5,4,1412.72581857
344,5,5,0.0
345,5,6,4009.81144727
346,5,7,2868.79550953
347,5,8,8447.34675414
348,5,9,5500.18311022
349,5,10,13177.71598289
350,5,11,1474.65113886
351,5,12,6462.14389966
352,5,13,4173.90056666
353,5,14,16810.05539356
354,5,15,4697.53474341
355,5,16,3430.29214651
356,5,17,13955.75059196
357,5,18,2305.48379749
358,5,19,7690.78479456
359,5,20,10661.02568273
360,5,21,5639.97180567
361,5,22,15528.2714621
362,5,23,11560.08013203
363,5,24,13418.28639602
364,5,25,14691.39420955
365,5,26,11706.6294068
366,5,27,18890.37521882
367,5,28,16851.44521058
368,5,29,11787.5244932
369,5,30,14829.1410362
370,5,31,11284.87700307
371,5,32,10811.85992504
372,5,33,11102.71882758
373,5,34,10998.93007467
374,5,35,16457.61587018
375,5,36,11977.63351509
376,5,37,15939.57097064
377,5,38,17185.05250723
378,5,39,13711.32376874
379,5,40,20283.18588872
380,5,41,21180.61311623
381,5,42,18037.64655271
382,5,43,11526.85157215
383,5,44,12493.49207645
384,5,45,10860.7108694
385,5,46,12994.18059775
386,5,47,11744.19356351
387,5,48,7162.19597958
388,5,49,15584.80547971
389,5,50,11210.98039048
390,5,51,3961.27969937
391,5,52,4637.44115204
392,5,53,17956.79275784
393,5,54,11730.35117162
394,5,55,8228.53153426
395,5,56,12440.14758873
396,5,57,6641.95215872
397,5,58,4551.79851256
398,5,59,7392.8279168
399,5,60,14134.98054071
400,5,61,8073.54093542
401,5,62,9920.73491477
402,5,63,10544.73699599
403,5,64,4780.87655616
404,5,65,9698.30475052
405,5,66,5044.79646546
406,5,67,16799.38886679
407,5,68,8896.57826605
408,5,69,15294.7828553
409,5,70,12910.96595555
410,5,71,16030.14033987
411,5,72,9708.8663144
412,5,73,7848.55102041
413,5,74,10586.83935819
414,5,75,17476.02005874
415,5,76,8870.26285971
416,5,77,14837.74371291
417,5,78,14394.1471079
418,5,79,13840.9490297
419,5,80,9859.05121534
420,5,81,7779.28080033
421,5,82,15254.01766964
422,5,83,18503.32189782
423,5,84,15130.42617388
424,5,85,15042.18591946
425,6,1,10264.23510622
426,6,2,6588.75377058
427,6,3,8705.21111815
428,6,4,5411.32930629
429,6,5,4009.81144727
430,6,6,0.0
431,6,7,6875.67016657
432,6,8,5504.1901601
433,6,9,9359.23934831
434,6,10,9866.55271835
435,6,11,3252.52783689
436,6,12,3224.53307766
437,6,13,8119.64206881
438,6,14,13424.49646605
439,6,15,1126.73272278
440,6,16,948.92216369
441,6,17,10623.92508042
442,6,18,2787.2612752
443,6,19,4574.25584982
444,6,20,7578.36900946
445,6,21,2545.83000456
446,6,22,12120.87396528
447,6,23,7865.26730357
448,6,24,9455.13978984
449,6,25,13602.14599388
450,6,26,9931.30024834
451,6,27,15429.13936214
452,6,28,15786.28053783
453,6,29,7807.37801906
454,6,30,10959.32505813
455,6,31,7475.04882092
456,6,32,8381.55480539
457,6,33,9129.48691157
458,6,34,7562.22144579
459,6,35,12754.19843084
460,6,36,7968.46978114
461,6,37,14970.21740742
462,6,38,13579.86723281
463,6,39,12387.58955417
464,6,40,16776.82001467
465,6,41,17739.21177833
466,6,42,14579.41841971
467,6,43,7947.60809431
468,6,44,8489.59241837
469,6,45,8019.01341707
470,6,46,11392.36560154
471,6,47,7816.80914184
472,6,48,8111.80813333
473,6,49,13703.16181622
474,6,50,10503.1844608
475,6,51,4770.68963267
476,6,52,2898.34187997
477,6,53,15738.616099
478,6,54,10801.86975078
479,6,55,8917.91623839
480,6,56,11255.49537393
481,6,57,2980.18021804
482,6,58,3732.4226516
483,6,59,3522.59308762
484,6,60,12350.25228611
485,6,61,4101.07660769
486,6,62,9896.86365763
487,6,63,10149.90800743
488,6,64,5837.97827762
489,6,65,5719.3619749
490,6,66,2625.21788559
491,6,67,14718.86788677
492,6,68,4887.98330766
493,6,69,11678.33540223
494,6,70,9034.54660412
495,6,71,13617.6893279
496,6,72,5715.86846575
497,6,73,3862.72490652
498,6,74,6623.41854315
499,6,75,15635.16943372
500,6,76,5392.33973078
501,6,77,11773.61989387
502,6,78,11637.4839983
503,6,79,9996.32024759
504,6,80,6691.57311359
505,6,81,3959.79448004
506,6,82,12668.8225086
507,6,83,16851.51809914
508,6,84,11889.93150246
509,6,85,11298.74221813
510,7,1,3893.19000276
511,7,2,12119.48122849
512,7,3,14540.06638111
513,7,4,1513.66906802
514,7,5,2868.79550953
515,7,6,6875.67016657
516,7,7,0.0
517,7,8,11042.58114137
518,7,9,2889.77755211
519,7,10,15812.49750639
520,7,11,3937.52856834
521,7,12,9206.22318298
522,7,13,1462.79160897
523,7,14,19445.42487602
524,7,15,7547.16451695
525,7,16,6245.45731708
526,7,17,16590.88232927
527,7,18,4769.32168496
528,7,19,10363.39553563
529,7,20,13246.128414
530,7,21,8389.43890518
531,7,22,18181.74007128
532,7,23,14347.91920043
533,7,24,16245.7103177
534,7,25,16190.76062709
535,7,26,13690.62035085
536,7,27,21411.96329679
537,7,28,18270.71036117
538,7,29,14654.50411805
539,7,30,17599.8932222
540,7,31,14109.47344321
541,7,32,13132.41015991
542,7,33,13207.17043819
543,7,34,13705.24101235
544,7,35,19129.67832929
545,7,36,14844.1267031
546,7,37,17327.29951542
547,7,38,19798.5624432
548,7,39,15379.32888164
549,7,40,22823.00375567
550,7,41,23677.26140969
551,7,42,20563.17557594
552,7,43,14276.65523576
553,7,44,15349.67056925
554,7,45,13349.02317735
555,7,46,14839.37660594
556,7,47,14600.06554616
557,7,48,7942.57147901
558,7,49,17501.74707158
559,7,50,12646.9371532
560,7,51,5625.66385625
561,7,52,7180.22630742
562,7,53,20006.88559244
563,7,54,13263.51463445
564,7,55,9042.69821768
565,7,56,14082.24542794
566,7,57,9465.62472156
567,7,58,6818.03626108
568,7,59,10246.42647543
569,7,60,16039.11829773
570,7,61,10940.82235791
571,7,62,11034.93114176
572,7,63,11839.47604052
573,7,64,6013.70778205
574,7,65,12540.71489883
575,7,66,7700.85023034
576,7,67,18796.43993643
577,7,68,11763.54982334
578,7,69,18035.18916585
579,7,70,15751.18755046
580,7,71,18213.9269518
581,7,72,12577.52878009
582,7,73,10697.95899081
583,7,74,13451.44817496
584,7,75,19329.19298656
585,7,76,11517.98125665
586,7,77,17349.07625338
587,7,78,16772.86338903
588,7,79,16669.47101175
589,7,80,12356.42648366
590,7,81,10567.96141722
591,7,82,17536.87261657
592,7,83,20229.50606963
593,7,84,17715.84161133
594,7,85,17832.24530229
595,8,1,14863.12099021
596,8,2,1114.63068355
597,8,3,3497.48549717
598,8,4,9560.18097152
599,8,5,8447.34675414
600,8,6,5504.1901601
601,8,7,11042.58114137
602,8,8,0.0
603,8,9,13876.92118184
604,8,10,4772.54135116
605,8,11,8371.2974179
606,8,12,2283.32010427
607,8,13,12481.61732008
608,8,14,8403.18634707
609,8,15,4379.38446227
610,8,16,6443.66761151
611,8,17,5550.09327992
612,8,18,8161.27944525
613,8,19,958.7670727
614,8,20,2214.03044323
615,8,21,2998.94371107
616,8,22,7146.22222436
617,8,23,3921.77481507
618,8,24,8792.32773177
619,8,25,9030.39067857
620,8,26,5005.88099516
621,8,27,16329.34127964
622,8,28,11103.39597798
623,8,29,5708.26711836
624,8,30,10753.65537402
625,8,31,4147.54501235
626,8,32,3008.65728006
627,8,33,4096.44701398
628,8,34,2837.01959573
629,8,35,13105.2755203
630,8,36,6524.09836438
631,8,37,10424.27452304
632,8,38,14199.42959379
633,8,39,7676.9277066
634,8,40,17447.00569217
635,8,41,18535.65749637
636,8,42,15558.34378013
637,8,43,3579.72812795
638,8,44,7393.45991371
639,8,45,2519.19243793
640,8,46,6492.97846459
641,8,47,5165.34125581
642,8,48,7408.16852323
643,8,49,8455.40610585
644,8,50,6770.90800143
645,8,51,6046.793147
646,8,52,3862.42210042
647,8,53,10293.34226182
648,8,54,6733.1155074
649,8,55,7548.32862919
650,8,56,6813.2887901
651,8,57,2849.79463887
652,8,58,4386.82532084
653,8,59,3213.53761177
654,8,60,7225.6742496
655,8,61,3863.94560107
656,8,62,7231.98850727
657,8,63,6912.29888367
658,8,64,6523.06373092
659,8,65,6017.06332684
660,8,66,3406.16535246
661,8,67,9338.98262971
662,8,68,4719.83762101
663,8,69,7148.76923266
664,8,70,5768.55769974
665,8,71,8135.51627717
666,8,72,4628.78940152
667,8,73,5186.16307701
668,8,74,4705.79367062
669,8,75,10363.02167865
670,8,76,8014.92746236
671,8,77,6407.37019616
672,8,78,6140.69973719
673,8,79,6420.71907625
674,8,80,9566.47284355
675,8,81,6234.96263796
676,8,82,7165.96711975
677,8,83,11668.17025107
678,8,84,6686.95487876
679,8,85,7176.55801174
680,9,1,1003.53270725
681,9,2,14964.79380289
682,9,3,17371.56972819
683,9,4,4320.53573485
684,9,5,5500.18311022
685,9,6,9359.23934831
686,9,7,2889.77755211
687,9,8,13876.92118184
688,9,9,0.0
689,9,10,18636.5755748
690,9,11,6157.41738547
691,9,12,11958.12764575
692,9,13,1428.16787453
693,9,14,22271.45793121
694,9,15,10167.26234481
695,9,16,8596.98849976
696,9,17,19415.36699229
697,9,18,6855.24000238
698,9,19,13162.65353012
699,9,20,16087.38338166
700,9,21,11136.23656105
701,9,22,20998.33500489
702,9,23,17057.84741634
703,9,24,18455.4343186
704,9,25,18937.99708352
705,9,26,16561.16970618
706,9,27,22950.42340544
707,9,28,20979.67266235
708,9,29,17159.09568217
709,9,30,19643.89214489
710,9,31,16764.65111185
711,9,32,16020.26745293
712,9,33,16091.3467843
713,9,34,16488.17617485
714,9,35,20952.423075
715,9,36,17252.42257865
716,9,37,20029.81111971
717,9,38,21507.88337103
718,9,39,18180.25974738
719,9,40,24378.47277208
720,9,41,25154.83946858
721,9,42,22116.66422569
722,9,43,17026.23137108
723,9,44,17680.72204901
724,9,45,16216.60300482
725,9,46,17683.63794477
726,9,47,17172.56073416
727,9,48,10554.34158617
728,9,49,20353.68717976
729,9,50,15398.41280643
730,9,51,8501.15574533
731,9,52,10018.94155343
732,9,53,22877.95340199
733,9,54,16038.91133405
734,9,55,11633.48088629
735,9,56,16882.50922935
736,9,57,12130.10156592
737,9,58,9700.67209751
738,9,59,12841.65301912
739,9,60,18891.6638905
740,9,61,13459.89742327
741,9,62,13697.63476919
742,9,63,14554.08220646
743,9,64,8818.61039111
744,9,65,14835.07047757
745,9,66,10501.44706685
746,9,67,21660.61977335
747,9,68,14197.58127254
748,9,69,20793.69408728
749,9,70,18370.23119183
750,9,71,21100.40093287
751,9,72,15060.84260674
752,9,73,13040.26619116
753,9,74,15982.1410751
754,9,75,22164.20572665
755,9,76,13415.72677978
756,9,77,20215.15218897
757,9,78,19658.51258308
758,9,79,19313.9398711
759,9,80,14007.95363921
760,9,81,12744.05162321
761,9,82,20426.64446766
762,9,83,23030.30069768
763,9,84,20561.01837887
764,9,85,20538.15304795
765,10,1,19618.27338124
766,10,2,3728.04971337
767,10,3,1285.55405484
768,10,4,14325.03870761
769,10,5,13177.71598289
770,10,6,9866.55271835
771,10,7,15812.49750639
772,10,8,4772.54135116
773,10,9,18636.5755748
774,10,10,0.0
775,10,11,12966.89886059
776,10,12,6769.93602403
777,10,13,17247.51162319
778,10,14,3634.88307404
779,10,15,8802.41859859
780,10,16,10810.18731979
781,10,17,778.79374879
782,10,18,12640.09045479
783,10,19,5488.50938782
784,10,20,2602.283264
785,10,21,7580.17438871
786,10,22,2375.84767683
787,10,23,2765.57827428
788,10,24,8307.2207744
789,10,25,9069.96332601
790,10,26,5669.07539551
791,10,27,15911.50100522
792,10,28,10569.96009987
793,10,29,5239.35040346
794,10,30,10167.00117498
795,10,31,3592.69661872
796,10,32,3848.47813535
797,10,33,5055.90890122
798,10,34,2330.61436942
799,10,35,12590.22416127
800,10,36,6240.65935482
801,10,37,10253.56505295
802,10,38,13769.68730184
803,10,39,7773.44304428
804,10,40,16731.27366812
805,10,41,17845.11101978
806,10,42,15284.67243745
807,10,43,2259.15916815
808,10,44,7024.61801225
809,10,45,2826.76670489
810,10,46,6554.99630042
811,10,47,4468.96898859
812,10,48,11348.66450637
813,10,49,6933.63303035
814,10,50,8635.31378898
815,10,51,10716.30497783
816,10,52,8632.85440808
817,10,53,7538.36928982
818,10,54,8180.68331259
819,10,55,11136.90003782
820,10,56,7667.65981999
821,10,57,6895.30952874
822,10,58,9125.11779722
823,10,59,6615.10149845
824,10,60,6437.00558122
825,10,61,6609.63279517
826,10,62,10016.2693296
827,10,63,9267.41303375
828,10,64,11039.3746503
829,10,65,7555.17113533
830,10,66,8138.20716661
831,10,67,7090.2425883
832,10,68,6766.73072778
833,10,69,2724.87263082
834,10,70,3800.68026946
835,10,71,5365.78697926
836,10,72,6005.30936168
837,10,73,7915.20692522
838,10,74,5228.53991686
839,10,75,8420.53515817
840,10,76,10355.31339139
841,10,77,2184.95201285
842,10,78,2993.89814852
843,10,79,3610.5779074
844,10,80,11707.68640976
845,10,81,8981.27716248
846,10,82,4193.82437125
847,10,83,9860.47154572
848,10,84,2032.25639334
849,10,85,3277.45865351
850,11,1,7034.88900132
851,11,2,9485.53218854
852,11,3,11756.92037431
853,11,4,2703.34426238
854,11,5,1474.65113886
855,11,6,3252.52783689
856,11,7,3937.52856834
857,11,8,8371.2974179
858,11,9,6157.41738547
859,11,10,12966.89886059
860,11,11,0.0
861,11,12,6200.74843875
862,11,13,5001.34841085
863,11,14,16568.16262962
864,11,15,4194.91428224
865,11,16,2441.2277105
866,11,17,13736.63618537
867,11,18,860.87301553
868,11,19,7519.74600204
869,11,20,10551.96473852
870,11,21,5403.25886318
871,11,22,15269.64647167
872,11,23,11096.38585959
873,11,24,12365.70969956
874,11,25,15396.84623913
875,11,26,12149.34413
876,11,27,17536.46050415
877,11,28,17579.77474116
878,11,29,11012.89077811
879,11,30,13672.52602748
880,11,31,10725.75623819
881,11,32,10993.30160518
882,11,33,11465.16213446
883,11,34,10703.57608398
884,11,35,15196.25362904
885,11,36,11095.54790261
886,11,37,16692.05054812
887,11,38,15881.19845526
888,11,39,14331.99483509
889,11,40,18938.85550631
890,11,41,19816.6292743
891,11,42,16685.09570327
892,11,43,11144.96689017
893,11,44,11537.79031544
894,11,45,10867.06334262
895,11,46,13513.18431765
896,11,47,11057.25641332
897,11,48,8316.35944262
898,11,49,16025.5054563
899,11,50,11996.83068728
900,11,51,4923.40410772
901,11,52,4813.1244187
902,11,53,18281.61922223
903,11,54,12455.81485405
904,11,55,9343.09456521
905,11,56,13093.08835581
906,11,57,6167.95533733
907,11,58,5039.67112631
908,11,59,6774.12964104
909,11,60,14599.94192093
910,11,61,7330.34602817
911,11,62,10882.11936138
912,11,63,11412.60565296
913,11,64,5874.95296906
914,11,65,8699.76349467
915,11,66,5020.80973591
916,11,67,17172.44402514
917,11,68,8041.40144013
918,11,69,14896.82915267
919,11,70,12284.98453546
920,11,71,16265.31741796
921,11,72,8912.33830377
922,11,73,6888.32513525
923,11,74,9848.26280885
924,11,75,17943.3520346
925,11,76,7585.37705196
926,11,77,14767.39520833
927,11,78,14469.30629521
928,11,79,13248.67729256
929,11,80,8484.09855626
930,11,81,6662.27027338
931,11,82,15410.90668589
932,11,83,19044.32173955
933,11,84,14967.62837002
934,11,85,14544.4624107
935,12,1,12923.25622049
936,12,2,3364.67644867
937,12,3,5556.81866301
938,12,4,7695.25017158
939,12,5,6462.14389966
940,12,6,3224.53307766
941,12,7,9206.22318298
942,12,8,2283.32010427
943,12,9,11958.12764575
944,12,10,6769.93602403
945,12,11,6200.74843875
946,12,12,0.0
947,12,13,10602.05075278
948,12,14,10384.58263674
949,12,15,2103.73363817
950,12,16,4167.98686527
951,12,17,7542.46305911
952,12,18,5922.97044311
953,12,19,1351.08993972
954,12,20,4376.13710495
955,12,21,822.17239474
956,12,22,9092.15995978
957,12,23,5155.83198182
958,12,24,8559.57289264
959,12,25,10876.47439096
960,12,26,6987.20447491
961,12,27,15633.4055601
962,12,28,13019.16649544
963,12,29,5989.23273746
964,12,30,10395.80313967
965,12,31,5008.10760488
966,12,32,5223.70085209
967,12,33,6124.39349971
968,12,34,4541.32444024
969,12,35,12575.70389816
970,12,36,6528.1541722
971,12,37,12269.88605642
972,12,38,13582.02612218
973,12,39,9578.7384388
974,12,40,16859.19712938
975,12,41,17909.334699
976,12,42,14819.15801372
977,12,43,5072.41865111
978,12,44,7286.39974772
979,12,45,4794.66904787
980,12,46,8479.3952139
981,12,47,5708.30163951
982,12,48,7313.57552921
983,12,49,10629.42637361
984,12,50,8149.43589308
985,12,51,4939.2763006
986,12,52,2292.80250881
987,12,53,12558.88518293
988,12,54,8286.76345444
989,12,55,7776.14930194
990,12,56,8564.42025882
991,12,57,950.69561259
992,12,58,3207.19353261
993,12,59,1861.06153782
994,12,60,9333.94368504
995,12,61,2793.07817209
996,12,62,8079.67915318
997,12,63,8038.89415299
998,12,64,5725.80080748
999,12,65,5137.16238901
1000,12,66,1596.53048411
1001,12,67,11576.03471211
1002,12,68,3850.34304898
1003,12,69,8837.05286536
1004,12,70,6698.98312738
1005,12,71,10414.15353368
1006,12,72,4230.16433474
1007,12,73,3728.37786347
1008,12,74,4784.0898402
1009,12,75,12553.01676036
1010,12,76,6423.43970131
1011,12,77,8588.66415582
1012,12,78,8413.05970853
1013,12,79,7553.00427328
1014,12,80,7969.50475694
1015,12,81,4598.50524486
1016,12,82,9449.1160231
1017,12,83,13820.32289139
1018,12,84,8766.88058106
1019,12,85,8635.25411923
1020,13,1,2431.66511022
1021,13,2,13564.07299188
1022,13,3,15978.44625126
1023,13,4,2922.56243858
1024,13,5,4173.90056666
1025,13,6,8119.64206881
1026,13,7,1462.79160897
1027,13,8,12481.61732008
1028,13,9,1428.16787453
1029,13,10,17247.51162319
1030,13,11,5001.34841085
1031,13,12,10602.05075278
1032,13,13,0.0
1033,13,14,20881.84133643
1034,13,15,8869.24998139
1035,13,16,7411.48758108
1036,13,17,18026.20980655
1037,13,18,5766.45769216
1038,13,19,11784.57903004
1039,13,20,14688.97033706
1040,13,21,9781.76250229
1041,13,22,19613.50682691
1042,13,23,15725.44593726
1043,13,24,17365.42197457
1044,13,25,17562.40666549
1045,13,26,15137.50766234
1046,13,27,22191.64318237
1047,13,28,19620.67975199
1048,13,29,15926.06268079
1049,13,30,18635.30649672
1050,13,31,15458.73079702
1051,13,32,14595.10679462
1052,13,33,14663.77009643
1053,13,34,15119.50048528
1054,13,35,20052.64333246
1055,13,36,16065.64005234
1056,13,37,18673.20567348
1057,13,38,20663.89462686
1058,13,39,16782.74298424
1059,13,40,23613.44820368
1060,13,41,24428.82171364
1061,13,42,21349.26301461
1062,13,43,15674.31673487
1063,13,44,16531.47244015
1064,13,45,14804.05895827
1065,13,46,16269.3300524
1066,13,47,15906.89241313
1067,13,48,9226.04981676
1068,13,49,18936.77921083
1069,13,50,14019.71704936
1070,13,51,7075.30037387
1071,13,52,8620.06195755
1072,13,53,21454.35711127
1073,13,54,14650.93076721
1074,13,55,10315.74931299
1075,13,56,15484.95053601
1076,13,57,10815.27814835
1077,13,58,8278.96354173
1078,13,59,11560.20945423
1079,13,60,17474.4220921
1080,13,61,12215.09497033
1081,13,62,12353.62321986
1082,13,63,13189.73909602
1083,13,64,7415.20623928
1084,13,65,13698.50878123
1085,13,66,9121.1099613
1086,13,67,20239.35758773
1087,13,68,12993.99621238
1088,13,69,19438.51678949
1089,13,70,17082.92485478
1090,13,71,19672.41674434
1091,13,72,13835.39528983
1092,13,73,11877.0893157
1093,13,74,14735.34114388
1094,13,75,20753.86031123
1095,13,76,12461.6429347
1096,13,77,18803.69068803
1097,13,78,18235.06464739
1098,13,79,18014.77210784
1099,13,80,13172.54595885
1100,13,81,11657.34435249
1101,13,82,18999.20396076
1102,13,83,21633.65519185
1103,13,84,19161.06213042
1104,13,85,19209.21456623
1105,14,1,23252.99687599
1106,14,2,7340.43871273
1107,14,3,4906.16315296
1108,14,4,17959.4653339
1109,14,5,16810.05539356
1110,14,6,13424.49646605
1111,14,7,19445.42487602
1112,14,8,8403.18634707
1113,14,9,22271.45793121
1114,14,10,3634.88307404
1115,14,11,16568.16262962
1116,14,12,10384.58263674
1117,14,13,20881.84133643
1118,14,14,0.0
1119,14,15,12385.30573406
1120,14,16,14359.84183322
1121,14,17,2856.09435046
1122,14,18,16209.12586372
1123,14,19,9119.38054546
1124,14,20,6210.24931563
1125,14,21,11199.82897234
1126,14,22,1304.59944074
1127,14,23,5775.3128685
1128,14,24,9850.51466793
1129,14,25,10453.1394686
1130,14,26,8114.31568361
1131,14,27,16758.76430036
1132,14,28,11338.86087108
1133,14,29,7507.07518272
1134,14,30,11369.70928551
1135,14,31,6448.00687919
1136,14,32,6970.20152555
1137,14,33,7808.95872142
1138,14,34,5867.36041175
1139,14,35,13594.96642052
1140,14,36,8334.97407501
1141,14,37,11326.77118222
1142,14,38,14743.9249146
1143,14,39,9416.13610251
1144,14,40,17310.61059436
1145,14,41,18389.84128524
1146,14,42,16273.06806203
1147,14,43,5524.51070898
1148,14,44,8887.39375943
1149,14,45,6261.39740608
1150,14,46,8442.76541811
1151,14,47,6879.27574351
1152,14,48,14598.3187827
1153,14,49,7587.59655996
1154,14,50,11125.87573915
1155,14,51,14285.8135703
1156,14,52,12265.23759035
1157,14,53,6837.13177136
1158,14,54,10522.45192251
1159,14,55,14238.91165154
1160,14,56,9776.97437748
1161,14,57,10444.31626093
1162,14,58,12731.92634821
1163,14,59,10054.751126
1164,14,60,7799.35288876
1165,14,61,9891.62374728
1166,14,62,12814.71543057
1167,14,63,11926.47720768
1168,14,64,14539.81340219
1169,14,65,10308.82817907
1170,14,66,11772.58974364
1171,14,67,7034.70485869
1172,14,68,9817.37537792
1173,14,69,2346.26112673
1174,14,70,5693.5093872
1175,14,71,5338.44623701
1176,14,72,8934.89762079
1177,14,73,11076.1311341
1178,14,74,7989.08256959
1179,14,75,8356.67996557
1180,14,76,13192.19212818
1181,14,77,2635.8605768
1182,14,78,4034.43895103
1183,14,79,4878.05491716
1184,14,80,14371.17677321
1185,14,81,12070.65458526
1186,14,82,4535.72892722
1187,14,83,9677.30945554
1188,14,84,1852.55792137
1189,14,85,3396.1525189
1190,15,1,11102.35571956
1191,15,2,5468.12974196
1192,15,3,7620.57435109
1193,15,4,6043.09301326
1194,15,5,4697.53474341
1195,15,6,1126.73272278
1196,15,7,7547.16451695
1197,15,8,4379.38446227
1198,15,9,10167.26234481
1199,15,10,8802.41859859
1200,15,11,4194.91428224
1201,15,12,2103.73363817
1202,15,13,8869.24998139
1203,15,14,12385.30573406
1204,15,15,0.0
1205,15,16,2064.83781526
1206,15,17,9566.31085506
1207,15,18,3840.933453
1208,15,19,3454.78837971
1209,15,20,6471.16882554
1210,15,21,1425.43194597
1211,15,22,11084.33268963
1212,15,23,6918.36039389
1213,15,24,9111.4297015
1214,15,25,12578.72301967
1215,15,26,8848.88449268
1216,15,27,15517.46913173
1217,15,28,14755.6303096
1218,15,29,7134.56889906
1219,15,30,10747.24607479
1220,15,31,6597.39639429
1221,15,32,7258.71302327
1222,15,33,8033.04157719
1223,15,34,6517.98090974
1224,15,35,12691.85597635
1225,15,36,7419.81330074
1226,15,37,13955.75431621
1227,15,38,13586.64770784
1228,15,39,11341.09531041
1229,15,40,16828.44380956
1230,15,41,17825.44113408
1231,15,42,14675.82802459
1232,15,43,6950.53480074
1233,15,44,8027.96212158
1234,15,45,6895.91526054
1235,15,46,10319.55774576
1236,15,47,7053.18221743
1237,15,48,7602.60694396
1238,15,49,12597.66629315
1239,15,50,9565.89450619
1240,15,51,4486.13482062
1241,15,52,2140.54734711
1242,15,53,14614.52999942
1243,15,54,9824.10016491
1244,15,55,8313.36969105
1245,15,56,10235.08789673
1246,15,57,1978.67678176
1247,15,58,3121.72426086
1248,15,59,2699.46019837
1249,15,60,11255.86326313
1250,15,61,3441.92881346
1251,15,62,9102.69077304
1252,15,63,9275.60446322
1253,15,64,5499.46696014
1254,15,65,5395.34043233
1255,15,66,1669.56400826
1256,15,67,13600.43952077
1257,15,68,4370.44655177
1258,15,69,10706.42604637
1259,15,70,8213.75618251
1260,15,71,12491.1326808
1261,15,72,5094.40592443
1262,15,73,3585.33111213
1263,15,74,5920.30714435
1264,15,75,14528.79641494
1265,15,76,5654.46912642
1266,15,77,10675.96656603
1267,15,78,10515.78137387
1268,15,79,9148.4172436
1269,15,80,7083.41398965
1270,15,81,3994.60781718
1271,15,82,11542.87363383
1272,15,83,15756.80685276
1273,15,84,10817.9473789
1274,15,85,10385.35697408
1275,16,1,9475.27553591
1276,16,2,7532.64673155
1277,16,3,9653.01743874
1278,16,4,4841.42592141
1279,16,5,3430.29214651
1280,16,6,948.92216369
1281,16,7,6245.45731708
1282,16,8,6443.66761151
1283,16,9,8596.98849976
1284,16,10,10810.18731979
1285,16,11,2441.2277105
1286,16,12,4167.98686527
1287,16,13,7411.48758108
1288,16,14,14359.84183322
1289,16,15,2064.83781526
1290,16,16,0.0
1291,16,17,11565.68653931
1292,16,18,1873.61908884
1293,16,19,5518.73611276
1294,16,20,8526.83523922
1295,16,21,3466.89103862
1296,16,22,13055.69995885
1297,16,23,8769.02162068
1298,16,24,10000.92591324
1299,16,25,14385.57863294
1300,16,26,10785.80668278
1301,16,27,15611.15294319
1302,16,28,16574.87289843
1303,16,29,8573.25098509
1304,16,30,11400.13126626
1305,16,31,8349.06206103
1306,16,32,9296.65635964
1307,16,33,10002.44900227
1308,16,34,8501.54705979
1309,16,35,13070.14169816
1310,16,36,8659.96769079
1311,16,37,15742.31750701
1312,16,38,13836.61872138
1313,16,39,13197.63917155
1314,16,40,16984.12294943
1315,16,41,17914.9544441
1316,16,42,14758.32501828
1317,16,43,8871.11560074
1318,16,44,9122.05251077
1319,16,45,8960.71358916
1320,16,46,12233.51217291
1321,16,47,8632.43576716
1322,16,48,8464.3527586
1323,16,49,14584.82213721
1324,16,50,11208.29796779
1325,16,51,5016.0836773
1326,16,52,3576.86091639
1327,16,53,16654.82265093
1328,16,54,11544.67213723
1329,16,55,9341.4476821
1330,16,56,12039.80280941
1331,16,57,3918.05599274
1332,16,58,4269.88887108
1333,16,59,4402.97389086
1334,16,60,13217.18433694
1335,16,61,4902.48209932
1336,16,62,10475.56633449
1337,16,63,10798.54458007
1338,16,64,6092.20055375
1339,16,65,6298.72195554
1340,16,66,3434.97958997
1341,16,67,15621.96707173
1342,16,68,5600.67394869
1343,16,69,12587.87939174
1344,16,70,9875.30459265
1345,16,71,14544.83233097
1346,16,72,6472.28508379
1347,16,73,4466.54676058
1348,16,74,7414.52245014
1349,16,75,16517.29601705
1350,16,76,5540.91580552
1351,16,77,12722.48306758
1352,16,78,12580.5906267
1353,16,79,10848.50446261
1354,16,80,6690.33671329
1355,16,81,4349.64616497
1356,16,82,13605.09905121
1357,16,83,17716.21457688
1358,16,84,12835.0514018
1359,16,85,12181.5206306
1360,17,1,20397.00002103
1361,17,2,4499.2917503
1362,17,3,2057.32105787
1363,17,4,15103.75415906
1364,17,5,13955.75059196
1365,17,6,10623.92508042
1366,17,7,16590.88232927
1367,17,8,5550.09327992
1368,17,9,19415.36699229
1369,17,10,778.79374879
1370,17,11,13736.63618537
1371,17,12,7542.46305911
1372,17,13,18026.20980655
1373,17,14,2856.09435046
1374,17,15,9566.31085506
1375,17,16,11565.68653931
1376,17,17,0.0
1377,17,18,13401.29152814
1378,17,19,6265.91703032
1379,17,20,3370.80023642
1380,17,21,8354.33872929
1381,17,22,1604.44968944
1382,17,23,3304.68922021
1383,17,24,8529.34203563
1384,17,25,9266.58730024
1385,17,26,6095.87483309
1386,17,27,16025.10247184
1387,17,28,10637.73489212
1388,17,29,5603.20722272
1389,17,30,10326.84099049
1390,17,31,4100.16399003
1391,17,32,4453.69935786
1392,17,33,5562.93901522
1393,17,34,3068.45131385
1394,17,35,12722.6000447
1395,17,36,6575.19977428
1396,17,37,10388.64160504
1397,17,38,13901.94997735
1398,17,39,8018.05719496
1399,17,40,16788.50299511
1400,17,41,17898.72391456
1401,17,42,15427.41190039
1402,17,43,2884.02352967
1403,17,44,7310.17030913
1404,17,45,3530.00338194
1405,17,46,6844.01650846
1406,17,47,4856.73614434
1407,17,48,12027.5559488
1408,17,49,6922.42084454
1409,17,50,9106.27734527
1410,17,51,11478.13924482
1411,17,52,9411.04697559
1412,17,53,7244.08341254
1413,17,54,8609.18652621
1414,17,55,11777.26551243
1415,17,56,8030.37548941
1416,17,57,7648.32027803
1417,17,58,9896.49866793
1418,17,59,7335.34256545
1419,17,60,6587.70325605
1420,17,61,7283.48613736
1421,17,62,10574.7824895
1422,17,63,9786.23848187
1423,17,64,11783.22608762
1424,17,65,8085.01500189
1425,17,66,8916.8105594
1426,17,67,6921.92318323
1427,17,68,7374.42491846
1428,17,69,2186.44753088
1429,17,70,4006.57604458
1430,17,71,5150.69355207
1431,17,72,6572.35156529
1432,17,73,8559.50458423
1433,17,74,5736.76846718
1434,17,75,8276.00158447
1435,17,76,10921.75139287
1436,17,77,1738.75023711
1437,17,78,2884.49832147
1438,17,79,3619.30214911
1439,17,80,12234.55499596
1440,17,81,9609.70850441
1441,17,82,4002.86750238
1442,17,83,9710.06849837
1443,17,84,1326.49973903
1444,17,85,2945.04451481
1445,18,1,7692.82771844
1446,18,2,9267.70488476
1447,18,3,11461.3120533
1448,18,4,3564.11071487
1449,18,5,2305.48379749
1450,18,6,2787.2612752
1451,18,7,4769.32168496
1452,18,8,8161.27944525
1453,18,9,6855.24000238
1454,18,10,12640.09045479
1455,18,11,860.87301553
1456,18,12,5922.97044311
1457,18,13,5766.45769216
1458,18,14,16209.12586372
1459,18,15,3840.933453
1460,18,16,1873.61908884
1461,18,17,13401.29152814
1462,18,18,0.0
1463,18,19,7267.84731038
1464,18,20,10299.07785521
1465,18,21,5162.81309609
1466,18,22,14905.96159026
1467,18,23,10641.25483066
1468,18,24,11610.58789218
1469,18,25,15597.75027187
1470,18,26,12205.92176717
1471,18,27,16679.32439217
1472,18,28,17787.91111182
1473,18,29,10393.8965188
1474,18,30,12873.35461215
1475,18,31,10221.32830832
1476,18,32,10904.22740893
1477,18,33,11478.77471122
1478,18,34,10344.20493418
1479,18,35,14360.70751134
1480,18,36,10422.64786683
1481,18,37,16918.19650369
1482,18,38,15034.12595106
1483,18,39,14484.57985916
1484,18,40,18083.0792863
1485,18,41,18958.01464014
1486,18,42,15828.24098154
1487,18,43,10734.35485963
1488,18,44,10828.24387653
1489,18,45,10677.60553254
1490,18,46,13607.63031808
1491,18,47,10483.1963398
1492,18,48,8846.51855365
1493,18,49,16061.3161788
1494,18,50,12264.30883386
1495,18,51,5387.85355193
1496,18,52,4838.9552808
1497,18,53,18240.50763784
1498,18,54,12682.88735506
1499,18,55,9839.41170248
1500,18,56,13271.68796724
1501,18,57,5765.80472017
1502,18,58,5234.94477443
1503,18,59,6276.57826755
1504,18,60,14656.35177871
1505,18,61,6755.19667835
1506,18,62,11268.04459248
1507,18,63,11735.37383327
1508,18,64,6395.10548685
1509,18,65,7980.86580063
1510,18,66,4920.8968883
1511,18,67,17163.55871657
1512,18,68,7399.03951667
1513,18,69,14458.84383035
1514,18,70,11736.79905614
1515,18,71,16178.11364078
1516,18,72,8294.10515329
1517,18,73,6200.94323502
1518,18,74,9254.12288464
1519,18,75,17988.71967497
1520,18,76,6749.11856323
1521,18,77,14510.62863428
1522,18,78,14296.82349298
1523,18,79,12714.03912157
1524,18,80,7625.38321282
1525,18,81,5898.12634263
1526,18,82,15281.45113798
1527,18,83,19131.51165992
1528,18,84,14658.14888867
1529,18,85,14054.59881628
1530,19,1,14139.42815529
1531,19,2,2014.60637797
1532,19,3,4248.48000734
1533,19,4,8863.76417397
1534,19,5,7690.78479456
1535,19,6,4574.25584982
1536,19,7,10363.39553563
1537,19,8,958.7670727
1538,19,9,13162.65353012
1539,19,10,5488.50938782
1540,19,11,7519.74600204
1541,19,12,1351.08993972
1542,19,13,11784.57903004
1543,19,14,9119.38054546
1544,19,15,3454.78837971
1545,19,16,5518.73611276
1546,19,17,6265.91703032
1547,19,18,7267.84731038
1548,19,19,0.0
1549,19,20,3035.07964482
1550,19,21,2117.15263925
1551,19,22,7838.42483922
1552,19,23,4183.57036747
1553,19,24,8453.3798659
1554,19,25,9873.995043
1555,19,26,5886.14177984
1556,19,27,15843.05921459
1557,19,28,11974.47919413
1558,19,29,5545.2364572
1559,19,30,10378.3031155
1560,19,31,4220.20834883
1561,19,32,3959.85314883
1562,19,33,4989.58960839
1563,19,34,3347.52273398
1564,19,35,12673.47502835
1565,19,36,6256.30509641
1566,19,37,11270.28421338
1567,19,38,13737.53691397
1568,19,39,8537.26633617
1569,19,40,17004.2745525
1570,19,41,18080.14723429
1571,19,42,15054.00963324
1572,19,43,3978.57750394
1573,19,44,7091.44606851
1574,19,45,3447.87091798
1575,19,46,7380.04079712
1576,19,47,5109.73705431
1577,19,48,7454.53778283
1578,19,49,9401.86092292
1579,19,50,7424.86224701
1580,19,51,5649.70160698
1581,19,52,3225.94670365
1582,19,53,11251.32309317
1583,19,54,7457.27325271
1584,19,55,7731.61733555
1585,19,56,7615.02325163
1586,19,57,1901.40659755
1587,19,58,3921.18235051
1588,19,59,2372.61986744
1589,19,60,8153.5807533
1590,19,61,3130.66434906
1591,19,62,7671.1496162
1592,19,63,7464.15704416
1593,19,64,6262.67368131
1594,19,65,5402.19953836
1595,19,66,2663.56554893
1596,19,67,10296.88928423
1597,19,68,4080.52707942
1598,19,69,7693.33189492
1599,19,70,5908.37663783
1600,19,71,9089.29838346
1601,19,72,4157.29441107
1602,19,73,4376.41363563
1603,19,74,4431.01820796
1604,19,75,11313.65383372
1605,19,76,7194.05392135
1606,19,77,7251.14504994
1607,19,78,7063.5224866
1608,19,79,6668.47282265
1609,19,80,8750.8643472
1610,19,81,5389.50869378
1611,19,82,8108.79005641
1612,19,83,12610.71943094
1613,19,84,7461.52973507
1614,19,85,7597.78703365
1615,20,1,17074.91229989
1616,20,2,1130.19642239
1617,20,3,1317.01545656
1618,20,4,11768.90266897
1619,20,5,10661.02568273
1620,20,6,7578.36900946
1621,20,7,13246.128414
1622,20,8,2214.03044323
1623,20,9,16087.38338166
1624,20,10,2602.283264
1625,20,11,10551.96473852
1626,20,12,4376.13710495
1627,20,13,14688.97033706
1628,20,14,6210.24931563
1629,20,15,6471.16882554
1630,20,16,8526.83523922
1631,20,17,3370.80023642
1632,20,18,10299.07785521
1633,20,19,3035.07964482
1634,20,20,0.0
1635,20,21,5151.66397109
1636,20,22,4974.90169892
1637,20,23,2783.41980498
1638,20,24,8556.87959249
1639,20,25,8407.62595416
1640,20,26,4438.85022008
1641,20,27,16283.978665
1642,20,28,10278.36346363
1643,20,29,5276.57065714
1644,20,30,10534.85009213
1645,20,31,3410.79234144
1646,20,32,2139.73818366
1647,20,33,3576.24493936
1648,20,34,1390.02885267
1649,20,35,12970.22084495
1650,20,36,6258.37508551
1651,20,37,9746.90631546
1652,20,38,14121.51698819
1653,20,39,7023.14591037
1654,20,40,17274.9039932
1655,20,41,18385.06645573
1656,20,42,15571.07100931
1657,20,43,2183.48557816
1658,20,44,7144.95061072
1659,20,45,879.33660393
1660,20,46,5749.61625594
1661,20,47,4552.26053198
1662,20,48,8941.30293991
1663,20,49,7121.60582028
